IRNSS-1A----------------
1 39199U 13034A   21278.05466074  .00000117  00000-0  00000-0 0  9993
2 39199  31.8631  89.3019 0020591 178.1183 181.2769  1.00269725 30156
IRNSS-1B----------------
1 39635U 14017A   21278.05466074  .00000090  00000-0  00000-0 0  9990
2 39635  29.2676 269.3548 0020768 190.2897 349.0692  1.00276507 27589
IRNSS-1C----------------
1 40269U 14061A   21278.39310088 -.00000162  00000-0  00000-0 0  9995
2 40269   2.4623 141.7651 0020369   6.7515  90.3472  1.00273466 25482
IRNSS-1D----------------
1 40547U 15018A   21278.39877006 -.00000292  00000-0  00000-0 0  9999
2 40547  29.1009 269.4061 0018810 189.9548 170.2017  1.00268328 23792
IRNSS-1E----------------
1 41241U 16003A   21278.39877006 -.00000269  00000-0  00000-0 0  9990
2 41241  29.4117  88.6107 0021757 175.7116   5.3414  1.00270085 20875
IRNSS-1F----------------
1 41384U 16015A   21278.35396316  .00000158  00000-0  00000-0 0  9993
2 41384   1.9678 178.0607 0017697 183.8527 172.2987  1.00267661 20452
IRNSS-1G----------------
1 41469U 16027A   21278.44285461 -.00000336  00000-0  00000-0 0  9997
2 41469   1.9321 181.5595 0003306 316.3857 165.3384  1.00272645 19974
IRNSS-1I----------------
1 43286U 18035A   21278.10030958  .00000123  00000-0  00000-0 0  9992
2 43286  29.3129 101.5315 0020247 178.8557 184.9569  1.00277899 12876
