IRNSS-1A                
1 39199U 13034A   19198.82725080  .00000064  00000-0  00000+0 0  9991
2 39199  30.1840 102.2143 0018550 178.9242   7.0787  1.00277819 22316
IRNSS-1B                
1 39635U 14017A   19202.78938013  .00000092  00000-0  00000-0 0  9993
2 39635  29.2451 282.6311 0021514 186.6524 169.1906  1.00274684 19294
IRNSS-1C                
1 40269U 14061A   19203.06834976 -.00000163  00000-0  00000+0 0  9991
2 40269   1.9276 205.4138 0019178   7.6654 193.9917  1.00275095 17539
IRNSS-1D                
1 40547U 15018A   19202.63521639 -.00000289  00000-0  00000-0 0  9994
2 40547  29.1537 282.7341 0022268 184.8895 171.8972  1.00278332 15691
IRNSS-1E                
1 41241U 16003A   19202.64334262 -.00000302  00000-0  00000+0 0  9991
2 41241  29.3398 101.7239 0018647 184.8204 355.9518  1.00270712 12902
IRNSS-1F                
1 41384U 16015A   19202.84293215  .00000157  00000-0  00000-0 0  9994
2 41384   2.6626 238.3970 0020556 189.5884 207.2224  1.00270179 12400
IRNSS-1G                
1 41469U 16027A   19202.86380104 -.00000336  00000-0  00000+0 0  9996
2 41469   2.7076 240.7807 0006069 208.8613 290.0958  1.00277168 11899
IRNSS-1I                
1 43286U 18035A   19202.84729394  .00000091  00000-0  00000-0 0  9990
2 43286  29.3131 115.0659 0018346 184.7142 359.5455  1.00275321  4786
