BEIDOU G1               
1 36287U 10001A   19083.06687859 -.00000307  00000-0  00000+0 0  9998
2 36287   1.4434 352.1520 0001491 173.0598 179.9844  1.00276207 33676
BEIDOU G3               
1 36590U 10024A   19082.68046294 -.00000162  00000-0  00000+0 0  9998
2 36590   1.5603  35.9692 0001632  20.5792  89.2810  1.00271736 32281
BEIDOU IGSO 1           
1 36828U 10036A   19082.86461362 -.00000162  00000-0  10000-3 0  9997
2 36828  54.1503 187.2537 0077739 232.7303 190.4181  1.00290658 31721
BEIDOU G4               
1 37210U 10057A   19083.48613132 -.00000134  00000-0  00000+0 0  9993
2 37210   0.9917  54.8969 0003307 192.6734 269.1018  1.00272557 30792
BEIDOU IGSO 2           
1 37256U 10068A   19083.18719836 -.00000210  00000-0  10000-3 0  9990
2 37256  52.2100 303.6682 0064344 203.5917 218.4060  1.00297631 30318
BEIDOU IGSO 3           
1 37384U 11013A   19082.85292833 -.00000176  00000-0  10000-3 0  9990
2 37384  58.6657  66.2264 0040295 209.3955 332.3402  1.00280137 29182
BEIDOU IGSO 4           
1 37763U 11038A   19082.93403963 -.00000104  00000-0  10000-3 0  9996
2 37763  54.4413 189.6623 0059110 221.6923 201.4940  1.00265335 28156
BEIDOU IGSO 5           
1 37948U 11073A   19082.91422749 -.00000153  00000-0  10000-3 0  9995
2 37948  52.2879 303.2188 0055939 207.7311  95.2239  1.00273180 26902
BEIDOU G5               
1 38091U 12008A   19083.17879929  .00000034  00000-0  00000+0 0  9991
2 38091   1.9568  68.6912 0005447 296.8130 298.9938  1.00275833 25984
BEIDOU M3               
1 38250U 12018A   19083.56418771 -.00000086  00000-0  10000-3 0  9999
2 38250  56.5959  32.6112 0022810 241.8536 235.8214  1.86233014 47099
BEIDOU M4               
1 38251U 12018B   19082.53184498 -.00000087  00000-0  10000-3 0  9993
2 38251  56.5285  32.0408 0027212 236.3254 336.9559  1.86233715 47072
BEIDOU M6               
1 38775U 12050B   19082.89210782  .00000004  00000-0  00000+0 0  9998
2 38775  54.9345 151.5307 0022510 245.0666  47.5430  1.86232249 44450
BEIDOU G6               
1 38953U 12059A   19083.04018145 -.00000198  00000-0  00000+0 0  9997
2 38953   1.6867  83.1278 0006562 226.0421 330.5183  1.00273669 23555
BEIDOU I1-S             
1 40549U 15019A   19082.64111829 -.00000180  00000-0  00000-0 0  9990
2 40549  53.6776 326.3950 0037208 188.5731 353.2792  1.00271736 14585
BEIDOU-3 M1             
1 40748U 15037A   19083.30768675 -.00000089  00000-0  00000+0 0  9999
2 40748  55.8020  31.5902 0009377 284.8573 356.1050  1.86231333 24914
BEIDOU-3 M2             
1 40749U 15037B   19082.50049446 -.00000089  00000-0  00000-0 0  9990
2 40749  55.8045  31.6075 0008018 303.0349 272.4909  1.86234495 24892
BEIDOU I2-S             
1 40938U 15053A   19083.04236235 -.00000133  00000-0  00000+0 0  9991
2 40938  53.2824 289.3622 0047418 179.8463 183.2211  1.00284142 12872
BEIDOU M3-S             
1 41315U 16006A   19082.85665613  .00000004  00000-0  00000+0 0  9990
2 41315  55.1159 151.8674 0003419 249.2810 219.3485  1.86232062 21383
BEIDOU IGSO 6           
1 41434U 16021A   19083.40186147 -.00000140  00000-0  00000+0 0  9993
2 41434  56.4159  65.3566 0033514 202.2857 154.8134  1.00266759 10992
BEIDOU G7               
1 41586U 16037A   19083.53118299 -.00000376  00000-0  00000+0 0  9996
2 41586   0.7971  30.6246 0010029  10.4696  82.2924  1.00266753 10298
BEIDOU-3 M1             
1 43001U 17069A   19083.37282510 -.00000002  00000-0  00000+0 0  9992
2 43001  55.0882 151.3580 0010553 281.4252 105.6122  1.86231865  9409
BEIDOU-3 M2             
1 43002U 17069B   19082.82612024  .00000005  00000-0  00000+0 0  9991
2 43002  55.0870 151.4113 0009637 301.4326 123.4980  1.86231571  9387
BEIDOU-3 M3             
1 43107U 18003A   19082.84170941 -.00000088  00000-0  00000+0 0  9997
2 43107  55.2218  33.0656 0004724   3.2462 237.8744  1.86232830  8148
BEIDOU-3 M4             
1 43108U 18003B   19082.77090329 -.00000088  00000-0  00000+0 0  9991
2 43108  55.2157  33.0625 0004327 256.3364 342.3810  1.86232870  8148
BEIDOU-3 M5             
1 43207U 18018A   19082.32588861  .00000010  00000-0  00000-0 0  9996
2 43207  55.0482 151.5460 0007005 319.1682  40.8522  1.86231736  7528
BEIDOU-3 M6             
1 43208U 18018B   19082.92960541  .00000003  00000-0  00000+0 0  9993
2 43208  55.0471 151.5316 0008813 292.2193  67.7586  1.86231861  7531
BEIDOU-3 M7             
1 43245U 18029A   19083.45842817 -.00000091  00000-0  00000+0 0  9998
2 43245  55.1860  30.8697 0002426 301.1437 263.2878  1.86232856  6699
BEIDOU-3 M8             
1 43246U 18029B   19082.76965317 -.00000090  00000-0  10000-3 0  9997
2 43246  55.1832  30.9265 0006104 321.5870 186.5620  1.86232766  6675
BEIDOU IGSO-7           
1 43539U 18057A   19082.86429826 -.00000150  00000-0  00000+0 0  9996
2 43539  55.0400 186.4087 0022135 183.8397 232.8481  1.00254353  2661
BEIDOU-3 M9             
1 43581U 18062A   19083.31299464 -.00000007  00000-0  00000+0 0  9994
2 43581  54.8294 272.6420 0001216 269.8441  92.0756  1.86231640  4433
BEIDOU-3 M10            
1 43582U 18062B   19083.46881615 -.00000006  00000-0  00000+0 0  9995
2 43582  54.8289 272.6248 0004788   9.3745 187.4561  1.86232024  4437
BEIDOU-3 M11            
1 43602U 18067A   19082.60175226 -.00000008  00000-0  00000+0 0  9994
2 43602  54.8956 271.1746 0005815 354.3272  24.8646  1.86231610  3918
BEIDOU-3 M12            
1 43603U 18067B   19083.26712753 -.00000005  00000-0  00000+0 0  9997
2 43603  54.8891 271.1211 0003231 349.6983  26.2641  1.86231459  3945
BEIDOU-3 M13            
1 43622U 18072A   19082.71183378  .00000006  00000-0  00000+0 0  9998
2 43622  55.0093 151.1319 0007050 278.0296 115.8151  1.86231658  3441
BEIDOU-3 M14            
1 43623U 18072B   19082.66769031  .00000006  00000-0  00000+0 0  9999
2 43623  55.0106 151.1248 0005658 301.5647 152.8034  1.86231710  3442
BEIDOU-3 M15            
1 43647U 18078A   19082.56273514 -.00000090  00000-0  10000-3 0  9995
2 43647  55.0784  31.1630 0008401 326.7342 312.4771  1.86232962  2959
BEIDOU-3 M16            
1 43648U 18078B   19083.52060862 -.00000091  00000-0  10000-3 0  9994
2 43648  55.0731  31.1389 0006172 333.0117 138.2108  1.86232184  2984
BEIDOU-3 G1             
1 43683U 18085A   19082.90868847 -.00000272  00000-0  00000-0 0  9998
2 43683   2.7741 271.2909 0001434  72.0066 309.4143  1.00268693  1572
BEIDOU-3 M17            
1 43706U 18093A   19082.75732057 -.00000009  00000-0  00000-0 0  9997
2 43706  54.9087 272.4608 0007542 259.7945 314.7106  1.86231642  2314
BEIDOU-3 M18            
1 43707U 18093B   19082.78400270 -.00000009  00000-0  00000+0 0  9999
2 43707  54.9103 272.4499 0006687 288.8491  33.6856  1.86231841  2310
