 direc: array([[ 1.00000000e+00,  0.00000000e+00,  0.00000000e+00, ...,
         0.00000000e+00,  0.00000000e+00,  0.00000000e+00],
       [ 0.00000000e+00,  1.00000000e+00,  0.00000000e+00, ...,
         0.00000000e+00,  0.00000000e+00,  0.00000000e+00],
       [ 0.00000000e+00,  0.00000000e+00,  1.00000000e+00, ...,
         0.00000000e+00,  0.00000000e+00,  0.00000000e+00],
       ...,
       [ 0.00000000e+00,  0.00000000e+00,  0.00000000e+00, ...,
         1.00000000e+00,  0.00000000e+00,  0.00000000e+00],
       [ 0.00000000e+00,  0.00000000e+00,  0.00000000e+00, ...,
         0.00000000e+00,  1.00000000e+00,  0.00000000e+00],
       [ 9.46974605e+01,  6.19781186e+02, -4.28318821e+02, ...,
        -6.25237381e+03, -3.41638126e-01,  1.26844604e+00]])
     fun: 7764.859411437742
 message: 'Optimization terminated successfully.'
    nfev: 7644
     nit: 9
  status: 0
 success: True
       x: array([-3.56593685e+02,  1.97587165e+03, -1.90252767e+02,  3.94912039e+00,
       -1.88602315e+01,  1.13036795e+00,  1.10243951e+01,  1.32679894e+00,
        1.00056136e+00,  2.51560947e-01,  9.99820423e-01, -5.48029203e-01,
        8.62122512e-01,  8.50006942e+01,  8.50006942e+01,  6.39660044e-01,
        9.63038443e-01,  8.50006942e+01,  8.50006942e+01,  8.50006942e+01,
        9.17387134e-01,  2.84763586e+01,  8.50006942e+01,  8.50006942e+01,
        8.50006942e+01,  6.07488961e+00,  9.89053971e-01,  7.48947592e-01,
        8.50006942e+01,  8.50006942e+01,  8.50006942e+01,  3.08178387e-01,
        1.00050044e+00,  8.50006942e+01,  6.24549312e+03,  8.12841860e-01,
        1.00019229e+00,  3.01676923e-01,  1.07529183e+00,  1.61284860e+03,
        8.50006942e+01,  8.50006942e+01,  8.50006942e+01,  8.50006942e+01,
        9.91978419e-01,  1.00000291e+00,  8.50006942e+01,  8.50006942e+01,
        8.50006942e+01,  8.50006942e+01,  8.50006942e+01,  8.50006942e+01,
        8.50006942e+01,  8.50006942e+01,  8.50006942e+01,  8.50006942e+01,
        8.50006942e+01,  8.50006942e+01,  8.50006942e+01,  8.50006942e+01,
        8.50006942e+01,  8.50006942e+01,  8.50006942e+01,  8.50006942e+01,
        8.50006942e+01,  1.44432709e+00,  4.51379847e-01,  1.00192659e+00,
       -1.38728426e+03,  2.51799023e+00,  4.48228107e+00])