BEIDOU 3                
1 36287U 10001A   19112.91517086 -.00000302  00000-0  00000-0 0  9995
2 36287   1.4303 353.1231 0002021 154.7675 172.1747  1.00266430 33970
BEIDOU 4                
1 36590U 10024A   19112.75954201 -.00000150  00000-0  00000+0 0  9993
2 36590   1.5948  37.7530 0003178  46.7063 119.0656  1.00270865 32587
BEIDOU 5                
1 36828U 10036A   19112.85392538 -.00000132  00000-0  10000-3 0  9995
2 36828  54.1461 186.9661 0079427 233.1248 217.3014  1.00281097 32022
BEIDOU 6                
1 37210U 10057A   19112.91918370 -.00000128  00000-0  00000-0 0  9990
2 37210   0.7379  39.5210 0000897 236.1425  65.9409  1.00270505 31083
BEIDOU 7                
1 37256U 10068A   19113.26085227 -.00000218  00000-0  10000-3 0  9991
2 37256  52.1630 303.3114 0064960 203.3296 277.0917  1.00287945 30616
BEIDOU 8                
1 37384U 11013A   19113.57855490 -.00000191  00000-0  10000-3 0  9995
2 37384  58.7060  65.9110 0039924 209.4857 264.1048  1.00271452 29498
BEIDOU 9                
1 37763U 11038A   19113.49290552 -.00000073  00000-0  10000-3 0  9995
2 37763  54.4367 189.3743 0060791 222.7397  70.7469  1.00259169 28452
BEIDOU 10               
1 37948U 11073A   19113.03947749 -.00000158  00000-0  10000-3 0  9990
2 37948  52.2460 302.8652 0056478 207.1558 170.3106  1.00266404 27219
BEIDOU 11               
1 38091U 12008A   19113.18611287  .00000041  00000-0  00000+0 0  9995
2 38091   2.0211  69.0861 0005368 307.1534 320.4386  1.00275584 26280
BEIDOU 12               
1 38250U 12018A   19113.21886992 -.00000101  00000-0  10000-3 0  9997
2 38250  56.6076  31.6255 0021602 241.8012 317.9202  1.86233021 47642
BEIDOU 13               
1 38251U 12018B   19112.69459495 -.00000101  00000-0  10000-3 0  9993
2 38251  56.5410  31.0369 0026275 236.4482  39.5971  1.86233756 47630
BEIDOU 15               
1 38775U 12050B   19112.64465950  .00000017  00000-0  00000-0 0  9999
2 38775  54.9391 150.5271 0023453 247.4288 192.9776  1.86232278 45016
BEIDOU 16               
1 38953U 12059A   19112.95129477 -.00000189  00000-0  00000-0 0  9992
2 38953   1.7529  83.0952 0005460 232.9879 321.0344  1.00268449 23855
BEIDOU 17               
1 40549U 15019A   19113.54979971 -.00000176  00000-0  00000+0 0  9998
2 40549  53.6328 326.0403 0037521 187.5133 351.4074  1.00264884 14894
BEIDOU 18               
1 40748U 15037A   19113.15127134 -.00000104  00000-0  00000+0 0  9993
2 40748  55.8132  30.5805 0008146 289.2284 200.2877  1.86231276 25474
BEIDOU 19               
1 40749U 15037B   19112.94808149 -.00000103  00000-0  00000+0 0  9991
2 40749  55.8146  30.5763 0007161 311.6280 157.7583  1.86234449 25469
BEIDOU 20               
1 40938U 15053A   19113.04317068 -.00000149  00000-0  00000+0 0  9996
2 40938  53.2412 289.0196 0048159 179.8573 214.0208  1.00277452 13172
BEIDOU 21               
1 41315U 16006A   19112.91775939  .00000015  00000-0  00000+0 0  9996
2 41315  55.1218 150.8573 0004040 255.5733 207.6896  1.86232041 21946
BEIDOU IGSO-6           
1 41434U 16021A   19112.96513719 -.00000150  00000-0  00000-0 0  9998
2 41434  56.4582  65.0392 0033033 202.2299  25.8355  1.00260987 11295
BEIDOU-2 G7             
1 41586U 16037A   19113.54354841 -.00000369  00000-0  00000+0 0  9998
2 41586   0.8264  34.5059 0009351  10.2261 112.7522  1.00275304 10599
BEIDOU-3 M1             
1 43001U 17069A   19112.54477343  .00000019  00000-0  00000+0 0  9991
2 43001  55.0953 150.3769 0011586 282.1217 223.3920  1.86231888  9940
BEIDOU-3 M2             
1 43002U 17069B   19113.33243947  .00000012  00000-0  00000+0 0  9994
2 43002  55.0954 150.3865 0010805 299.8795  58.1341  1.86231605  9946
BEIDOU-3 M3             
1 43107U 18003A   19112.42727241 -.00000103  00000-0  00000+0 0  9994
2 43107  55.2325  32.0493 0005064  10.9263 265.9689  1.86232814  8699
BEIDOU-3 M4             
1 43108U 18003B   19112.89770204 -.00000103  00000-0  00000+0 0  9993
2 43108  55.2274  32.0280 0003612 256.5533  20.8078  1.86232793  8700
BEIDOU-3 M5             
1 43207U 18018A   19113.46891078  .00000012  00000-0  00000+0 0  9994
2 43207  55.0537 150.4980 0008200 315.0075  44.9904  1.86231749  8101
BEIDOU-3 M6             
1 43208U 18018B   19112.46176696  .00000019  00000-0  00000+0 0  9993
2 43208  55.0539 150.5379 0010021 291.7070  68.2549  1.86231855  8085
BEIDOU-3 M7             
1 43245U 18029A   19113.54557867 -.00000106  00000-0  00000+0 0  9997
2 43245  55.1996  29.8363 0001973 313.1612 263.3408  1.86232832  7258
BEIDOU-3 M8             
1 43246U 18029B   19112.39095249 -.00000104  00000-0  10000-3 0  9994
2 43246  55.1939  29.9097 0005751 327.7497 240.1554  1.86232725  7224
BEIDOU IGSO-7           
1 43539U 18057A   19112.85376322 -.00000121  00000-0  00000-0 0  9990
2 43539  55.0343 186.1289 0023403 197.5411 245.0590  1.00294753  2964
BEIDOU-3 M9             
1 43581U 18062A   19112.83979904 -.00000022  00000-0  00000+0 0  9995
2 43581  54.8155 271.6271 0001536 239.2293 119.0606  1.86231647  4973
BEIDOU-3 M10            
1 43582U 18062B   19113.07904035 -.00000020  00000-0  00000+0 0  9994
2 43582  54.8122 271.6070 0004188  12.2285 236.9280  1.86231938  4982
BEIDOU-3 M11            
1 43602U 18067A   19112.63854584 -.00000022  00000-0  00000+0 0  9998
2 43602  54.8788 270.1438 0005516 353.8614   3.6148  1.86231616  4469
BEIDOU-3 M12            
1 43603U 18067B   19113.08379226 -.00000019  00000-0  00000+0 0  9990
2 43603  54.8721 270.0991 0002887 346.3031 220.3459  1.86231458  4498
BEIDOU-3 M13            
1 43622U 18072A   19112.85425361  .00000016  00000-0  00000+0 0  9999
2 43622  55.0152 150.1182 0007985 280.1273 162.8395  1.86231711  4005
BEIDOU-3 M14            
1 43623U 18072B   19113.14237001  .00000014  00000-0  00000+0 0  9993
2 43623  55.0168 150.0978 0006832 298.8648  67.3964  1.86231777  4011
BEIDOU-3 M15            
1 43647U 18078A   19112.62567412 -.00000105  00000-0  10000-3 0  9996
2 43647  55.0878  30.1262 0008094 333.3295 301.7279  1.86232698  3515
BEIDOU-3 M16            
1 43648U 18078B   19112.67879998 -.00000105  00000-0  10000-3 0  9997
2 43648  55.0839  30.1335 0005866 340.9783 239.4617  1.86232221  3520
BEIDOU-3 G1             
1 43683U 18085A   19113.27188015 -.00000263  00000-0  00000+0 0  9994
2 43683   2.7053 270.5640 0001222 107.1485  75.6732  1.00268347  1877
BEIDOU-3 M17            
1 43706U 18093A   19112.60466926 -.00000023  00000-0  00000+0 0  9999
2 43706  54.8932 271.4376 0007602 255.3754 170.3981  1.86231601  2873
BEIDOU-3 M18            
1 43707U 18093B   19112.90628837 -.00000021  00000-0  00000-0 0  9993
2 43707  54.8918 271.4158 0006593 284.1110  74.0481  1.86231809  2875
BEIDOU-3 IGSO-1         
1 44204U 19023A   19110.85909737 -.00001292  13514-5  00000+0 0  9992
2 44204  28.4727  65.8375 7303417 179.7932 189.7510  2.28217424    06
