IRNSS-1A----------------
1 39199U 13034A   21277.06090788  .00000116  00000-0  00000+0 0  9996
2 39199  31.8609  89.3172 0020552 178.0914 182.5714  1.00269421 30437
IRNSS-1B----------------
1 39635U 14017A   21276.55465836  .00000097  00000-0  00000-0 0  9995
2 39635  29.2706 269.3793 0020817 190.3074 167.5289  1.00276035 27567
IRNSS-1C----------------
1 40269U 14061A   21276.88570034 -.00000163  00000-0  00000-0 0  9997
2 40269   2.4597 141.8542 0020429   6.4795 266.3698  1.00273715 25466
IRNSS-1D----------------
1 40547U 15018A   21276.92386385 -.00000286  00000-0  00000-0 0  9994
2 40547  29.1039 269.4303 0018847 189.9921 357.7436  1.00269057 23774
IRNSS-1E----------------
1 41241U 16003A   21276.89154396 -.00000270  00000-0  00000+0 0  9994
2 41241  29.4083  88.6345 0021701 175.6297 181.3272  1.00270833 20978
IRNSS-1F----------------
1 41384U 16015A   21276.84007800  .00000157  00000-0  00000-0 0  9991
2 41384   1.9672 178.1967 0017682 183.8849 345.6631  1.00266960 20449
IRNSS-1G----------------
1 41469U 16027A   21276.96681321 -.00000337  00000-0  00000+0 0  9997
2 41469   1.9317 181.6936 0003348 315.5596 353.1934  1.00273429 19953
IRNSS-1I----------------
1 43286U 18035A   21276.67059581  .00000120  00000-0  00000-0 0  9992
2 43286  29.3096 101.5554 0020217 178.6542  29.0034  1.00277593 12858
