TDRS-3------------------
1 19548U 88091B   21286.86629250 -.00000310  00000-0  00000-0 0  9995
2 19548  13.8877 353.2867 0035345 323.3216 329.0085  1.00276831108269
FLTSATCOM-8-(USA-46)----
1 20253U 89077A   21286.90732515 -.00000091  00000-0  00000-0 0  9995
2 20253  12.9286   1.9155 0004557 140.8192 278.5057  1.00273333243497
SKYNET-4C---------------
1 20776U 90079A   21286.85252637  .00000115  00000-0  00000-0 0  9991
2 20776  13.8736   1.9470 0003319 211.3871 150.0748  1.00278186113779
TDRS-5------------------
1 21639U 91054B   21286.67210339  .00000073  00000-0  00000-0 0  9990
2 21639  14.2518   6.6156 0021057 359.6516  90.6011  1.00266146110597
TDRS-6------------------
1 22314U 93003B   21286.86943101 -.00000305  00000-0  00000-0 0  9997
2 22314  14.1116   9.8230 0007818 120.2067 159.6895  1.00276420105283
UFO-2-(USA-95)----------
1 22787U 93056A   21286.89632632  .00000115  00000-0  00000-0 0  9994
2 22787  11.4087  12.4870 0007480 194.6002 167.0839  1.00283174101431
USA-99-(MILSTAR-1-1)----
1 22988U 94009A   21286.82784365 -.00000205  00000-0  00000-0 0  9991
2 22988  14.9467  45.7395 0003510 148.6620  36.2556  1.00273413 15847
ASTRA-1D----------------
1 23331U 94070A   21286.80257593 -.00000280  00000-0  00000-0 0  9991
2 23331   9.7678  39.3535 0003632 163.9906  35.1852  1.00274529 99166
USA-107-(DSP-17)--------
1 23435U 94084A   21286.42900144 -.00000176  00000-0  00000-0 0  9990
2 23435  14.5875   7.7677 0001794 141.1614 291.1002  1.00276055 15830
UFO-4-(USA-108)---------
1 23467U 95003A   21286.70408178 -.00000034  00000-0  00000-0 0  9991
2 23467   9.8878  18.7901 0004491 136.8403 292.6288  1.00272258 97834
AMSC-1------------------
1 23553U 95019A   21286.40890583 -.00000103  00000-0  00000-0 0  9993
2 23553  11.7169  27.8499 0003819 209.3280 184.7423  1.00272347 97055
TDRS-7------------------
1 23613U 95035B   21286.71907642 -.00000213  00000-0  00000-0 0  9999
2 23613  14.0665   0.5037 0025353  47.8292 317.7333  1.00276999 96133
USA-113-----------------
1 23628U 95038A   21286.90672240 -.00000348  00000-0  00000-0 0  9991
2 23628  11.8639  26.6741 0001683 166.2491 259.7897  1.00267191 15857
USA-115-(MILSTAR-1-2)---
1 23712U 95060A   21286.63043615 -.00000029  00000-0  00000-0 0  9994
2 23712  13.4272  16.1310 0003268 170.5251 302.7122  1.00273595 15766
INMARSAT-3-F1-----------
1 23839U 96020A   21286.56566590  .00000075  00000-0  00000-0 0  9995
2 23839   7.0337  59.6190 0006371 120.6606 240.7906  0.99997369 93185
INMARSAT-3-F2-----------
1 24307U 96053A   21286.59716991 -.00000057  00000-0  00000-0 0  9998
2 24307   5.9610  68.7447 0004940  89.3258 156.0723  0.99976799 91848
AMC-1-(GE-1)------------
1 24315U 96054A   21286.75007613  .00000052  00000-0  00000-0 0  9994
2 24315   5.0392  75.1406 0003177 128.6631 317.8645  1.00272874 29202
INMARSAT-3-F3-----------
1 24674U 96070A   21286.86508316 -.00000291  00000-0  00000-0 0  9994
2 24674   6.6064  63.3341 0005740 128.0208 102.1691  0.99998384 90833
INTELSAT-26-(IS-26)-----
1 24732U 97007A   21286.85898052 -.00000030  00000-0  00000-0 0  9999
2 24732   9.7191  40.1447 0002781 148.8281 209.0330  1.00271355 55615
GALAXY-25-(G-25)--------
1 24812U 97026A   21286.85697449  .00000040  00000-0  00000-0 0  9996
2 24812   3.0796  86.0414 0004400 143.4908 157.5347  1.00408153 89252
INTELSAT-5-(IS-5)-------
1 24916U 97046A   21286.58989756  .00000077  00000-0  00000+0 0  9997
2 24916   6.7039  62.6730 0003600 154.3595 240.7110  1.00270974 88498
AMC-3-(GE-3)------------
1 24936U 97050A   21286.90320014 -.00000274  00000-0  00000-0 0  9997
2 24936   3.9443  81.6926 0002884 122.4026  71.7436  1.00271775 35310
NSS-5-------------------
1 24957U 97053A   21286.59747312  .00000092  00000-0  00000-0 0  9999
2 24957   6.9435  60.9421 0003618 125.9977 101.0167  1.00270473 88024
USA-134-----------------
1 25019U 97065A   21286.40470248 -.00000070  00000-0  00000-0 0  9990
2 25019  10.7705  33.0121 0001081 318.6328  63.9415  1.00268384 15837
ASTRA-1G----------------
1 25071U 97076A   21286.63430036  .00000103  00000-0  00000-0 0  9992
2 25071   5.6835  70.0762 0003280 130.2155  69.8881  1.00269895 87382
INMARSAT-3-F5-----------
1 25153U 98006B   21286.83499552 -.00000302  00000-0  00000-0 0  9999
2 25153   5.8534  67.4408 0004816 135.6347  66.1766  1.00270704 86771
UFO-8-(USA-138)---------
1 25258U 98016A   21286.82222087 -.00000037  00000-0  00000-0 0  9997
2 25258   9.1641  30.8636 0004459 161.3440 297.9865  1.00272003 86737
ASTRA-2A----------------
1 25462U 98050A   21286.85139253  .00000134  00000-0  00000-0 0  9994
2 25462   2.7897  88.1283 0002088 108.4257 160.5527  1.00274010 29214
JCSAT-4A----------------
1 25630U 99006A   21286.89467359 -.00000323  00000-0  00000-0 0  9999
2 25630   5.6706  70.6907 0011528 177.7600 232.2801  1.00268115 33497
SKYNET-4E---------------
1 25639U 99009B   21286.16446767 -.00000044  00000-0  00000-0 0  9991
2 25639  11.1239  18.2521 0003358 204.5467 217.0942  1.00272326 34263
ASIASAT-3S--------------
1 25657U 99013A   21286.80342253 -.00000236  00000-0  00000-0 0  9995
2 25657   5.8456  69.2309 0002561  98.2112 292.2344  1.00269109 82702
NIMIQ-1-----------------
1 25740U 99027A   21286.93155501 -.00000214  00000-0  00000-0 0  9991
2 25740   2.2612  89.5599 0004735 118.8779  63.1411  1.00271606 81938
ABS-7-------------------
1 25894U 99046A   21286.85243914  .00000140  00000-0  00000-0 0  9996
2 25894   2.1438  90.1819 0003967 107.1394 165.5938  1.00274382 80008
ABS-6-------------------
1 25924U 99053A   21286.87747078 -.00000136  00000-0  00000-0 0  9996
2 25924   0.0588  70.5452 0001839 157.1875 269.8062  1.00271009 80734
AMC-4-(GE-4)------------
1 25954U 99060A   21286.63073763  .00000072  00000-0  00000-0 0  9992
2 25954   0.8996  94.3984 0003016 105.3584 274.8267  1.00271435 26436
UFO-10-(USA-146)--------
1 25967U 99063A   21286.86599042 -.00000195  00000-0  00000-0 0  9994
2 25967   8.4158  34.1968 0004457 157.6354 120.2843  1.00268905 80222
GALAXY-11-(G-11)--------
1 26038U 99071A   21286.82723310 -.00000177  00000-0  00000-0 0  9996
2 26038   2.4017  90.6918 0001408 340.4314 156.1956  1.00270951 79969
USA-148-----------------
1 26052U 00001A   21286.65823874  .00000029  00000-0  00000-0 0  9999
2 26052   9.1523  43.8448 0001488 134.7773 261.1008  1.00274380 15842
ASIASTAR----------------
1 26107U 00016A   21286.89983205 -.00000347  00000-0  00000-0 0  9991
2 26107   5.1058  73.8343 0004140 130.1494 247.6663  1.00270978 78807
USA-149-(DSP-20)--------
1 26356U 00024A   21286.63593542  .00000087  00000-0  00000-0 0  9999
2 26356  11.9034  23.1171 0002243 169.4512 253.8169  1.00257786 15798
EUTELSAT-80A------------
1 26369U 00028A   21285.90324133 -.00000161  00000-0  00000-0 0  9998
2 26369   4.3789  77.3525 0001885 206.8189  10.8136  0.98553751 78304
TDRS-8------------------
1 26388U 00034A   21286.86351586 -.00000243  00000-0  00000-0 0  9995
2 26388   9.9796  44.2260 0015138 334.6308  43.4629  1.00281207 78062
INTELSAT-9-(IS-9)-------
1 26451U 00043A   21286.93059128 -.00000300  00000-0  00000-0 0  9995
2 26451   6.6926  62.8543 0003041 143.4196 101.4611  1.00270173 27029
NSS-11-(AAP-1)----------
1 26554U 00059A   21286.80909172  .00000009  00000-0  00000-0 0  9990
2 26554   0.0560  76.1133 0002557 126.9412 286.8224  1.00272782 24186
USA-153-----------------
1 26575U 00065A   21286.65732595 -.00000335  00000-0  00000-0 0  9999
2 26575   8.6863  47.1656 0001187 121.8775 224.5262  1.00272571 15807
AMC-6-(GE-6)------------
1 26580U 00067A   21286.70596309  .00000088  00000-0  00000-0 0  9998
2 26580   0.0560  76.2339 0002710 120.7940 300.6112  1.00271170 76800
INTELSAT-12-(IS-12)-----
1 26590U 00068A   21286.85863163 -.00000002  00000-0  00000-0 0  9998
2 26590   4.0751  81.8869 0002227 110.0167 204.1021  1.00271446 34585
INTELSAT-1R-(IS-1R)-----
1 26608U 00072A   21286.87712190 -.00000152  00000-0  00000-0 0  9994
2 26608   3.8383  82.8698 0000864 230.3317 182.3458  1.00272116 24206
ANIK-F1-----------------
1 26624U 00076A   21286.61354955 -.00000077  00000-0  00000-0 0  9995
2 26624   0.8135  95.5783 0007090  62.0366 336.4697  1.00271974 26024
ASTRA-2D----------------
1 26638U 00081A   21286.06101542  .00000119  00000-0  00000-0 0  9993
2 26638   6.7739  61.8978 0001943 171.2129 194.4680  1.00274699 35781
AMC-8-(GE-8)------------
1 26639U 00081B   21286.63073763  .00000073  00000-0  00000-0 0  9999
2 26639   1.8275  91.1255 0002643 117.7060 265.6655  1.00270662 76216
USA-157-(MILSTAR-2-2)---
1 26715U 01009A   21286.49853598  .00000003  00000-0  00000-0 0  9994
2 26715   9.7793  28.2715 0002744 179.8808 229.3614  1.00275300 15833
EUTELSAT-133-WEST-A-----
1 26719U 01011A   21286.71209118  .00000063  00000-0  00000-0 0  9995
2 26719   3.1087  84.9881 0002921 125.2431 295.7827  1.00273952 75423
INTELSAT-10-(IS-10)-----
1 26766U 01019A   21286.65560073  .00000022  00000-0  00000-0 0  9993
2 26766   4.9963  75.3736 0003399 144.3314 216.5727  1.00273544 28506
INTELSAT-901-(IS-901)---
1 26824U 01024A   21286.73521644 -.00000218  00000-0  00000-0 0  9992
2 26824   0.0395  69.2144 0001015 122.0422  68.4606  1.00270277  5851
ASTRA-2C----------------
1 26853U 01025A   21286.83133236 -.00000273  00000-0  00000-0 0  9993
2 26853   3.9702  81.4860 0002640 109.2430  58.6739  1.00274632 27928
USA-159-(DSP-21)--------
1 26880U 01033A   21286.86629250 -.00000308  00000-0  00000-0 0  9990
2 26880  11.2046  27.2833 0001760 208.4041  49.8008  1.00271282 15848
INTELSAT-902-(IS-902)---
1 26900U 01039A   21286.83578049 -.00000297  00000-0  00000-0 0  9992
2 26900   1.7866  91.6200 0002977 111.1921  70.6085  1.00272416 73577
USA-164-(MILSTAR-2-3)---
1 27168U 02001A   21286.92134150  .00000088  00000-0  00000-0 0  9997
2 27168   9.2526  29.9827 0001821 159.6079 183.7249  1.00270315 14521
ECHOSTAR-7--------------
1 27378U 02006A   21286.60563685 -.00000016  00000-0  00000-0 0  9991
2 27378   0.0536  74.4067 0001737  89.6099 317.6092  1.00272924 33483
INTELSAT-904-(IS-904)---
1 27380U 02007A   21286.83987973 -.00000228  00000-0  00000-0 0  9995
2 27380   2.6224  88.4652 0002919 112.4049  94.6134  1.00271210 34641
TDRS-9------------------
1 27389U 02011A   21286.86322753 -.00000298  00000-0  00000-0 0  9998
2 27389   8.4969  63.0277 0023022 284.4511 283.6684  1.00274637 73328
ASTRA-3A----------------
1 27400U 02015B   21286.39785190 -.00000215  00000-0  00000-0 0  9991
2 27400   6.8869  60.7171 0001068 134.5678 243.3599  1.00271720 71602
NSS-7-------------------
1 27414U 02019A   21286.78973789 -.00000171  00000-0  00000-0 0  9997
2 27414   5.3256  73.2413 0002387 146.3869  67.2638  1.00271723 71449
DIRECTV-5-(TEMPO-1)-----
1 27426U 02023A   21286.61248156 -.00000071  00000-0  00000-0 0  9999
2 27426   0.5061  95.7593 0003346 105.6735 291.3439  1.00271542 71007
INTELSAT-905-(IS-905)---
1 27438U 02027A   21286.84092635 -.00000199  00000-0  00000-0 0  9991
2 27438   2.4440  89.2452 0002620 102.7546 108.8688  1.00271629 34245
GALAXY-3C-(G-3C)--------
1 27445U 02030A   21286.82679701 -.00000167  00000-0  00000-0 0  9991
2 27445   0.0248 284.7008 0001532  49.6968 250.7989  1.00268804 29381
EUTELSAT-5-WEST-A-------
1 27460U 02035A   21286.84476396 -.00000057  00000-0  00000-0 0  9998
2 27460   1.7104  91.9692 0005145 110.7090 119.0974  1.00271521 70493
METEOSAT-8-(MSG-1)------
1 27509U 02040B   21286.49518737  .00000125  00000-0  00000-0 0  9990
2 27509   7.5854  51.9023 0001186 146.5585  43.4911  1.00267679 70135
INTELSAT-906-(IS-906)---
1 27513U 02041A   21286.85854442 -.00000002  00000-0  00000-0 0  9997
2 27513   1.4529  93.2834 0003400 119.2202 183.3804  1.00271875 69906
HISPASAT-30W-4----------
1 27528U 02044A   21286.63660356  .00000102  00000-0  00000-0 0  9991
2 27528   2.2286  89.4111 0004403 107.7366 271.4726  1.00274594 25852
TDRS-10-----------------
1 27566U 02055A   21286.76343512  .00000079  00000-0  00000-0 0  9994
2 27566   7.7551  51.2668 0005309 324.8670 110.2708  1.00278417 69114
NSS-6-------------------
1 27603U 02057A   21286.81179549  .00000092  00000-0  00000-0 0  9996
2 27603   0.9895  94.3206 0003285 101.3280 309.6801  1.00270487 68929
NIMIQ-2-----------------
1 27632U 02062A   21286.73237552  .00000083  00000-0  00000-0 0  9994
2 27632   5.4350  72.3676 0000711  91.8490 143.9891  1.00017869 27062
USA-167-----------------
1 27691U 03008A   21286.59687869  .00000042  00000-0  00000-0 0  9999
2 27691   7.5616  56.1188 0002454  45.2730   5.8390  1.00275045 15833
USA-169-(MILSTAR-2-4)---
1 27711U 03012A   21286.89272799 -.00000205  00000-0  00000-0 0  9994
2 27711   9.7597  41.7818 0002902 151.1601 303.2679  1.00272770 15837
GALAXY-12-(G-12)--------
1 27715U 03013B   21286.73445468  .00000044  00000-0  00000-0 0  9997
2 27715   2.6567  88.0173 0001861 111.5876 318.3240  1.00270636 34971
ASIASAT-4---------------
1 27718U 03014A   21286.85339854  .00000137  00000-0  00000-0 0  9998
2 27718   0.3490  97.5173 0002296 116.2164 154.3550  1.00275244 28171
HELLAS-SAT-2------------
1 27811U 03020A   21286.82679701 -.00000165  00000-0  00000-0 0  9996
2 27811   3.0747  87.1502 0004414 111.4838  26.4350  1.00270822 25722
THURAYA-2---------------
1 27825U 03026A   21286.85461959  .00000115  00000-0  00000-0 0  9998
2 27825   6.4361  34.0397 0004469 139.1749 201.0906  1.00271691 67221
OPTUS-C1----------------
1 27831U 03028B   21286.87686024 -.00000164  00000-0  00000-0 0  9996
2 27831   2.5851  89.0881 0006065 107.3032 297.6898  1.00272307 35943
GALAXY-23-(G-23)--------
1 27854U 03034A   21286.60442179 -.00000003  00000-0  00000-0 0  9992
2 27854   0.0140 220.4827 0002984 346.5855 271.9410  1.00272436 66626
USA-170-----------------
1 27875U 03040A   21286.69378316 -.00000285  00000-0  00000-0 0  9994
2 27875   6.8670  61.4994 0004647 126.8288  41.4424  1.00266600 15845
GALAXY-13-(HORIZONS-1)--
1 27954U 03044A   21286.59879878  .00000032  00000-0  00000-0 0  9993
2 27954   0.0230 132.8557 0000647 188.0466 150.0839  1.00273137 29455
YAMAL-202---------------
1 28089U 03053A   21285.74863631 -.00000091  00000-0  00000-0 0  9995
2 28089   2.0136  90.5516 0005629  75.5880 288.4524  1.00272714 65550
UFO-11-(USA-174)--------
1 28117U 03057A   21286.96208270 -.00000105  00000-0  00000-0 0  9994
2 28117   6.6502  37.8662 0001662  94.8173 310.8404  1.00272117 65337
USA-176-(DSP-22)--------
1 28158U 04004A   21286.90702420 -.00000230  00000-0  00000-0 0  9991
2 28158   9.7743  36.6009 0000958 147.0947 252.8995  1.00272472 15814
ABS-4-(MOBISAT-1)-------
1 28184U 04007A   21286.85793389  .00000025  00000-0  00000-0 0  9992
2 28184   1.7020  91.7777 0005359 114.6047 186.1065  1.00272770 35212
EUTELSAT-7A-------------
1 28187U 04008A   21286.60272738  .00000090  00000-0  00000-0 0  9991
2 28187   1.4914  90.1340 0004140 110.2444 259.7874  1.00271826 64233
AMC-11-(GE-11)----------
1 28252U 04017A   21286.65750500  .00000053  00000-0  00000-0 0  9996
2 28252   0.0563  73.6516 0002715 126.2135 288.2896  1.00271913 63767
INTELSAT-10-02----------
1 28358U 04022A   21286.82063344 -.00000027  00000-0  00000-0 0  9993
2 28358   0.0389  74.9536 0000969 114.6822 127.3981  1.00270326 63427
ANIK-F2-----------------
1 28378U 04027A   21286.61248218 -.00000065  00000-0  00000-0 0  9994
2 28378   0.0526  75.9713 0000686  55.8780 359.9829  1.00269690 24147
AMC-15------------------
1 28446U 04041A   21286.61704198 -.00000104  00000-0  00000-0 0  9994
2 28446   0.0587  71.8931 0002744 134.4077 293.1862  1.00271193 62203
NSS-10-(AMC-12)---------
1 28526U 05003A   21286.83830980 -.00000265  00000-0  00000-0 0  9993
2 28526   2.1758  89.8444 0002920 106.0686  91.0601  1.00271944 36032
XTAR-EUR----------------
1 28542U 05005A   21286.85659755  .00000135  00000-0  00000-0 0  9999
2 28542   0.0158 174.2718 0002641  19.6052 166.1340  1.00271699 61062
XM-3-(RHYTHM)-----------
1 28626U 05008A   21286.48904108 -.00000221  00000-0  00000-0 0  9996
2 28626   0.0184 203.5189 0001123 254.0045  15.6987  1.00270487 25501
INMARSAT-4-F1-----------
1 28628U 05009A   21286.80263757 -.00000275  00000-0  00000-0 0  9992
2 28628   3.4414  32.3416 0002941 169.0640 253.6337  1.00271095 60555
DIRECTV-8---------------
1 28659U 05019A   21286.60563718 -.00000015  00000-0  00000+0 0  9996
2 28659   0.0143 251.0556 0003098 311.9964 278.3284  1.00272488 60065
GALAXY-28-(G-28)--------
1 28702U 05022A   21286.82801807 -.00000201  00000-0  00000-0 0  9995
2 28702   0.0161 251.7799 0001103 264.1331  75.7891  1.00270033 34868
EXPRESS-AM3-------------
1 28707U 05023A   21286.92212647  .00000120  00000-0  00000-0 0  9999
2 28707   2.9652  85.9796 0001183 118.3761 173.3108  1.00274076 59716
THAICOM-4---------------
1 28786U 05028A   21286.86962113 -.00000379  00000-0  00000-0 0  9991
2 28786   0.0191 203.4568 0002742 357.3975 254.3557  1.00269656 35134
GALAXY-14-(G-14)--------
1 28790U 05030A   21286.85235194  .00000140  00000-0  00000-0 0  9995
2 28790   0.6417  94.3178 0002673 110.0551 158.0185  1.00273063 59182
ANIK-F1R----------------
1 28868U 05036A   21286.61476187 -.00000090  00000-0  00000-0 0  9995
2 28868   0.0142 101.7901 0000677  76.2029 318.4079  1.00271585 29334
GALAXY-15-(G-15)--------
1 28884U 05041A   21286.67572900  .00000063  00000-0  00000-0 0  9994
2 28884   0.0518  87.9477 0001870 123.5034 281.2894  1.00273232 58492
SYRACUSE-3A-------------
1 28885U 05041B   21286.85514292  .00000112  00000-0  00000-0 0  9990
2 28885   0.5031  96.1612 0002743 109.9292 171.4324  1.00274998 58628
INMARSAT-4-F2-----------
1 28899U 05044A   21286.91934985 -.00000004  00000-0  00000-0 0  9991
2 28899   3.3214  34.9381 0002852 169.4028 213.2322  1.00270583 58404
SPACEWAY-2--------------
1 28903U 05046B   21286.63660356  .00000089  00000-0  00000-0 0  9998
2 28903   1.3277  90.1694 0000068 186.6562 195.8811  1.00272119 34228
METEOSAT-9-(MSG-2)------
1 28912U 05049B   21286.63116051  .00000006  00000-0  00000-0 0  9998
2 28912   5.4672  67.7627 0000979  41.9472 143.3536  1.00275887 57910
EUTELSAT-174A-----------
1 28924U 05052A   21286.88043619 -.00000007  00000-0  00000-0 0  9993
2 28924   0.0136 356.9546 0006754 207.6254 309.0301  1.00271619 35217
ECHOSTAR-10-------------
1 28935U 06003A   21286.61248198 -.00000071  00000-0  00000-0 0  9993
2 28935   0.0526  75.2374 0001395  92.0889 325.3862  1.00270640 57353
SPAINSAT----------------
1 28945U 06007A   21286.02267039 -.00000230  00000-0  00000-0 0  9995
2 28945   0.0277 235.7934 0005755 333.8700 150.3244  1.00270522 57094
EUTELSAT-HOTBIRD-13E----
1 28946U 06007B   21286.84842712  .00000071  00000-0  00000-0 0  9995
2 28946   0.0491 150.6209 0007052  48.4810 141.9703  1.00270895 57185
JCSAT-5A----------------
1 29045U 06010A   21286.87215046 -.00000344  00000-0  00000-0 0  9991
2 29045   0.0313 118.4325 0001970  81.8340 268.4223  1.00272120 56647
ASTRA-1KR---------------
1 29055U 06012A   21286.92410611  .00000103  00000-0  00000-0 0  9997
2 29055   0.0200 134.0742 0005215  80.8291 159.6740  1.00271290 28607
EWS-G1-(GOES-13)--------
1 29155U 06018A   21286.89146699  .00000020  00000-0  00000-0 0  9990
2 29155   0.1674 111.6856 0006994 101.7050 191.8619  1.00269175 26253
EUTELSAT-113-WEST-A-----
1 29162U 06020A   21286.61054455 -.00000053  00000-0  00000+0 0  9995
2 29162   0.0567  80.1183 0003046 124.1839 284.9033  1.00272608 56345
GALAXY-16-(G-16)--------
1 29236U 06023A   21286.62161218 -.00000143  00000-0  00000+0 0  9997
2 29236   0.0178 231.1280 0002899 337.2710 298.7824  1.00270085 56147
EUTELSAT-HOTBIRD-13B----
1 29270U 06032A   21286.84833990  .00000071  00000-0  00000-0 0  9992
2 29270   0.0743  15.6017 0002186 220.3516 105.0614  1.00272375 30188
JCSAT-3A----------------
1 29272U 06033A   21286.79949772 -.00000361  00000-0  00000-0 0  9998
2 29272   0.0120 154.1575 0002475  34.2277 250.0315  1.00272513 30615
SYRACUSE-3B-------------
1 29273U 06033B   21286.84476396 -.00000060  00000-0  00000-0 0  9998
2 29273   0.0153 164.6331 0004318  25.5002 131.4078  1.00270778 55587
KOREASAT-5-(MUGUNGWHA-5)
1 29349U 06034A   21286.86831286 -.00000375  00000-0  00000-0 0  9997
2 29349   0.0147 238.9591 0002042 333.1101 236.2255  1.00269048 24199
DIRECTV-9S--------------
1 29494U 06043A   21286.51735378 -.00000128  00000-0  00000-0 0  9991
2 29494   0.0193 163.3170 0003004  32.8601 271.1827  1.00271418 34268
OPTUS-D1----------------
1 29495U 06043B   21286.87773243 -.00000127  00000-0  00000-0 0  9993
2 29495   0.0140 188.7722 0003560  11.4251 298.4337  1.00271085 55009
XM-4-(BLUES)------------
1 29520U 06049A   21286.77493611 -.00000039  00000-0  00000-0 0  9997
2 29520   0.0366 287.7203 0000269 209.2618  49.3475  1.00271891 34355
BADR-4------------------
1 29526U 06051A   21286.85095644  .00000128  00000-0  00000-0 0  9997
2 29526   0.0620 318.7773 0005277 285.3314 110.8985  1.00275228 34159
WILDBLUE-1--------------
1 29643U 06054A   21286.61248111 -.00000064  00000-0  00000-0 0  9993
2 29643   0.0172 195.9574 0001704   2.7752 292.9752  1.00271322 36677
AMC-18------------------
1 29644U 06054B   21286.92678462 -.00000232  00000-0  00000-0 0  9991
2 29644   0.0555  81.8013 0002612 121.2066  70.3582  1.00271503 54432
INSAT-4B----------------
1 30793U 07007A   21286.86281812 -.00000204  00000-0  00000-0 0  9998
2 30793   1.6115  92.3202 0006159 139.1027 187.3553  1.00270394 25083
SKYNET-5A---------------
1 30794U 07007B   21286.90762514 -.00000287  00000-0  00000-0 0  9998
2 30794   1.7280  89.5778 0003771 123.3715 231.6851  1.00269317 53572
ANIK-F3-----------------
1 31102U 07009A   21286.60695269 -.00000016  00000-0  00000-0 0  9993
2 31102   0.0009 149.0946 0001650  42.0134 291.0716  1.00271081 29442
ASTRA-1L----------------
1 31306U 07016A   21286.92410611  .00000103  00000-0  00000-0 0  9994
2 31306   0.0273   8.5252 0003497 233.3438 132.7091  1.00271796 27902
GALAXY-17-(G-17)--------
1 31307U 07016B   21286.82766920 -.00000190  00000-0  00000-0 0  9998
2 31307   0.0164 269.3032 0003280 297.5547  22.7280  1.00271255 52689
ZHONGXING-6B------------
1 31800U 07031A   21286.88852951 -.00000378  00000-0  00000-0 0  9997
2 31800   0.0163 228.1729 0003337 321.9733 267.8994  1.00273314 52305
DIRECTV-10--------------
1 31862U 07032A   21286.61933135 -.00000119  00000-0  00000-0 0  9994
2 31862   0.0424  46.0708 0000238 120.5324 335.9699  1.00271858 28485
SPACEWAY-3--------------
1 32018U 07036A   21286.82679701 -.00000167  00000-0  00000-0 0  9994
2 32018   0.0100  85.9160 0000193  57.8724  81.5151  1.00270722 29432
BSAT-3A-----------------
1 32019U 07036B   21286.90364374 -.00000367  00000-0  00000-0 0  9993
2 32019   0.0365 155.7236 0004150  61.5452 240.5775  1.00270007 33398
OPTUS-D2----------------
1 32252U 07044A   21286.87607528 -.00000200  00000-0  00000-0 0  9994
2 32252   0.0131 147.0018 0003671  49.5108 293.5351  1.00270664 51455
INTELSAT-11-(IS-11)-----
1 32253U 07044B   21286.83717597 -.00000285  00000-0  00000-0 0  9992
2 32253   0.0175 183.7936 0001756  22.9222  74.3016  1.00269920 51371
WGS-F1-(USA-195)--------
1 32258U 07046A   21286.84694440  .00000025  00000-0  00000-0 0  9992
2 32258   0.0196 133.9486 0001002  38.4263 161.1395  1.00271329 35257
STAR-ONE-C1-------------
1 32293U 07056A   21286.83281507 -.00000292  00000-0  00000-0 0  9994
2 32293   0.3423  95.5428 0003635 119.1875  42.7178  1.00270681 34657
SKYNET-5B---------------
1 32294U 07056B   21286.92410611  .00000126  00000-0  00000-0 0  9990
2 32294   0.9077  90.1728 0003700 114.4441 175.8866  1.00274459 51077
ASTRA-4A-(SIRIUS-4)-----
1 32299U 07057A   21286.84676997  .00000016  00000-0  00000-0 0  9996
2 32299   0.0529  72.2786 0002722 125.1171 134.8824  1.00271674 34551
HORIZONS-2--------------
1 32388U 07063B   21286.86273090 -.00000199  00000-0  00000-0 0  9994
2 32388   0.0129 212.4827 0002507 359.6137 205.9744  1.00270271 50693
THURAYA-3---------------
1 32404U 08001A   21286.86543466 -.00000316  00000-0  00000-0 0  9994
2 32404   3.9008  18.8224 0003126 127.7949 286.0939  1.00272489 50376
EXPRESS-AM33------------
1 32478U 08003A   21286.84363012 -.00000104  00000-0  00000-0 0  9997
2 32478   0.4384  95.5767 0000660  38.3889 181.4425  1.00271368 36614
THOR-5------------------
1 32487U 08006A   21286.84563615 -.00000025  00000-0  00000-0 0  9993
2 32487   0.0085 204.0727 0002574   1.9798 120.2535  1.00271918 50184
AMC-14------------------
1 32708U 08011A   21285.99077156  .00000072  00000-0  00000-0 0  9991
2 32708  21.7000  41.2684 0034339   4.9403 350.2693  1.00270477 51023
DIRECTV-11--------------
1 32729U 08013A   21286.62161244 -.00000141  00000-0  00000+0 0  9996
2 32729   0.0080  83.3884 0000083  14.9122  48.7066  1.00269885 49819
ICO-G1------------------
1 32763U 08016A   21286.82723310 -.00000185  00000-0  00000-0 0  9996
2 32763   3.8350  22.0985 0002266 172.1262  33.3568  1.00272193 49427
VINASAT-1---------------
1 32767U 08018A   21286.87206324 -.00000345  00000-0  00000-0 0  9996
2 32767   0.0095 192.0934 0001959  21.7145 254.7163  1.00267323 49480
STAR-ONE-C2-------------
1 32768U 08018B   21286.83246619 -.00000295  00000-0  00000-0 0  9998
2 32768   0.0725 105.7623 0000219 141.0108   8.8799  1.00411383 49558
TIANLIAN-1-01-----------
1 32779U 08019A   21286.96487708 -.00000153  00000-0  00000-0 0  9994
2 32779   5.1830  70.1195 0027268 269.2472 110.7437  1.00270713 49352
AMOS-3------------------
1 32794U 08022A   21286.82618772 -.00000052  00000-0  00000+0 0  9994
2 32794   0.0336 263.3358 0003217 267.2394 145.3516  1.00270407 49329
GALAXY-18-(G-18)--------
1 32951U 08024A   21286.60468312  .00000010  00000-0  00000-0 0  9994
2 32951   0.0149 257.2446 0002987 292.1744 287.6579  1.00270413 28733
CHINASAT-9-(ZX-9)-------
1 33051U 08028A   21286.86412639 -.00000263  00000-0  00000-0 0  9990
2 33051   0.0236 253.9881 0003962 310.7769 221.1565  1.00267855 48912
SKYNET-5C---------------
1 33055U 08030A   21286.84223462 -.00000155  00000-0  00000-0 0  9999
2 33055   0.0629  17.9785 0003653 178.4061 111.6355  1.00272175 48836
TURKSAT-3A--------------
1 33056U 08030B   21286.85418351  .00000130  00000-0  00000-0 0  9996
2 33056   0.0712  84.4256 0004146  87.8517 199.8620  1.00270552 35239
INTELSAT-25-(IS-25)-----
1 33153U 08034A   21286.83953087 -.00000240  00000-0  00000-0 0  9999
2 33153   0.0144 228.6924 0002843 323.1886 101.4797  1.00270986 48573
BADR-6------------------
1 33154U 08034B   21286.85095644  .00000128  00000-0  00000-0 0  9992
2 33154   0.0713  54.4027 0002444 152.9467 147.6174  1.00271715 48634
ECHOSTAR-11-------------
1 33207U 08035A   21286.61839087 -.00000073  00000-0  00000-0 0  9993
2 33207   0.0551  78.6674 0002682 114.8173 301.5538  1.00275679 34110
SUPERBIRD-C2------------
1 33274U 08038A   21286.87450536 -.00000267  00000-0  00000-0 0  9991
2 33274   0.0217 250.2549 0002078 319.9815 271.2063  1.00271103 88610
AMC-21------------------
1 33275U 08038B   21286.60107771  .00000021  00000-0  00000-0 0  9990
2 33275   0.0573  77.1792 0002588 123.9584 272.7425  1.00269698 48377
INMARSAT-4-F3-----------
1 33278U 08039A   21286.89805426 -.00000154  00000-0  00000-0 0  9995
2 33278   3.2375  17.2183 0002978 191.4308  39.3438  1.00271017 29436
NIMIQ-4-----------------
1 33373U 08044A   21286.82941355 -.00000237  00000-0  00000-0 0  9994
2 33373   0.0138 239.9558 0001972 324.3465  34.9265  1.00272224 47864
GALAXY-19-(G-19)--------
1 33376U 08045A   21286.82636093 -.00000155  00000-0  00000-0 0  9997
2 33376   0.0178 180.7734 0003066  21.7355  20.5971  1.00271604 47789
ASTRA-1M----------------
1 33436U 08057A   21286.92410611  .00000103  00000-0  00000-0 0  9996
2 33436   0.0560 100.2575 0004772  67.7966 206.5047  1.00271078 28609
CIEL-2------------------
1 33453U 08063A   21286.75517661  .00000042  00000-0  00000-0 0  9998
2 33453   0.0164 234.3511 0003064 332.8444 318.3614  1.00272534 47024
EUTELSAT-HOTBIRD-13C----
1 33459U 08065A   21286.84833990  .00000071  00000-0  00000-0 0  9994
2 33459   0.0579  45.8712 0003994 127.5457 167.6061  1.00272081 30225
EUTELSAT-48D------------
1 33460U 08065B   21286.84328125 -.00000116  00000-0  00000-0 0  9996
2 33460   0.8405  95.5417 0003349 101.8932 116.2381  1.00270987 46836
FENGYUN-2E--------------
1 33463U 08066A   21286.93477310 -.00000213  00000-0  00000-0 0  9999
2 33463   5.3642  66.6100 0002632 330.0333  48.9371  1.00265733 46973
EXPRESS-AM44------------
1 33595U 09007A   21286.91532345 -.00000105  00000-0  00000-0 0  9999
2 33595   0.0308 303.8676 0000098 243.8579 153.4862  1.00271443 46434
NSS-9-------------------
1 33749U 09008A   21286.81048722  .00000055  00000-0  00000-0 0  9994
2 33749   0.0470  60.3216 0002159 137.4190 299.6943  1.00271386 46414
EUTELSAT-33E------------
1 33750U 09008B   21286.95188317  .00000139  00000-0  00000-0 0  9999
2 33750   0.0575  15.4625 0003753 181.4912 201.5735  1.00268575 46326
TELSTAR-11N-------------
1 34111U 09009A   21286.83830980 -.00000267  00000-0  00000-0 0  9992
2 34111   0.0190 229.8195 0002595 308.6322 108.4189  1.00271170 29116
EUTELSAT-10A------------
1 34710U 09016A   21286.84781659  .00000052  00000-0  00000-0 0  9995
2 34710   0.0677   3.6889 0005388 194.8745 139.3132  1.00269569 24133
WGS-F2-(USA-204)--------
1 34713U 09017A   21286.89146699  .00000051  00000-0  00000-0 0  9992
2 34713   0.0180 126.8217 0000268 325.2597 309.0368  1.00269050 28490
SES-7-(PROTOSTAR-2)-----
1 34941U 09027A   21286.96724247 -.00000362  00000-0  00000-0 0  9991
2 34941   0.1007  91.2432 0001415 156.9879 230.9828  1.00269920 45503
MEASAT-3A---------------
1 35362U 09032A   21286.84424339 -.00000258  00000-0  00000+0 0  9994
2 35362   0.0274 201.4673 0003140   4.4257 212.1758  1.00272330 45112
GOES-14-----------------
1 35491U 09033A   21286.61819081 -.00000110  00000-0  00000-0 0  9993
2 35491   0.3220 281.6505 0015661 292.3792 286.6922  1.00271415 44993
FM-5--------------------
1 35493U 09034A   21286.82862860 -.00000216  00000-0  00000-0 0  9999
2 35493   0.0289 306.0300 0000910 112.8805 175.8625  1.00270043 29532
TERRESTAR-1-------------
1 35496U 09035A   21286.61262598 -.00000070  00000-0  00000-0 0  9990
2 35496   2.8926  32.6788 0002751 172.6003 286.6863  1.00271097 45010
ASIASAT-5---------------
1 35696U 09042A   21286.86587075 -.00000324  00000-0  00000-0 0  9999
2 35696   0.0215 247.8676 0001274 321.3059 225.7206  1.00272235 44561
JCSAT-RA-(JCSAT-12)-----
1 35755U 09044A   21286.87668581 -.00000202  00000-0  00000-0 0  9995
2 35755   0.0212 170.6124 0001339 299.7602  22.7203  1.00136187 44498
OPTUS-D3----------------
1 35756U 09044B   21286.87686024 -.00000164  00000-0  00000-0 0  9995
2 35756   0.0186  38.6881 0002504 166.5220 289.0979  1.00270127 44440
NIMIQ-5-----------------
1 35873U 09050A   21286.83133236 -.00000273  00000-0  00000-0 0  9991
2 35873   0.0530  91.7869 0003157 111.4013  46.0150  1.00271006 44239
AMAZONAS-2--------------
1 35942U 09054A   21286.83307674 -.00000298  00000-0  00000-0 0  9998
2 35942   0.0391 128.5051 0005103  53.5802  79.4343  1.00269359 44061
COMSATBW-1--------------
1 35943U 09054B   21286.91934985  .00000008  00000-0  00000-0 0  9997
2 35943   0.0509  83.8571 0002759 104.4267 228.3935  1.00269969 44180
NSS-12------------------
1 36032U 09058A   21286.89146699  .00000055  00000-0  00000-0 0  9997
2 36032   0.0547  77.6952 0002835 125.8384 197.0727  1.00272477 43793
THOR-6------------------
1 36033U 09058B   21286.84563615 -.00000026  00000-0  00000-0 0  9993
2 36033   0.0246 128.8949 0001858  83.7575 113.5542  1.00271377 43889
INTELSAT-14-(IS-14)-----
1 36097U 09064A   21286.83682709 -.00000290  00000-0  00000-0 0  9998
2 36097   0.0168 258.7719 0002565 306.3229  73.7887  1.00270521 43492
EUTELSAT-36B------------
1 36101U 09065A   21286.95188317  .00000139  00000-0  00000-0 0  9995
2 36101   0.0707   1.9028 0004718 197.7874 201.6430  1.00275275 43596
INTELSAT-15-(IS-15)-----
1 36106U 09067A   21286.86273090 -.00000201  00000-0  00000-0 0  9996
2 36106   0.0112 190.9742 0002300   8.6113 218.7758  1.00269016 24108
WGS-F3-(USA-211)--------
1 36108U 09068A   21286.60335762  .00000003  00000-0  00000-0 0  9995
2 36108   0.0488  90.6092 0002167 193.7068 193.3836  1.00268312 29496
DIRECTV-12--------------
1 36131U 09075A   21286.61933110 -.00000120  00000-0  00000+0 0  9991
2 36131   0.0116 174.0549 0000302 327.7790   0.8187  1.00274263 43268
BEIDOU-3----------------
1 36287U 10001A   21286.87380760 -.00000296  00000-0  00000-0 0  9994
2 36287   1.6788  41.2308 0002863  77.1116 359.3221  1.00270032 43049
RADUGA-1M-2-------------
1 36358U 10002A   21286.86273090 -.00000200  00000-0  00000-0 0  9995
2 36358   0.0720 261.8208 0003025 319.4311 196.9904  1.00269163 32972
SDO---------------------
1 36395U 10005A   21286.51756535 -.00000065  00000-0  00000-0 0  9990
2 36395  31.1809 113.2506 0000591 227.3991 126.3173  1.00273409 42933
INTELSAT-16-(IS-16)-----
1 36397U 10006A   21286.83054740 -.00000260  00000-0  00000-0 0  9994
2 36397   0.0137 182.9369 0002165  16.6904  45.7642  1.00268150 42534
GOES-15-----------------
1 36411U 10008A   21286.59765903  .00000039  00000-0  00000-0 0  9999
2 36411   0.3509 275.7940 0000963 236.9740 316.6765  1.00264121 42554
ECHOSTAR-14-------------
1 36499U 10010A   21286.60563689 -.00000016  00000-0  00000+0 0  9992
2 36499   0.0176 225.7542 0002868 336.9402 278.8342  1.00270878 42413
SES-1-------------------
1 36516U 10016A   21286.62040028 -.00000130  00000-0  00000+0 0  9994
2 36516   0.0186 102.2854 0002500  94.9047 307.5568  1.00271596 42012
ASTRA-3B----------------
1 36581U 10021A   21286.85049303  .00000121  00000-0  00000-0 0  9992
2 36581   0.0512  44.2585 0004094 154.8343 153.2312  1.00274508 41757
COMSATBW-2--------------
1 36582U 10021B   21286.84842712  .00000072  00000-0  00000-0 0  9992
2 36582   0.0519  87.7564 0002523 126.4672 127.0227  1.00272400 41831
BADR-5------------------
1 36592U 10025A   21286.85095644  .00000128  00000-0  00000-0 0  9994
2 36592   0.0325 127.4245 0005280  55.5294 172.0083  1.00270837 36094
COMS-1------------------
1 36744U 10032A   21286.87136550 -.00000361  00000-0  00000-0 0  9995
2 36744   0.4803  95.9512 0000910  96.4899 272.0692  1.00270376 33973
ARABSAT-5A--------------
1 36745U 10032B   21286.95188317  .00000137  00000-0  00000-0 0  9993
2 36745   0.0590  27.6025 0005280 182.2005 186.1317  1.00275676 41529
ECHOSTAR-15-------------
1 36792U 10034A   21286.94534447 -.00000298  00000-0  00000-0 0  9994
2 36792   0.0554  79.9090 0002800  80.0330 141.4638  1.00272310 41212
BEIDOU-5----------------
1 36828U 10036A   21286.88479564 -.00000149  00000-0  00000-0 0  9992
2 36828  54.1809 178.5008 0023180 178.9361  90.9007  1.00269390 41105
NILESAT-201-------------
1 36830U 10037A   21286.84441508 -.00000073  00000-0  00000-0 0  9995
2 36830   0.0432 162.9996 0004397  16.0702 140.5591  1.00272609 41245
RASCOM-QAF-1R-----------
1 36831U 10037B   21286.84642111  .00000002  00000-0  00000-0 0  9990
2 36831   0.0176 244.4588 0006083 337.2394 108.5513  1.00269502 41171
AEHF-1-(USA-214)--------
1 36868U 10039A   21286.72132103  .00000012  00000-0  00000-0 0  9995
2 36868   3.9165  90.0806 0004758  53.2623 142.8538  1.00268935 36537
CHINASAT-6A-(ZX-6A)-----
1 37150U 10042A   21286.94253553 -.00000370  00000-0  00000-0 0  9999
2 37150   0.0164 164.0189 0001775 335.0729 348.0168  1.00271775 40786
QZS-1-(MICHIBIKI-1)-----
1 37158U 10045A   21286.44163542 -.00000132  00000-0  00000-0 0  9999
2 37158  42.0762 136.8143 0748178 270.2078 275.0311  1.00291604 40617
XM-5--------------------
1 37185U 10053A   21286.82862860 -.00000221  00000-0  00000-0 0  9998
2 37185   0.0132 221.0385 0000158 340.1782  34.6078  1.00270748 40362
BSAT-3B-----------------
1 37207U 10056B   21286.90364374 -.00000367  00000-0  00000-0 0  9993
2 37207   0.0215  23.0791 0002947 243.0477 191.7001  1.00267147 35027
BEIDOU-6----------------
1 37210U 10057A   21286.87764521 -.00000128  00000-0  00000-0 0  9997
2 37210   0.7464  38.1390 0004375 145.0653 315.3619  1.00272776 40164
SKYTERRA-1--------------
1 37218U 10061A   21286.62033031 -.00000132  00000-0  00000-0 0  9993
2 37218   2.2219  22.4622 0003775 172.5119 309.4431  1.00272190 40072
ZHONGXING-20A-----------
1 37234U 10064A   21286.79923606 -.00000365  00000-0  00000-0 0  9996
2 37234   2.0309  91.3047 0002092 144.3079 201.1034  1.00274263 39907
HYLAS-1-----------------
1 37237U 10065A   21286.68753747  .00000055  00000-0  00000-0 0  9990
2 37237   1.2971  92.6658 0002399 176.0466 222.3519  1.00597803 39866
INTELSAT-17-(IS-17)-----
1 37238U 10065B   21286.96062372 -.00000018  00000-0  00000-0 0  9999
2 37238   0.0218 164.8865 0002776  43.7929 225.9104  1.00270180 36113
BEIDOU-7----------------
1 37256U 10068A   21286.71161377 -.00000183  00000-0  00000-0 0  9993
2 37256  50.6552 292.5949 0017844 189.9688 264.9839  1.00271405 39677
EUTELSAT-KA-SAT-9A------
1 37258U 10069A   21286.84755493  .00000046  00000-0  00000-0 0  9995
2 37258   0.0740 264.1736 0004006 254.8399 177.7392  1.00272750 26881
HISPASAT-30W-5----------
1 37264U 10070A   21286.83979251 -.00000232  00000-0  00000-0 0  9991
2 37264   0.0550 104.8164 0005326  74.4381 115.6963  1.00271770 36062
KOREASAT-6--------------
1 37265U 10070B   21286.88852951 -.00000379  00000-0  00000-0 0  9996
2 37265   0.0354  55.3045 0002036 170.8923 232.3367  1.00268813 39658
BEIDOU-8----------------
1 37384U 11013A   21286.79539846 -.00000172  00000-0  00000-0 0  9992
2 37384  59.9423  56.7146 0019246 181.4298 177.0755  1.00274945 38547
INTELSAT-NEW-DAWN-------
1 37392U 11016A   21286.95188317  .00000139  00000-0  00000-0 0  9997
2 37392   0.0132 186.5288 0001615 348.4982 223.1909  1.00271507 36166
YAHSAT-1A---------------
1 37393U 11016B   21286.85627675  .00000084  00000-0  00000-0 0  9991
2 37393   0.0134 257.4829 0000930 309.2708 176.6560  1.00271134 25279
SBIRS-GEO-1-(USA-230)---
1 37481U 11019A   21286.96062372 -.00000024  00000-0  00000-0 0  9996
2 37481   1.8077   9.3425 0002302 191.0140 234.4204  1.00272257 38280
TELSTAR-14R-------------
1 37602U 11021A   21286.83325116 -.00000296  00000-0  00000-0 0  9999
2 37602   0.0129 253.2039 0000361 348.5752  17.7999  1.00269028 38708
GSAT-8------------------
1 37605U 11022A   21286.57271670  .00000069  00000-0  00000-0 0  9996
2 37605   0.0585  92.2415 0006155 159.2888  32.0880  1.00271740 36093
ST-2--------------------
1 37606U 11022B   21286.90612137 -.00000228  00000-0  00000-0 0  9999
2 37606   0.0096 154.3232 0001871  56.3730 226.2203  1.00272007 38153
CHINASAT-10-(ZX-10)-----
1 37677U 11026A   21286.90364374 -.00000369  00000-0  00000-0 0  9994
2 37677   0.0796 258.1238 0004983 292.9133 267.4705  1.00273452 37876
TIANLIAN-1-02-----------
1 37737U 11032A   21286.46487789 -.00000030  00000-0  00000-0 0  9990
2 37737   2.5812  74.7615 0020372 104.7720 181.0491  1.00272372 37594
GSAT-12-----------------
1 37746U 11034A   21286.85531735  .00000108  00000-0  00000-0 0  9991
2 37746   0.7581  95.2525 0008539  11.9020 271.3595  1.00274337 26373
SES-3-------------------
1 37748U 11035A   21286.89700764 -.00000118  00000-0  00000-0 0  9990
2 37748   0.0604  72.7277 0003113 133.2066  36.6723  1.00271645 37487
KAZSAT-2----------------
1 37749U 11035B   21286.90612137 -.00000215  00000-0  00000-0 0  9997
2 37749   0.0377 296.0175 0000612 326.8147 172.5956  1.00271921 36264
BEIDOU-9----------------
1 37763U 11038A   21286.87986650 -.00000105  00000-0  00000-0 0  9994
2 37763  54.4674 180.9615 0086564 226.6180  26.2951  1.00285838 37529
ASTRA-1N----------------
1 37775U 11041A   21286.92410611  .00000103  00000-0  00000-0 0  9993
2 37775   0.0618  48.2383 0001278  91.7950 234.5351  1.00271434 27401
BSAT-3C-(JCSAT-110R)----
1 37776U 11041B   21286.90364374 -.00000367  00000-0  00000-0 0  9999
2 37776   0.0624  73.7542 0000278 252.4253 131.7809  1.00271139 33360
PAKSAT-1R---------------
1 37779U 11042A   21286.94632602  .00000137  00000-0  00000-0 0  9993
2 37779   0.0217  91.9746 0000945 183.4217 125.9770  1.00270190 37354
CHINASAT-1A-(ZX-1A)-----
1 37804U 11047A   21286.90013238 -.00000354  00000-0  00000-0 0  9993
2 37804   0.0419  24.3685 0001300 272.2647 179.9260  1.00274026 10243
SES-2-------------------
1 37809U 11049A   21286.82845417 -.00000212  00000-0  00000-0 0  9996
2 37809   0.0579  81.5731 0002825 114.9787  37.2982  1.00270188 36848
ARABSAT-5C--------------
1 37810U 11049B   21286.92410611  .00000107  00000-0  00000-0 0  9995
2 37810   0.0597  14.0414 0006970 184.2015 177.1383  1.00272150 36938
EUTELSAT-7-WEST-A-------
1 37816U 11051A   21286.84432786 -.00000076  00000-0  00000-0 0  9998
2 37816   0.0801  44.2072 0005909 152.0096 123.0569  1.00271228 36773
QUETZSAT-1--------------
1 37826U 11054A   21286.83046017 -.00000258  00000-0  00000-0 0  9991
2 37826   0.0546  73.5894 0002825 128.5159  42.4725  1.00270918 32778
INTELSAT-18-(IS-18)-----
1 37834U 11056A   21286.80987670  .00000036  00000-0  00000-0 0  9991
2 37834   0.0337 354.4317 0001904 196.2850 303.4465  1.00269858 36690
EUTELSAT-16A------------
1 37836U 11057A   21286.92410611  .00000087  00000-0  00000-0 0  9999
2 37836   0.0690  15.5373 0004936 191.0063 164.8431  1.00271988 28845
VIASAT-1----------------
1 37843U 11059A   21286.77089787 -.00000039  00000-0  00000-0 0  9996
2 37843   0.0022 183.8531 0002154   8.7637 352.3479  1.00270550 30201
ASIASAT-7---------------
1 37933U 11069A   21286.20364667 -.00000349  00000-0  00000-0 0  9992
2 37933   0.0574  62.8508 0001970  84.5003  53.4711  1.00272084 36339
BEIDOU-10---------------
1 37948U 11073A   21286.28933177 -.00000135  00000-0  00000-0 0  9992
2 37948  50.7633 292.2222 0078927 217.8776  71.9242  1.00266607 36270
LUCH-5A-----------------
1 37951U 11074B   21286.87904071 -.00000061  00000-0  00000-0 0  9991
2 37951   4.4000 102.6963 0002913  57.7917 345.5250  1.00270805 36076
NIGCOMSAT-1R------------
1 38014U 11077A   21286.85427073  .00000128  00000-0  00000-0 0  9998
2 38014   0.0312  44.4993 0001679  73.4681 254.6774  1.00271464 35838
FENGYUN-2F--------------
1 38049U 12002A   21286.93991898 -.00000372  00000-0  00000-0 0  9997
2 38049   3.1914  81.3975 0002360  10.5962  21.3298  1.00275387 35771
WGS-F4-(USA-233)--------
1 38070U 12003A   21286.90612137 -.00000232  00000-0  00000-0 0  9990
2 38070   0.0166 207.5212 0000473 283.6550 306.1328  1.00271242 27028
SES-4-------------------
1 38087U 12007A   21286.84144966 -.00000184  00000-0  00000-0 0  9991
2 38087   0.0223 283.0999 0002443 279.0590 101.3957  1.00271879 35111
BEIDOU-11---------------
1 38091U 12008A   21286.92927836  .00000041  00000-0  00000-0 0  9992
2 38091   1.8073  70.3358 0003095 318.9593  26.6726  1.00274088 35358
MUOS-1------------------
1 38093U 12009A   21286.62175649 -.00000141  00000-0  00000+0 0  9990
2 38093   2.6997  24.6604 0050573 359.0122 122.5691  1.00273361 35335
INTELSAT-22-(IS-22)-----
1 38098U 12011A   21286.86020156 -.00000076  00000-0  00000-0 0  9994
2 38098   0.0206 253.0194 0002903 311.9266 199.4799  1.00271619 34691
APSTAR-7----------------
1 38107U 12013A   21286.86107375 -.00000118  00000-0  00000-0 0  9993
2 38107   0.0129 137.0560 0002516  68.6483 203.4305  1.00271586 34682
YAHSAT-1B---------------
1 38245U 12016A   21286.85531735  .00000110  00000-0  00000-0 0  9990
2 38245   0.0190 196.2078 0000977  23.2379 158.6904  1.00268957 28478
AEHF-2-(USA-235)--------
1 38254U 12019A   21286.61205972 -.00000144  00000-0  00000-0 0  9996
2 38254   2.8438  58.2352 0004584 197.6181 254.4167  0.99993288 33730
JCSAT-13----------------
1 38331U 12023A   21286.89892931 -.00000373  00000-0  00000-0 0  9998
2 38331   0.0174 247.3861 0002589 313.6092 269.3106  1.00270621 34419
VINASAT-2---------------
1 38332U 12023B   21286.87206324 -.00000346  00000-0  00000-0 0  9992
2 38332   0.0115 185.5145 0001948   9.9903 272.9236  1.00268067 29540
NIMIQ-6-----------------
1 38342U 12026A   21286.82758198 -.00000190  00000-0  00000-0 0  9999
2 38342   0.0598  85.1625 0002339 103.3771  40.8971  1.00271244 33309
CHINASAT-2A-(ZX-2A)-----
1 38352U 12028A   21286.86534744 -.00000310  00000-0  00000-0 0  9999
2 38352   0.0490  50.2852 0001520 268.6880 113.4584  1.00273229 34250
INTELSAT-19-(IS-19)-----
1 38356U 12030A   21286.80708571 -.00000073  00000-0  00000-0 0  9997
2 38356   0.0175 179.6864 0003125  21.1886 278.2712  1.00268882 33323
ECHOSTAR-17-------------
1 38551U 12035A   21286.61582970 -.00000091  00000-0  00000-0 0  9991
2 38551   0.0186 193.8790 0002157   7.9225 295.1872  1.00270496 33948
METEOSAT-10-(MSG-3)-----
1 38552U 12035B   21286.84772936  .00000046  00000-0  00000-0 0  9999
2 38552   1.2554  22.1444 0002344 160.4747 154.7780  1.00263263 33732
SES-5-------------------
1 38652U 12036A   21286.84676997  .00000017  00000-0  00000-0 0  9999
2 38652   0.0567 291.7082 0001975 253.9089 146.8344  1.00271530 27379
TIANLIAN-1-03-----------
1 38730U 12040A   21286.92410611  .00000110  00000-0  00000-0 0  9993
2 38730   1.3942  94.6310 0002173 338.1437 303.0183  1.00274625 33862
INTELSAT-20-(IS-20)-----
1 38740U 12043A   21286.86854885 -.00000041  00000-0  00000-0 0  9999
2 38740   0.0097 189.0498 0002343 353.5116 221.2830  1.00271263 33629
HYLAS-2-----------------
1 38741U 12043B   21286.95188317  .00000137  00000-0  00000-0 0  9995
2 38741   0.0187 121.7508 0001881  55.1305 219.5852  1.00268524 33648
INTELSAT-21-(IS-21)-----
1 38749U 12045A   21286.83421056 -.00000301  00000-0  00000-0 0  9996
2 38749   0.0155 261.5110 0002717 299.1649  64.2515  1.00268310 33412
ASTRA-2F----------------
1 38778U 12051A   21286.95188317  .00000133  00000-0  00000-0 0  9990
2 38778   0.0511 226.8143 0004151 344.9197 181.8661  1.00270384 24008
GSAT-10-----------------
1 38779U 12051B   21286.90642233 -.00000182  00000-0  00000-0 0  9993
2 38779   0.0359 112.4028 0002499 102.5665 217.0364  1.00271559 32985
INTELSAT-23-(IS-23)-----
1 38867U 12057A   21286.83525718 -.00000301  00000-0  00000-0 0  9990
2 38867   0.0113 221.2058 0001784 328.1301  80.9685  1.00271950 32823
BEIDOU-16---------------
1 38953U 12059A   21286.96784481 -.00000192  00000-0  00000-0 0  9994
2 38953   1.3788  84.0739 0009342 282.0079  89.1949  1.00271273 32934
LUCH-5B-----------------
1 38977U 12061A   21286.62723569 -.00000146  00000-0  00000-0 0  9995
2 38977   6.7601  64.3768 0003576  98.5481  68.9857  1.00270526 33053
YAMAL-300K--------------
1 38978U 12061B   21286.81048722  .00000055  00000-0  00000-0 0  9996
2 38978   0.0155 195.3094 0000586 268.3060  33.7071  1.00269872 32521
STAR-ONE-C3-------------
1 38991U 12062A   21286.83080906 -.00000265  00000-0  00000-0 0  9998
2 38991   0.0368  86.6386 0002660 129.1075  30.9680  1.00270261 32645
EUTELSAT-21B------------
1 38992U 12062B   21286.85008426  .00000114  00000-0  00000-0 0  9990
2 38992   0.0692  15.9573 0002493 181.3987 152.9049  1.00271887 32712
ECHOSTAR-16-------------
1 39008U 16039B   21286.83351281 -.00000298  00000-0  00000-0 0  9999
2 39008   0.0176 188.3428 0002111  12.1836  60.6587  1.00270761 32502
CHINASAT-12-(ZX-12)-----
1 39017U 12067A   21286.90612137 -.00000224  00000-0  00000-0 0  9993
2 39017   0.0159 170.3361 0003014  19.3004 246.7687  1.00272023 32386
EUTELSAT-70B------------
1 39020U 12069A   21286.96754473 -.00000061  00000-0  00000-0 0  9994
2 39020   0.0889 321.9705 0007112 249.2244 230.3905  1.00271060 32392
YAMAL-402---------------
1 39022U 12070A   21286.71323281  .00000069  00000-0  00000-0 0  9997
2 39022   0.0121 165.9783 0002542  50.1666 118.0351  1.00273414 32475
SKYNET-5D---------------
1 39034U 12075A   21286.85627675  .00000083  00000-0  00000-0 0  9990
2 39034   0.0740   8.5993 0004030 191.7761 183.2663  1.00270915 32048
MEXSAT-3----------------
1 39035U 12075B   21286.86318839 -.00000042  00000-0  00000-0 0  9997
2 39035   0.0172 157.8336 0002538  42.5915  18.1623  1.00271817 32068
TDRS-11-----------------
1 39070U 13004A   21286.81101052  .00000062  00000-0  00000-0 0  9992
2 39070   3.1900 339.8097 0003373  89.4493  70.8783  1.00271710 29571
AMAZONAS-3--------------
1 39078U 13006A   21286.94838522 -.00000299  00000-0  00000-0 0  9998
2 39078   0.0215 194.4725 0005212  17.8645  90.8170  1.00272365 27785
AZERSPACE-1-------------
1 39079U 13006B   21286.85496847  .00000117  00000-0  00000-0 0  9997
2 39079   0.0295  95.7234 0001862 119.9802 160.7162  1.00270226 31684
SBIRS-GEO-2-(USA-241)---
1 39120U 13011A   21286.84990983  .00000107  00000-0  00000-0 0  9998
2 39120   1.8691   7.8622 0002354 191.2153 150.2353  1.00272475 31419
EUTELSAT-117-WEST-A-----
1 39122U 13012A   21286.60792128 -.00000029  00000-0  00000-0 0  9990
2 39122   0.0589  73.4685 0002894 125.5521 285.4370  1.00272644 31322
ANIK-G1-----------------
1 39127U 13014A   21286.61476181 -.00000090  00000-0  00000-0 0  9994
2 39127   0.0100 191.8460 0003014 357.6047 306.9693  1.00271559 31138
CHINASAT-11-(ZX-11)-----
1 39157U 13020A   21286.93712800 -.00000307  00000-0  00000-0 0  9991
2 39157   0.0146 252.8794 0000451 297.6931 267.4098  1.00270367 31031
EUTELSAT-7B-------------
1 39163U 13022A   21286.84720605  .00000031  00000-0  00000-0 0  9995
2 39163   0.0685  12.5746 0001147 324.3681 357.6868  1.00269947 30855
WGS-F5-(USA-243)--------
1 39168U 13024A   21286.83534439 -.00000300  00000-0  00000-0 0  9999
2 39168   0.0179 205.9743 0000416 301.0626 123.8364  1.00272479 30052
SES-6-------------------
1 39172U 13026A   21286.93028264 -.00000277  00000-0  00000-0 0  9994
2 39172   0.0440 293.8661 0002213 266.7564 116.4975  1.00271763 30600
IRNSS-1A----------------
1 39199U 13034A   21286.03105039  .00000092  00000-0  00000-0 0  9993
2 39199  31.8808  89.1794 0020767 178.5289 180.2850  1.00272168 30230
MUOS-2------------------
1 39206U 13036A   21286.81040000  .00000050  00000-0  00000-0 0  9990
2 39206   2.5657  14.2255 0056984 179.9396 303.1968  1.00268941 30073
ALPHASAT----------------
1 39215U 13038A   21286.85078201  .00000120  00000-0  00000-0 0  9998
2 39215   2.6237  15.8643 0002529 188.7075 149.1927  1.00269883 26898
INSAT-3D----------------
1 39216U 13038B   21286.96252255 -.00000173  00000-0  00000-0 0  9993
2 39216   0.0151 162.9860 0001286  27.7758 260.5817  1.00272262 29973
WGS-F6-(USA-244)--------
1 39222U 13041A   21286.63073763  .00000073  00000-0  00000-0 0  9991
2 39222   0.0151 192.6385 0000098 313.9428 327.6942  1.00270042 28939
ES'HAIL-1---------------
1 39233U 13044A   21286.85086924  .00000127  00000-0  00000-0 0  9993
2 39233   0.0529  19.5286 0001940 161.5907 173.3228  1.00268576 29510
GSAT-7------------------
1 39234U 13044B   21286.86055044 -.00000094  00000-0  00000-0 0  9998
2 39234   0.0589  98.2407 0008410 153.4541 154.7591  1.00270933 28200
AMOS-4------------------
1 39237U 13045A   21286.96062372 -.00000010  00000-0  00000-0 0  9993
2 39237   0.0101 212.0391 0001722  13.6713 207.8529  1.00271375 29830
AEHF-3-(USA-246)--------
1 39256U 13050A   21286.63563447  .00000119  00000-0  00000-0 0  9992
2 39256   1.1442  64.2808 0056708 184.3397 207.6740  1.00266499 28551
ASTRA-2E----------------
1 39285U 13056A   21286.95188317  .00000134  00000-0  00000-0 0  9991
2 39285   0.0776 327.4208 0003095 239.1557 187.3407  1.00272700 29318
FM-6--------------------
1 39360U 13058A   21286.60792152 -.00000032  00000-0  00000-0 0  9995
2 39360   0.0353 268.4593 0000368 190.6113  26.0179  1.00270748 28946
RADUGA-1M-3-------------
1 39375U 13062A   21286.92456858  .00000140  00000-0  00000-0 0  9990
2 39375   1.6140  92.3702 0002144 357.4714 300.6504  1.00272584 29004
SES-8-------------------
1 39460U 13071A   21286.90762514 -.00000287  00000-0  00000-0 0  9995
2 39460   0.0190 230.4609 0001661 293.7249 280.2626  1.00272594 27306
INMARSAT-5-F1-----------
1 39476U 13073A   21286.91934985  .00000012  00000-0  00000-0 0  9993
2 39476   0.0183 199.8963 0000281   5.1475 211.2185  1.00268637 28464
TKSAT-1-(TUPAC-KATARI)--
1 39481U 13075A   21286.82836694 -.00000211  00000-0  00000-0 0  9991
2 39481   0.0330  38.9625 0002160 146.5264  48.1533  1.00272412 28477
EXPRESS-AM5-------------
1 39487U 13077A   21285.72531271 -.00000294  00000-0  00000-0 0  9991
2 39487   0.0236 308.8235 0000889  54.2533  59.5996  1.00269619 29222
GSAT-14-----------------
1 39498U 14001A   21286.86854885 -.00000094  00000-0  00000-0 0  9994
2 39498   0.0327 117.7759 0005256 110.7874 180.7717  1.00271543 28284
THAICOM-6---------------
1 39500U 14002A   21286.86142262 -.00000138  00000-0  00000-0 0  9997
2 39500   0.0744 114.3035 0004389  49.3707 247.5997  1.00271271 28335
TDRS-12-----------------
1 39504U 14004A   21286.93028264 -.00000288  00000-0  00000-0 0  9992
2 39504   4.0972 343.3554 0002861 210.0906 123.1019  1.00265782 27150
ABS-2-------------------
1 39508U 14006A   21286.86854885 -.00000103  00000-0  00000-0 0  9992
2 39508   0.0590  73.2204 0002671 113.0800 223.9660  1.00271744 28169
ATHENA-FIDUS------------
1 39509U 14006B   21286.94632602  .00000137  00000-0  00000-0 0  9999
2 39509   0.0189 197.8354 0001646   9.7804 193.5752  1.00272911 27956
TURKSAT-4A--------------
1 39522U 14007A   21286.85418351  .00000129  00000-0  00000-0 0  9999
2 39522   0.0482 268.3377 0004144 319.7616 144.0627  1.00274609 27865
EXPRESS-AT1-------------
1 39612U 14010A   21286.19007817  .00000063  00000-0  00000-0 0  9998
2 39612   0.0281 324.2753 0000301 144.4567  37.7111  1.00273536 27922
EXPRESS-AT2-------------
1 39613U 14010B   21286.87372039 -.00000298  00000-0  00000-0 0  9996
2 39613   0.0237 323.1540 0000121 271.2150 242.6668  1.00270101 27764
AMAZONAS-4A-------------
1 39616U 14011A   21286.83107071 -.00000269  00000-0  00000-0 0  9996
2 39616   0.1167  80.3296 0003260 112.3912  55.0841  1.00271653 27579
ASTRA-5B----------------
1 39617U 14011B   21286.95188317  .00000138  00000-0  00000-0 0  9996
2 39617   0.0624 308.1706 0004741 245.9712 202.7949  1.00272775 27543
IRNSS-1B----------------
1 39635U 14017A   21286.53313510  .00000087  00000-0  00000+0 0  9993
2 39635  29.2499 269.2153 0019849 189.7794 170.1767  1.00269631 27676
LUCH-5V-----------------
1 39727U 14023A   21286.90762514 -.00000285  00000-0  00000-0 0  9997
2 39727   0.9352  67.0901 0002215 124.2391 252.8660  1.00270807 27243
KAZSAT-3----------------
1 39728U 14023B   21286.91873404  .00000042  00000-0  00000-0 0  9990
2 39728   0.0093 207.5509 0000560 292.4333 271.9630  1.00282734 25325
EUTELSAT-3B-------------
1 39773U 14030A   21286.84642111  .00000004  00000-0  00000-0 0  9997
2 39773   0.0646  20.4349 0005894 169.7584 140.2406  1.00271489 26945
USA-254-----------------
1 40100U 14043B   21280.17224355 -.00000123  00000-0  00000+0 0  9995
2 40100   0.2756  97.4625 0000619 278.3817  70.1088  0.99128465  1562
ASIASAT-8-(AMOS-7)------
1 40107U 14046A   21286.84502560 -.00000049  00000-0  00000-0 0  9990
2 40107   0.0138 164.9161 0002269  26.5783 131.4641  1.00272102 85035
ASIASAT-6---------------
1 40141U 14052A   21285.86486177 -.00000376  00000-0  00000+0 0  9993
2 40141   0.0438 109.1314 0000631  73.0451 270.7458  1.00270533 26031
OPTUS-10----------------
1 40146U 14054A   21286.87686024 -.00000163  00000-0  00000-0 0  9990
2 40146   0.0274 254.5952 0004127 298.6596 301.1027  1.00271887 25905
MEASAT-3B---------------
1 40147U 14054B   21286.84424339 -.00000259  00000-0  00000-0 0  9993
2 40147   0.0317  51.8475 0000879 186.0979 180.1344  1.00272667 25787
LUCH-(OLYMP)------------
1 40258U 14058A   21286.91873404  .00000033  00000-0  00000-0 0  9998
2 40258   0.0356 294.2126 0001549 280.7765 198.4079  1.00270552 23875
HIMAWARI-8--------------
1 40267U 14060A   21286.87380760 -.00000292  00000-0  00000-0 0  9992
2 40267   0.0166 183.2490 0000816  26.8240 267.8198  1.00272450 25647
IRNSS-1C----------------
1 40269U 14061A   21286.96784481 -.00000177  00000-0  00000-0 0  9995
2 40269   2.4769 141.2666 0020098   8.1001 304.8934  1.00272080 25565
INTELSAT-30-(IS-30)-----
1 40271U 14062A   21286.82679701 -.00000167  00000-0  00000-0 0  9991
2 40271   0.0180 242.0472 0002498 201.5171 141.6383  1.00270439 25476
ARSAT-1-----------------
1 40272U 14062B   21286.83150679 -.00000276  00000-0  00000-0 0  9992
2 40272   0.0416 281.0884 0001783 274.4267  54.6389  1.00271929 25496
EXPRESS-AM6-------------
1 40277U 14064A   21286.92814453  .00000081  00000-0  00000-0 0  9999
2 40277   0.0327 296.5982 0000250 190.2612 282.9856  1.00271678 25552
GSAT-16-----------------
1 40332U 14078A   21286.89146699  .00000068  00000-0  00000-0 0  9997
2 40332   0.0345 104.8303 0005040  12.7911 281.0567  1.00271105 24984
DIRECTV-14--------------
1 40333U 14078B   21286.62161201 -.00000141  00000-0  00000+0 0  9997
2 40333   0.0235 126.9764 0000664 328.8771  51.1002  1.00269784 25128
YAMAL-401---------------
1 40345U 14082A   21286.36130749 -.00000244  00000-0  00000-0 0  9994
2 40345   0.0068 217.7346 0000721 310.6543  73.7797  1.00271097 25288
ASTRA-2G----------------
1 40364U 14089A   21286.95188317  .00000133  00000-0  00000-0 0  9997
2 40364   0.0108  32.0299 0002151  66.9736 294.6024  1.00269227 24843
FENGYUN-2G--------------
1 40367U 14090A   21286.86569632 -.00000318  00000-0  00000-0 0  9991
2 40367   1.3183  91.5951 0002306 272.5116  69.8778  1.00268032 24871
MUOS-3------------------
1 40374U 15002A   21286.84284515 -.00000143  00000-0  00000-0 0  9991
2 40374   2.5463   3.0491 0059306 180.3659 127.1413  1.00273390 24462
INMARSAT-5-F2-----------
1 40384U 15005A   21286.83482109 -.00000301  00000-0  00000-0 0  9999
2 40384   0.0184 199.4395 0000179 174.8609 253.8420  1.00268610 23874
ABS-3A------------------
1 40424U 15010A   21286.84520003 -.00000043  00000-0  00000-0 0  9990
2 40424   0.0159 230.8656 0002373 235.1732 217.8449  1.00270944 24287
EUTELSAT-115-WEST-B-----
1 40425U 15010B   21286.85747786 -.00000041  00000-0  00000-0 0  9999
2 40425   0.0111  73.6262 0000480 199.8607 302.9612  1.00272342 24288
EXPRESS-AM7-------------
1 40505U 15012A   21286.65883816  .00000135  00000-0  00000+0 0  9995
2 40505   0.0172 192.4136 0002902  20.2574  86.9178  1.00271042 24232
IRNSS-1D----------------
1 40547U 15018A   21286.95435003 -.00000298  00000-0  00000-0 0  9993
2 40547  29.0836 269.2661 0018557 187.6135  21.1680  1.00275784 23871
BEIDOU-17---------------
1 40549U 15019A   21286.55116716 -.00000151  00000-0  00000-0 0  9997
2 40549  52.3036 315.6239 0038194 189.6261 168.4574  1.00295854 23958
THOR-7------------------
1 40613U 15022A   21286.84563615 -.00000024  00000-0  00000-0 0  9998
2 40613   0.0089 181.3401 0002634   8.8083 136.2754  1.00273459 23704
TURKMENALEM52E/MONACOSAT
1 40617U 15023A   21286.85618953  .00000087  00000-0  00000-0 0  9998
2 40617   0.0140 149.9253 0003044  42.6028 190.3464  1.00271599 23715
DIRECTV-15--------------
1 40663U 15026A   21286.61933066 -.00000118  00000-0  00000-0 0  9997
2 40663   0.0215 116.0760 0000145 359.8236  26.5946  1.00268648 23345
SKY-MEXICO-1------------
1 40664U 15026B   21286.83011131 -.00000250  00000-0  00000-0 0  9999
2 40664   0.0135 198.7251 0002129   0.4893  43.4495  1.00268462 23331
METEOSAT-11-(MSG-4)-----
1 40732U 15034A   21286.84581057 -.00000019  00000-0  00000-0 0  9997
2 40732   0.3612 113.7243 0001177  18.1959 195.3398  1.00264651 22906
STAR-ONE-C4-------------
1 40733U 15034B   21286.83185566 -.00000281  00000-0  00000-0 0  9993
2 40733   0.0177  17.0984 0001207 216.8608  18.1067  1.00268401 22902
WGS-F7-(USA-263)--------
1 40746U 15036A   21286.80891729  .00000002  00000-0  00000-0 0  9991
2 40746   0.0129 220.8665 0000199 337.3293 290.6254  1.00272073 22760
INTELSAT-34-(IS-34)-----
1 40874U 15039A   21286.83473387 -.00000301  00000-0  00000-0 0  9998
2 40874   0.0313 283.7649 0001022 123.0565 220.8083  1.00270315 22509
EUTELSAT-8-WEST-B-------
1 40875U 15039B   21286.84424064 -.00000081  00000-0  00000-0 0  9993
2 40875   0.0698  25.9485 0002303 134.3190 158.3112  1.00272395 22533
GSAT-6------------------
1 40880U 15041A   21286.90642233 -.00000177  00000-0  00000-0 0  9995
2 40880   0.0606  93.2005 0004097 102.1151 236.2153  1.00271357 22499
INMARSAT-5-F3-----------
1 40882U 15042A   21286.80978947  .00000034  00000-0  00000-0 0  9992
2 40882   0.0190 203.8405 0000468 255.7650  34.0960  1.00270604 22459
MUOS-4------------------
1 40887U 15044A   21286.86081209 -.00000110  00000-0  00000-0 0  9997
2 40887   2.5975 358.2618 0050369 356.2932  53.0030  1.00271598 22449
TJS-1-------------------
1 40892U 15046A   21286.87668581 -.00000174  00000-0  00000-0 0  9990
2 40892   0.0409  40.4000 0003186 316.2731 136.5318  1.00269039 22446
EXPRESS-AM8-------------
1 40895U 15048A   21286.91480014 -.00000128  00000-0  00000-0 0  9992
2 40895   0.0266 317.8968 0001157 306.6542  73.4720  1.00271259 22255
BEIDOU-20---------------
1 40938U 15053A   21286.48718690 -.00000106  00000-0  00000-0 0  9998
2 40938  51.8866 278.7068 0047659 196.6845 176.2464  1.00256595 22230
SKY-MUSTER-1-(NBN1A)----
1 40940U 15054A   21286.87372039 -.00000295  00000-0  00000-0 0  9997
2 40940   0.0142 238.0216 0001639 313.1712 286.2584  1.00270973 22148
ARSAT-2-----------------
1 40941U 15054B   21286.47076628 -.00000240  00000-0  00000-0 0  9999
2 40941   0.0276 271.3704 0001832 274.0946 285.2720  1.00272080 22207
MORELOS-3---------------
1 40946U 15056A   21286.72817799 -.00000061  00000-0  00000-0 0  9997
2 40946   4.0773 331.7171 0002130 180.0970  19.7359  1.00271892 22165
APSTAR-9----------------
1 40982U 15059A   21286.94576260 -.00000282  00000-0  00000-0 0  9994
2 40982   0.0524  81.9584 0002293  67.8096 355.4505  1.00271519 22033
TURKSAT-4B--------------
1 40984U 15060A   21286.85575344  .00000098  00000-0  00000-0 0  9994
2 40984   0.0159 185.0437 0002116 358.7511 196.9060  1.00274595 21984
CHINASAT-2C-(ZX-2C)-----
1 41021U 15063A   21286.20966749 -.00000338  00000-0  00000-0 0  9990
2 41021   0.0594  68.6871 0000936 256.4421 235.7469  1.00268077 21882
GSAT-15-----------------
1 41028U 15065A   21286.64912744 -.00000274  00000-0  00000-0 0  9992
2 41028   0.0644  89.1973 0002724  84.7125 175.7080  1.00272066 21689
BADR-7-(ARABSAT-6B)-----
1 41029U 15065B   21286.85095644  .00000128  00000-0  00000-0 0  9994
2 41029   0.0517 253.3008 0006153 332.7938 128.8996  1.00268636 21640
LAOSAT-1----------------
1 41034U 15067A   21286.87145272 -.00000359  00000-0  00000-0 0  9994
2 41034   0.0337  15.0911 0002028 154.3798 295.4249  1.00272386 21741
TELSTAR-12V-------------
1 41036U 15068A   21286.84275793 -.00000136  00000-0  00000-0 0  9999
2 41036   0.0183 197.7147 0001884 354.3355 118.9290  1.00269410 21504
CHINASAT-1C-(ZX-1C)-----
1 41103U 15073A   21286.96252255 -.00000165  00000-0  00000-0 0  9993
2 41103   2.7799  87.7646 0001906  71.3413 291.5702  1.00270597 21547
ELEKTRO-L-2-------------
1 41105U 15074A   21286.62758456 -.00000130  00000-0  00000-0 0  9995
2 41105   2.3672  91.0153 0002765  97.4829  45.3465  1.00271073 21394
COSMOS-2513-------------
1 41121U 15075A   21286.91132178 -.00000155  00000-0  00000-0 0  9990
2 41121   0.0497 110.6957 0003462 113.0930 207.2360  1.00271621 21409
EXPRESS-AMU1------------
1 41191U 15082A   21286.95188317  .00000139  00000-0  00000-0 0  9996
2 41191   0.0175 262.7446 0002722 302.1670 196.6163  1.00274367 21155
GAOFEN-4----------------
1 41194U 15083A   21286.76160387 -.00000351  00000-0  00000-0 0  9993
2 41194   0.0424 310.2364 0003498 266.7569 185.4380  1.00272761 21395
BELINTERSAT-1-----------
1 41238U 16001A   21286.85601510  .00000090  00000-0  00000-0 0  9990
2 41238   0.0391 288.1390 0001853 230.1411 224.0327  1.00272599 21135
IRNSS-1E----------------
1 41241U 16003A   21286.38266431 -.00000292  00000-0  00000-0 0  9998
2 41241  29.4317  88.4857 0022446 176.1594   6.9928  1.00268367 20954
EUTELSAT-9B-------------
1 41310U 16005A   21286.84755493  .00000045  00000-0  00000-0 0  9994
2 41310   0.0652  68.9579 0005349 179.4345  88.3464  1.00271524 20997
SES-9-------------------
1 41380U 16013A   21286.96724247 -.00000362  00000-0  00000-0 0  9999
2 41380   0.0242 273.7613 0001589 222.5978 342.9031  1.00271072 20322
EUTELSAT-65-WEST-A------
1 41382U 16014A   21286.83281507 -.00000292  00000-0  00000-0 0  9997
2 41382   0.0532  14.4539 0001881 174.7766  67.9786  1.00266952 20424
IRNSS-1F----------------
1 41384U 16015A   21286.85226472  .00000144  00000-0  00000-0 0  9997
2 41384   1.9708 177.3009 0017757 183.8224   0.7985  1.00271847 20549
BEIDOU-IGSO-6-----------
1 41434U 16021A   21285.59159036 -.00000146  00000-0  00000-0 0  9994
2 41434  57.7377  55.4169 0043450 210.6688  62.5149  1.00290108 20348
IRNSS-1G----------------
1 41469U 16027A   21286.85175513 -.00000351  00000-0  00000+0 0  9993
2 41469   1.9339 180.7897 0003037 320.4396 317.5151  1.00268394 20054
JCSAT-2B----------------
1 41471U 16028A   21286.87651139 -.00000181  00000-0  00000-0 0  9994
2 41471   0.0176 201.9919 0001776 355.2736 294.9422  1.00272241 20009
THAICOM-8---------------
1 41552U 16031A   21286.86142262 -.00000139  00000-0  00000-0 0  9992
2 41552   0.0946  77.0007 0001070  71.2484 263.0623  1.00272866 19591
INTELSAT-31-(IS-31)-----
1 41581U 16035A   21286.82679701 -.00000167  00000-0  00000-0 0  9998
2 41581   0.0146 231.9916 0001684 320.4532  32.7575  1.00270132 19488
BEIDOU-2-G7-------------
1 41586U 16037A   21286.90364374 -.00000370  00000-0  00000-0 0  9997
2 41586   1.9537  69.3249 0008304  12.7299  16.4663  1.00275463 19676
ABS-2A-(MONGOLSAT-1)----
1 41588U 16038A   21286.86854885 -.00000100  00000-0  00000-0 0  9997
2 41588   0.0159 200.3916 0002309 267.2409 302.3967  1.00269067 19582
EUTELSAT-117-WEST-B-----
1 41589U 16038B   21286.60671067 -.00000028  00000-0  00000+0 0  9997
2 41589   0.0087  76.2212 0000439 227.9963 179.6101  1.00271836 19584
BRISAT------------------
1 41591U 16039A   21286.83637104 -.00000213  00000-0  00000-0 0  9997
2 41591   0.0170 240.4056 0002220 310.8776 282.9303  1.00271575 19509
ECHOSTAR-18-------------
1 41592U 16039B   21286.95487764 -.00000298  00000-0  00000-0 0  9999
2 41592   0.0188 190.7440 0001485   8.0941 106.2895  1.00268024 19504
MUOS-5------------------
1 41622U 16041A   21286.61597131 -.00000178  00000-0  00000-0 0  9996
2 41622   6.1860 302.9334 0203360 230.2026 325.9964  1.00272511 19963
TIANTONG-1-1------------
1 41725U 16048A   21286.77792240 -.00000335  00000-0  00000-0 0  9997
2 41725   2.4338 347.8049 0002482 269.9817 146.1331  1.00276940 19158
JCSAT-16----------------
1 41729U 16050A   21286.87450536 -.00000267  00000-0  00000-0 0  9998
2 41729   0.0421  82.5434 0001448  24.2358  14.6513  1.00271694 18952
USA-270-----------------
1 41744U 16052A   21280.03478778  .00000146  00000-0  00000+0 0  9991
2 41744   0.0303 157.9489 0000462 165.0907 103.5254  1.00427824  1550
USA-271-----------------
1 41745U 16052B   21280.44939023 -.00000119  00000-0  00000+0 0  9993
2 41745   0.5554  93.6651 0000656  42.8204 124.7103  1.00060066  1557
INTELSAT-36-(IS-36)-----
1 41747U 16053A   21286.86854885 -.00000041  00000-0  00000-0 0  9995
2 41747   0.0133 292.4956 0002669  88.5539  22.7833  1.00271109 18847
INTELSAT-33E-(IS-33E)---
1 41748U 16053B   21286.91873404  .00000032  00000-0  00000-0 0  9999
2 41748   0.0395 328.7561 0001966 220.7579 223.9230  1.00271922 19127
INSAT-3DR---------------
1 41752U 16054A   21286.86055044 -.00000093  00000-0  00000-0 0  9999
2 41752   0.1215  93.3815 0011841 169.5119 143.5248  1.00271246 18689
GSAT-18-----------------
1 41793U 16060A   21286.86055044 -.00000094  00000-0  00000-0 0  9992
2 41793   0.0925  93.7436 0001052 309.0264   3.6629  1.00271820 18417
SKY-MUSTER-2-(NBN1B)----
1 41794U 16060B   21286.87467979 -.00000261  00000-0  00000-0 0  9994
2 41794   0.0158 235.2899 0001566 314.7090 292.3533  1.00270449 18408
HIMAWARI-9--------------
1 41836U 16064A   21286.87389483 -.00000292  00000-0  00000-0 0  9992
2 41836   0.0106 194.1755 0000388 324.9020 318.9313  1.00270122 18071
SHIJIAN-17-(SJ-17)------
1 41838U 16065A   21286.96117899 -.00000379  00000-0  00000-0 0  9991
2 41838   1.4100  91.8843 0000582  90.5085 303.9156  1.00268231 18095
GOES-16-----------------
1 41866U 16071A   21286.83080906 -.00000264  00000-0  00000-0 0  9996
2 41866   0.0942  77.4141 0000692 141.1290  27.9748  1.00270639 17992
TIANLIAN-1-04-----------
1 41869U 16072A   21286.80926616  .00000015  00000-0  00000-0 0  9997
2 41869   0.1831 274.9070 0022884 206.2607   9.5389  1.00272728 18191
WGS-F8-(USA-272)--------
1 41879U 16075A   21286.83637104 -.00000219  00000-0  00000-0 0  9992
2 41879   0.0145 145.2958 0000042 260.3105  67.9301  1.00270767 17710
FENGYUN-4A--------------
1 41882U 16077A   21286.93843627 -.00000346  00000-0  00000-0 0  9999
2 41882   0.1986 285.2686 0004255 118.9660  60.8647  1.00264071 17867
ECHOSTAR-19-------------
1 41893U 16079A   21286.82636093 -.00000155  00000-0  00000-0 0  9996
2 41893   0.0231 118.0435 0001888  77.8838  27.0863  1.00271751 17593
JCSAT-15----------------
1 41903U 16082A   21286.90364374 -.00000368  00000-0  00000-0 0  9997
2 41903   0.0168 197.7272 0001129   4.1139 256.2290  1.00271424 17634
STAR-ONE-D1-------------
1 41904U 16082B   21286.92117532 -.00000227  00000-0  00000-0 0  9996
2 41904   0.0209 129.0187 0001724  58.5343  82.7986  1.00271619 17657
TJS-2-------------------
1 41911U 17001A   21286.96062372 -.00000023  00000-0  00000-0 0  9995
2 41911   0.2591 285.5448 0005540 262.7488 246.7444  1.00272081 17619
SBIRS-GEO-4-(USA-273)---
1 41937U 17004A   21286.63623637  .00000111  00000-0  00000-0 0  9994
2 41937   2.8249 314.8249 0002552 235.2434 261.9971  1.00271920 17486
HISPASAT-36W-1----------
1 41942U 17006A   21286.83857146 -.00000261  00000-0  00000-0 0  9995
2 41942   0.0030 103.5680 0001033  94.0167  90.9297  1.00271077 17113
TELKOM-3S---------------
1 41944U 17007A   21286.89725164 -.00000379  00000-0  00000-0 0  9998
2 41944   0.0132 243.4732 0002201 317.6462 262.5782  1.00270070 17028
INTELSAT-32E-(IS-32E)---
1 41945U 17007B   21286.83717597 -.00000285  00000-0  00000-0 0  9990
2 41945   0.0181 187.2932 0000535 281.7312 171.7764  1.00267170 17111
ECHOSTAR-23-------------
1 42070U 17014A   21286.83220455 -.00000286  00000-0  00000-0 0  9991
2 42070   0.0172 194.9461 0002070   7.5836  51.7830  1.00270153 16816
WGS-F9-(USA-275)--------
1 42075U 17016A   21286.84336846 -.00000113  00000-0  00000-0 0  9990
2 42075   0.0126 195.6243 0000723 309.9110 168.6494  1.00269242 16780
SES-10------------------
1 42432U 17017A   21286.83246619 -.00000289  00000-0  00000-0 0  9999
2 42432   0.0148 269.1137 0002786 287.2118  59.0783  1.00268972 16623
CHINASAT-16-(SJ-13)-----
1 42662U 17018A   21286.96427435 -.00000369  00000-0  00000-0 0  9995
2 42662   0.0602  69.4921 0006602 159.3531 251.5755  1.00271707 16622
KOREASAT-7--------------
1 42691U 17023A   21286.88852951 -.00000379  00000-0  00000-0 0  9990
2 42691   0.0103 292.5587 0001666 280.9639 244.9367  1.00271050 16268
SGDC--------------------
1 42692U 17023B   21286.14699095 -.00000264  00000-0  00000+0 0  9990
2 42692   0.0350  51.4028 0002192 142.4044 166.2069  1.00270876 16329
GSAT-9------------------
1 42695U 17024A   21286.86517302 -.00000303  00000-0  00000-0 0  9998
2 42695   0.0923  90.9087 0002514 112.7968 227.7163  1.00270817 16181
INMARSAT-5-F4-----------
1 42698U 17025A   21286.85706171  .00000058  00000-0  00000-0 0  9991
2 42698   0.0189 206.4587 0000073  83.7283  97.4765  1.00272002 16146
SES-15------------------
1 42709U 17026A   21286.74304587  .00000043  00000-0  00000-0 0  9992
2 42709   0.0230 343.6338 0000847 203.6004 333.6440  1.00276362 17034
QZS-2-(MICHIBIKI-2)-----
1 42738U 17028A   21286.82732293 -.00000203  00000-0  00000-0 0  9993
2 42738  42.1892 267.6505 0747578 270.5441 281.0041  1.00255603 16021
VIASAT-2----------------
1 42740U 17029A   21286.83185566 -.00000281  00000-0  00000-0 0  9999
2 42740   0.0225 261.1285 0000230 214.6362 136.4196  1.00271060 16062
EUTELSAT-172B-----------
1 42741U 17029B   21286.88008731 -.00000022  00000-0  00000-0 0  9996
2 42741   0.0174 202.6762 0000390 261.2436  47.5792  1.00270072 16609
GSAT-19-----------------
1 42747U 17031A   21286.85531735  .00000109  00000-0  00000-0 0  9992
2 42747   0.0738  90.8624 0005491  57.1746 230.4185  1.00268130 16014
ECHOSTAR-21-------------
1 42749U 17032A   21286.84781659  .00000045  00000-0  00000-0 0  9995
2 42749   4.5069 311.1528 0002485 221.6100 165.3437  1.00269812 15996
BULGARIASAT-1-----------
1 42801U 17038A   21286.84615944 -.00000005  00000-0  00000-0 0  9990
2 42801   0.0610  97.1673 0002666 105.5296 126.4541  1.00271995 15705
HELLAS-SAT-3------------
1 42814U 17040A   21286.94632602  .00000135  00000-0  00000-0 0  9991
2 42814   0.0684  31.4039 0000735  59.6432 311.3464  1.00271206 15695
GSAT-17-----------------
1 42815U 17040B   21286.77826961 -.00000275  00000-0  00000-0 0  9992
2 42815   0.0916  95.3888 0004690 147.5978 153.2670  1.00271977 15665
INTELSAT-35E-(IS-35E)---
1 42818U 17041A   21286.83892035 -.00000254  00000-0  00000-0 0  9995
2 42818   0.0113 207.3038 0001801 344.5535  98.2762  1.00271616 15691
COSMOS-2520-------------
1 42907U 17046A   21286.92657459  .00000120  00000-0  00000-0 0  9999
2 42907   0.0212 151.2805 0000176   6.4480 243.5559  1.00271153 15275
TDRS-13-----------------
1 42915U 17047A   21286.79477902 -.00000119  00000-0  00000-0 0  9996
2 42915   4.8401 331.6395 0015051 119.3866 206.1210  1.00271472 15222
QZS-3-(MICHIBIKI-3)-----
1 42917U 17048A   21286.79932328 -.00000365  00000-0  00000-0 0  9990
2 42917   0.0759 140.8708 0002644  62.2247 234.2719  1.00268193 15131
AMAZONAS-5--------------
1 42934U 17053A   21286.95019635 -.00000299  00000-0  00000-0 0  9996
2 42934   0.0368 319.8616 0002475 267.4000  76.5391  1.00272286 14961
ASIASAT-9---------------
1 42942U 17057A   21286.36767441 -.00000375  00000-0  00000-0 0  9994
2 42942   0.0051 197.2644 0002222 349.0666  90.2959  1.00269772 14816
INTELSAT-37E-(IS-37E)---
1 42950U 17059A   21286.84223462 -.00000157  00000-0  00000-0 0  9996
2 42950   0.0180 177.5033 0003118  27.8843 102.4324  1.00270833 14940
BSAT-4A-----------------
1 42951U 17059B   21286.90364374 -.00000367  00000-0  00000-0 0  9995
2 42951   0.0985  60.8777 0000684  45.8372 351.1317  1.00271389 14688
QZS-4-(MICHIBIKI-4)-----
1 42965U 17062A   21286.52841112 -.00000336  00000-0  00000+0 0  9997
2 42965  40.8129   5.3017 0748488 269.9510  76.8285  1.00272760 14689
SES-11-(ECHOSTAR-105)---
1 42967U 17063A   21286.87134712 -.00000105  00000-0  00000-0 0  9994
2 42967   0.0166 241.6957 0002214 325.2866  24.4154  1.00271614 14601
KOREASAT-5A-------------
1 42984U 17067A   21286.86831286 -.00000375  00000-0  00000-0 0  9995
2 42984   0.0171 182.7442 0001861   0.6467 265.0038  1.00270622 14419
ALCOMSAT-1--------------
1 43039U 17078A   21286.84083913 -.00000202  00000-0  00000-0 0  9992
2 43039   0.0342 145.6534 0002229  58.2611  96.6105  1.00270405 14164
SBIRS-GEO-3-(USA-282)---
1 43162U 18009A   21286.87354595 -.00000311  00000-0  00000-0 0  9995
2 43162   4.0221 317.6388 0002561 233.8744 284.6129  1.00270851 13727
AL-YAH-3----------------
1 43174U 18012A   21286.84179854 -.00000172  00000-0  00000-0 0  9997
2 43174   0.0185 235.9960 0001982 318.0355 111.5343  1.00270307 13736
SES-14------------------
1 43175U 18012B   21286.83630380 -.00000294  00000-0  00000-0 0  9998
2 43175   0.0170 251.2562 0001117 296.2747  88.6602  1.00271840 13940
GOES-17-----------------
1 43226U 18022A   21286.63660356  .00000082  00000-0  00000-0 0  9994
2 43226   0.0461 295.1261 0000463 214.7638 324.5096  1.00271281 13296
HISPASAT-30W-6----------
1 43228U 18023A   21286.51577340 -.00000232  00000-0  00000+0 0  9991
2 43228   0.0554  36.3260 0002382 146.9476 354.7410  1.00270759 13376
SUPERBIRD-8-------------
1 43271U 18033A   21286.87808130 -.00000109  00000-0  00000-0 0  9997
2 43271   0.0117 166.4097 0001036  31.8338 302.5203  1.00271744 12933
HYLAS-4-----------------
1 43272U 18033B   21286.83909477 -.00000249  00000-0  00000-0 0  9995
2 43272   0.0300 183.5632 0004453   0.5448 107.1103  1.00271425 12961
IRNSS-1I----------------
1 43286U 18035A   21286.57236949  .00000100  00000-0  00000-0 0  9995
2 43286  29.3337 101.3896 0020790 177.6211   4.4910  1.00269505 12956
USA-283-----------------
1 43339U 18036A   21286.51367762 -.00000333  00000-0  00000+0 0  9995
2 43339   0.0238 222.3647 0000241  32.1814  86.7847  1.00270944  1614
COSMOS-2526-------------
1 43432U 18037A   21286.87136550 -.00000361  00000-0  00000-0 0  9990
2 43432   0.0215 146.2852 0000454  65.2675 252.8670  1.00274669 12859
APSTAR-6C---------------
1 43450U 18041A   21285.90018631 -.00000332  00000-0  00000-0 0  9995
2 43450   0.0131 259.1869 0002588 318.8115 261.7488  1.00268628 12713
BANGABANDHUSAT-1--------
1 43463U 18044A   21286.86953391 -.00000379  00000-0  00000-0 0  9990
2 43463   0.0180 199.3437 0002264   5.1191 250.3101  1.00267850 12585
SES-12------------------
1 43488U 18049A   21286.90762514 -.00000286  00000-0  00000-0 0  9999
2 43488   0.0438  48.6534 0001951 192.1369 203.6476  1.00270877 12307
FENGYUN-2H--------------
1 43491U 18050A   21286.91132178 -.00000144  00000-0  00000-0 0  9996
2 43491   0.5286 104.3350 0004108  39.3677 286.1257  1.00274728 12317
BEIDOU-IGSO-7-----------
1 43539U 18057A   21286.88569782 -.00000156  00000-0  00000-0 0  9990
2 43539  55.0617 177.8979 0040845 223.5736  52.8040  1.00285892 12037
TELSTAR-19V-------------
1 43562U 18059A   21286.83325116 -.00000296  00000-0  00000-0 0  9999
2 43562   0.0093 220.6880 0003070 301.4680  97.4207  1.00270400 12031
TELKOM-4-(MERAH-PUTIH)--
1 43587U 18064A   21286.96724247 -.00000361  00000-0  00000-0 0  9997
2 43587   0.0130 243.4892 0001490 324.6042 270.8672  1.00272182 11759
TELSTAR-18V-(APSTAR-5C)-
1 43611U 18069A   21286.87328431 -.00000311  00000-0  00000-0 0  9990
2 43611   0.0188 201.6973 0002104 349.8618 283.4635  1.00269077 11519
AZERSPACE-2-(IS-38)-----
1 43632U 18074A   21286.85479404  .00000120  00000-0  00000-0 0  9991
2 43632   0.0166 178.4559 0001421  18.2824 178.7351  1.00271797 11340
HORIZONS-3E-------------
1 43633U 18074B   21286.87947679 -.00000047  00000-0  00000-0 0  9997
2 43633   0.0065 104.0064 0001276 178.6376 225.6587  1.00271048 11225
AEHF-4-(USA-288)--------
1 43651U 18079A   21286.83229177 -.00000293  00000-0  00000-0 0  9997
2 43651   2.9185 313.5229 0002999 244.7559  56.4334  1.00271090 11171
BEIDOU-3-G1-------------
1 43683U 18085A   21286.84301208 -.00000295  00000-0  00000-0 0  9998
2 43683   0.9038 210.7727 0004326  24.5866 230.7485  1.00275388 10934
GSAT-29-----------------
1 43698U 18089A   21286.85680006  .00000068  00000-0  00000-0 0  9992
2 43698   0.0838  90.7740 0002419 118.2524 177.1308  1.00271185 10662
ES'HAIL-2---------------
1 43700U 18090A   21286.85095644  .00000128  00000-0  00000-0 0  9993
2 43700   0.0171 180.4425 0002266  41.6810 132.6365  1.00272055 10554
GEO-KOMPSAT-2A----------
1 43823U 18100A   21286.87136550 -.00000360  00000-0  00000-0 0  9994
2 43823   0.0244 298.9493 0001615 286.0874 239.5794  1.00271307 10500
GSAT-11-----------------
1 43824U 18100B   21286.86055044 -.00000094  00000-0  00000-0 0  9996
2 43824   0.0104 205.3347 0005973 282.8534 278.2848  1.00272324 10380
GSAT-7A-----------------
1 43864U 18105A   21286.91934985  .00000009  00000-0  00000-0 0  9996
2 43864   0.0874 114.5620 0002374  91.4126 210.4965  1.00273707 10346
COSMOS-2533-------------
1 43867U 18107A   21286.96754473 -.00000055  00000-0  00000-0 0  9990
2 43867   0.0149 152.2955 0000482 234.0071  54.7547  1.00268450 10294
TJS-3-------------------
1 43874U 18110A   21286.91873404  .00000039  00000-0  00000-0 0  9994
2 43874   0.0276 328.9489 0000768 221.4994 222.0014  1.00274797 10298
TJS-3-AKM---------------
1 43917U 18110C   21286.91873404  .00000039  00000-0  00000-0 0  9992
2 43917   0.0149 207.6321 0006625 348.8350 216.1666  1.00269488 10244
CHINASAT-2D-(ZX-2D)-----
1 43920U 19001A   21286.95469705 -.00000354  00000-0  00000-0 0  9996
2 43920   0.0306 334.2383 0001605  44.9184 117.2819  1.00272572 10238
HELLAS-SAT-4-&-SGS-1----
1 44034U 19007A   21286.94632602  .00000136  00000-0  00000-0 0  9993
2 44034   0.0657 125.9973 0006043  38.5060 237.8891  1.00270664 10236
GSAT-31-----------------
1 44035U 19007B   21286.84493913  .00000109  00000-0  00000-0 0  9993
2 44035   0.0420 101.0497 0003996 126.6969 146.9151  1.00272964  9852
NUSANTARA-SATU----------
1 44048U 19009A   21286.87494146 -.00000251  00000-0  00000-0 0  9990
2 44048   0.0175 166.7392 0001870  27.4112 289.5011  1.00271279  9646
CHINASAT-6C-(ZX-6C)-----
1 44067U 19012A   21286.95469705 -.00000355  00000-0  00000-0 0  9992
2 44067   0.0557 267.4159 0003265  12.7819 216.1667  1.00266444  9610
WGS-10-(USA-291)--------
1 44071U 19014A   21286.91529307  .00000030  00000-0  00000-0 0  9999
2 44071   0.0165 177.0143 0000319 295.3495 300.1792  1.00270302  9504
TIANLIAN-2-01-----------
1 44076U 19017A   21286.96487708 -.00000153  00000-0  00000-0 0  9997
2 44076   0.8439 282.3163 0033488 229.0530 298.7054  1.00269332  9492
ARABSAT-6A--------------
1 44186U 19021A   21286.95188317  .00000137  00000-0  00000-0 0  9998
2 44186   0.0535 330.5043 0006709 264.9599 160.4480  1.00271466  9045
BEIDOU-3-IGSO-1---------
1 44204U 19023A   21286.75604692 -.00000209  00000-0  00000-0 0  9999
2 44204  56.1976  55.6352 0023017 186.1611 171.5683  1.00285787  9236
BEIDOU-2-G8-------------
1 44231U 19027A   21286.94637313 -.00000263  00000-0  00000-0 0  9990
2 44231   0.3322  44.9094 0007376 154.1719 308.7883  1.00275729  8959
YAMAL-601---------------
1 44307U 19031A   21285.92251297  .00000106  00000-0  00000-0 0  9994
2 44307   0.0270 221.0692 0001992 325.1901 216.5724  1.00272315  8807
AT&T-T-16---------------
1 44333U 19034A   21286.62040109 -.00000130  00000-0  00000-0 0  9990
2 44333   0.0182 200.4144 0000371 268.6417  35.8103  1.00267859  8512
EUTELSAT-7C-------------
1 44334U 19034B   21286.84720605  .00000032  00000-0  00000-0 0  9991
2 44334   0.0355 251.7086 0003047 289.0287 153.9168  1.00271591  8986
BEIDOU-3-IGSO-2---------
1 44337U 19035A   21286.94915589 -.00000155  00000-0  00000-0 0  9990
2 44337  55.0953 173.9296 0020254 180.6586 129.4475  1.00276473  8576
COSMOS-2539-------------
1 44457U 19048A   21286.91994601  .00000064  00000-0  00000-0 0  9994
2 44457   0.0228 131.2261 0000245 214.3092  20.3400  1.00270474  8110
EDRS-C------------------
1 44475U 19049A   21286.85057222  .00000138  00000-0  00000-0 0  9999
2 44475   0.0761 269.5933 0000751 296.6483 153.7729  1.00271395  8075
INTELSAT-39-(IS-39)-----
1 44476U 19049B   21286.91934985  .00000017  00000-0  00000-0 0  9993
2 44476   0.0185 235.3971 0000971 186.1804 354.0302  1.00270882  8032
AMOS-17-----------------
1 44479U 19050A   21286.92410611  .00000093  00000-0  00000-0 0  9998
2 44479   0.0180 246.5848 0002167 310.2735 175.5161  1.00272338  8069
AEHF-5-(USA-292)--------
1 44481U 19051A   21286.75517397  .00000064  00000-0  00000+0 0  9999
2 44481   4.9352 305.4102 0004298 236.2965 167.1754  1.00270317  8142
EUTELSAT-5-WEST-B-------
1 44624U 19067A   21286.84476396 -.00000058  00000-0  00000-0 0  9993
2 44624   0.0769  39.3032 0005719 104.0519 178.3963  1.00271600  7322
MEV-1-------------------
1 44625U 19067B   21286.33784581 -.00000217  00000-0  00000-0 0  9993
2 44625   0.0383  70.7235 0000999 119.5540 285.9969  1.00270331  5856
TJS-4-------------------
1 44637U 19070A   21286.96784481 -.00000187  00000-0  00000-0 0  9994
2 44637   0.0873 293.1741 0002532 187.5676 334.0153  1.00270147  7438
BEIDOU-3-IGSO-3---------
1 44709U 19073A   21286.71845288 -.00000157  00000-0  00000-0 0  9990
2 44709  57.6570 298.9392 0020214 186.4027 275.7135  1.00281582  7335
TIBA-1------------------
1 44800U 19080A   21286.95188317  .00000139  00000-0  00000-0 0  9998
2 44800   0.0564  10.2806 0002122 184.0366 206.5811  1.00271628  6933
INMARSAT-GX5------------
1 44801U 19080B   21286.84799102  .00000059  00000-0  00000-0 0  9998
2 44801   0.0623 316.4870 0002771 239.4023 143.0400  1.00273745  6983
JCSAT-18-(KACIFIC-1)----
1 44868U 19091A   21286.83637104 -.00000217  00000-0  00000-0 0  9992
2 44868   0.0217 282.3395 0000812 287.6137 263.7508  1.00271976  6908
ELEKTRO-L-3-------------
1 44903U 19095A   21286.86098653 -.00000114  00000-0  00000-0 0  9995
2 44903   0.0537  26.1547 0001551 205.0425 177.4158  1.00272096  6592
SHIJIAN-20-(SJ-20)------
1 44910U 19097A   21286.90612137 -.00000223  00000-0  00000-0 0  9990
2 44910   0.5504  93.3926 0003562  61.7963 281.1838  1.00268472  6573
TJS-5-------------------
1 44978U 20002A   21286.96724247 -.00000360  00000-0  00000-0 0  9996
2 44978   0.2556 284.6318 0005215 227.5765 326.2731  1.00272540  6585
GSAT-30-----------------
1 45026U 20005A   21286.90642233 -.00000182  00000-0  00000-0 0  9994
2 45026   0.0649  96.9653 0003365  16.3418 318.7023  1.00271604  6399
EUTELSAT-KONNECT--------
1 45027U 20005B   21286.84720605  .00000033  00000-0  00000-0 0  9992
2 45027   0.0528 102.4038 0000333 208.7936  23.6697  1.00267382  7219
JCSAT-17----------------
1 45245U 20013A   21286.51692994 -.00000333  00000-0  00000-0 0  9990
2 45245   6.3997 344.4855 0003406 212.0039 147.8957  1.00270738  6116
GEO-KOMPSAT-2B----------
1 45246U 20013B   21286.87136550 -.00000360  00000-0  00000-0 0  9991
2 45246   0.0379  43.4798 0001276  92.2509 328.8913  1.00271526  6149
BEIDOU-3-G2-------------
1 45344U 20017A   21286.96487708 -.00000159  00000-0  00000-0 0  9994
2 45344   2.2894 341.0398 0003147 176.3889 292.7041  1.00271068  6143
AEHF-6-(USA-298)--------
1 45465U 20022B   21286.83667255 -.00000320  00000-0  00000-0 0  9997
2 45465   6.5178 304.9425 0048011 349.7625 166.8835  1.00271640  5890
BEIDOU-3-G3-------------
1 45807U 20040A   21286.96427435 -.00000372  00000-0  00000-0 0  9992
2 45807   2.0142 299.1709 0010487 337.6344 203.4722  1.00264398  4964
APSTAR-6D---------------
1 45863U 20045A   21286.87249934 -.00000334  00000-0  00000-0 0  9993
2 45863   0.0593  93.3369 0002042  77.7701 299.6741  1.00271525  4741
KOREASAT-116------------
1 45920U 20048A   21286.82776278 -.00000379  00000-0  00000-0 0  9990
2 45920   0.0178 243.2384 0001019 298.5580 255.0357  1.00272550  4511
EXPRESS-103-------------
1 45985U 20053A   21286.66958807 -.00000297  00000-0  00000-0 0  9998
2 45985   0.0267 302.6609 0000658 339.6283  77.7221  1.00272057  4528
EXPRESS-80--------------
1 45986U 20053B   21286.93355205 -.00000153  00000-0  00000-0 0  9993
2 45986   0.0248 321.3865 0001235 316.5462 160.8635  1.00271147  4527
BSAT-4B-----------------
1 46112U 20056A   21286.79592177 -.00000367  00000-0  00000-0 0  9990
2 46112   0.0933 108.5283 0003390  56.2988 254.1300  1.00272055  4260
MEV-2-------------------
1 46113U 20056B   21286.34299168 -.00000026  00000-0  00000-0 0  9998
2 46113   0.0375  76.5985 0000946 111.1134 316.9026  1.00269966 63424
GALAXY-30-(G-30)--------
1 46114U 20056C   21286.60107836  .00000021  00000-0  00000-0 0  9992
2 46114   0.0169 189.3264 0002818   8.0403 276.4206  1.00271415  4171
GAOFEN-13---------------
1 46610U 20071A   21286.96117899 -.00000381  00000-0  00000-0 0  9999
2 46610   1.1130 276.2830 0003467 269.0907 301.2008  1.00267609  3790
TIANTONG-1-2------------
1 46916U 20082A   21286.51175882 -.00000376  00000-0  00000-0 0  9991
2 46916   4.7219 297.3881 0002850 245.1855 148.8163  1.00267019  3532
LUCAS-(JDRS-1)----------
1 47202U 20089A   21286.93564529 -.00000252  00000-0  00000-0 0  9996
2 47202   0.0100 200.0026 0001268 337.7011 272.6182  1.00268707  3289
SXM-7-------------------
1 47240U 20096A   21286.77903049 -.00000038  00000-0  00000-0 0  9994
2 47240   0.0193 230.5298 0001167 155.1669 162.0195  1.00270120  3201
CMS-01------------------
1 47256U 20099A   21286.90642233 -.00000182  00000-0  00000-0 0  9994
2 47256   0.0904  95.9739 0006454 152.4387 183.6447  1.00270828  3071
TURKSAT-5A--------------
1 47306U 21001A   21286.95188317  .00000137  00000-0  00000-0 0  9996
2 47306   0.0163 174.0699 0000317 262.3644 319.9086  1.00271880  2854
TIANTONG-1-3------------
1 47321U 21003A   21286.64668534 -.00000175  00000-0  00000-0 0  9998
2 47321   4.9733 308.8028 0003542 264.4558 123.5260  1.00271599  2850
TJS-6-------------------
1 47613U 21010A   21286.81854251  .00000026  00000-0  00000-0 0  9996
2 47613   0.4246 281.7162 0001842 332.8364 241.1616  1.00271404  2710
SBIRS-GEO-5-(USA-315)---
1 48618U 21042A   21286.86719534 -.00000286  00000-0  00000-0 0  9995
2 48618   7.7642 327.1795 0002727 214.7495 106.8502  1.00545012  1639
FENGYUN-4B--------------
1 48808U 21047A   21286.89892929 -.00000374  00000-0  00000-0 0  9992
2 48808   0.2109 284.3953 0002842 147.0665  38.3367  1.00279765  1458
SXM-8-------------------
1 48838U 21049A   21284.48382417 -.00000214  00000-0  00000+0 0  9998
2 48838   0.1047 101.4477 0001703 270.0037  97.8079  1.00269451  1480
TIANLIAN-1-05-----------
1 49011U 21063A   21286.84790382  .00000052  00000-0  00000-0 0  9994
2 49011   2.7849 285.8974 0003122 330.6884  81.8368  1.00271604   960
STAR-ONE-D2-------------
1 49055U 21069A   21286.13348819 -.00000279  00000-0  00000+0 0  9995
2 49055   0.0172 176.1343 0002754  42.9733 140.8927  1.00270123   788
EUTELSAT-QUANTUM--------
1 49056U 21069B   21286.79841020  .00000110  00000-0  00000-0 0  9994
2 49056   0.0159 158.2525 0002158  87.6402 111.8230  1.00270131   801
CHINASAT-2E-(ZX-2E)-----
1 49062U 21071A   21286.93712800 -.00000308  00000-0  00000-0 0  9993
2 49062   0.1738 265.2185 0001340  30.8539 162.0521  1.00268498   945
TJS-7-------------------
1 49115U 21077A   21286.87502867 -.00000249  00000-0  00000-0 0  9995
2 49115   0.9064 275.3123 0001115 296.5969 272.2313  1.00268614   691
CHINASAT-9B-------------
1 49125U 21080A   21286.93773853 -.00000329  00000-0  00000-0 0  9991
2 49125   0.0226 254.2374 0003699 284.4520 282.9720  1.00267302   520
