AOR-E (EGNOS/PRN 120)   
1 24307U 96053A   19042.88951649 -.00000203  00000-0  00000-0 0  9991
2 24307   3.8649  74.6694 0007226 253.6621 111.9645  1.00003450 82107
CRE (WAAS/PRN 138)      
1 28868U 05036A   19042.65676375 -.00000072  00000-0  00000+0 0  9996
2 28868   0.0128  66.7891 0002676 291.0335 272.6952  1.00271268 49256
CRW (WAAS/PRN 135)      
1 28884U 05041A   19043.12110677  .00000081  00000-0  00000+0 0  9990
2 28884   0.0665 278.8438 0001731  48.6557  84.9441  1.00273563 48735
IOR-W (EGNOS/PRN 126)   
1 28899U 05044A   19042.93783299  .00000013  00000-0  00000-0 0  9999
2 28899   2.7790  23.4357 0003087 310.9418 208.8249  1.00271602 48623
MTSAT-2 (MSAS/PRN 137)  
1 28937U 06004A   19043.02688458 -.00000241  00000-0  00000+0 0  9994
2 28937   0.0446 210.4705 0003577 109.1744 336.7997  1.00271015 47453
QZS-1 (QZSS/PRN 183)    
1 37158U 10045A   19042.63513123 -.00000174  00000-0  00000+0 0  9996
2 37158  41.2363 150.6053 0758357 270.6269  83.4954  1.00258058 30816
GSAT-8 (GAGAN/PRN 127)  
1 37605U 11022A   19043.19196368  .00000087  00000-0  00000+0 0  9991
2 37605   0.0518 274.1357 0007420   5.8224 346.1453  1.00272742 28348
LUCH 5A (SDCM/PRN 140)  
1 37951U 11074B   19043.21403438 -.00000055  00000-0  00000+0 0  9990
2 37951   2.2473 134.6209 0003772 191.0677  59.0922  1.00273514 26299
SES-5 (EGNOS/PRN 136)   
1 38652U 12036A   19042.89475066  .00000036  00000-0  00000-0 0  9996
2 38652   0.0147 130.8980 0002078 192.3592 145.4713  1.00272214 17614
GSAT-10 (GAGAN/PRN 128) 
1 38779U 12051B   19043.12566432 -.00000163  00000-0  00000+0 0  9999
2 38779   0.0589 104.7264 0001131 229.5019 295.8630  1.00272202 23392
LUCH 5B (SDCM/PRN 125)  
1 38977U 12061A   19043.07178031 -.00000131  00000-0  00000+0 0  9993
2 38977   4.7507  70.6959 0005712 279.3069 161.3769  1.00272659 23286
ASTRA 5B (EGNOS/PRN 123)
1 39617U 14011B   19043.20563303  .00000156  00000-0  00000+0 0  9993
2 39617   0.0289  61.1312 0003590 257.5337 288.8022  1.00269824 17976
LUCH 5V (SDCM/PRN 141)  
1 39727U 14023A   19042.92932377 -.00000266  00000-0  00000-0 0  9991
2 39727   1.4774 301.5992 0003062  53.0335 216.3401  1.00272412535629
GSAT-15 (GAGAN/PRN 139) 
1 41028U 15065A   19042.63049046 -.00000256  00000-0  00000-0 0  9994
2 41028   0.0994 271.6332 0001205  13.8023 176.4125  1.00271171 11950
E 117 W B (WAAS/PRN 131)
1 41589U 16038B   19042.39771628 -.00000009  00000-0  00000-0 0  9994
2 41589   0.0126 216.8408 0000325 215.4795  94.9932  1.00270879  9784
QZS-2 (QZSS/PRN 184)    
1 42738U 17028A   19041.53365370 -.00000139  00000-0  00000+0 0  9992
2 42738  43.8078 281.2739 0746904 270.3559 281.3189  1.00273180  6223