IRNSS-1A                
1 39199U 13034A   19112.53935865  .00000099  00000-0  00000+0 0  9997
2 39199  30.0207 103.6220 0019137 188.6302 167.1805  1.00275713 21443
IRNSS-1B                
1 39635U 14017A   19112.53935865  .00000063  00000-0  00000+0 0  9995
2 39635  28.6080 284.0918 0020436 176.5641 358.8043  1.00273894 18609
IRNSS-1C                
1 40269U 14061A   19113.47809137 -.00000177  00000-0  00000+0 0  9992
2 40269   1.9932 212.6574 0017863   9.7335 244.0639  1.00270538 16636
IRNSS-1D                
1 40547U 15018A   19112.66327337 -.00000319  00000-0  00000-0 0  9990
2 40547  29.3397 284.1942 0022922 182.2448  95.2153  1.00271045 14797
IRNSS-1E                
1 41241U 16003A   19112.46767447 -.00000283  00000-0  00000+0 0  9994
2 41241  29.1699 103.2075 0020057 186.2362 200.8932  1.00268125 12002
IRNSS-1F                
1 41384U 16015A   19112.87688299  .00000143  00000-0  00000-0 0  9992
2 41384   2.8196 242.7693 0022456 178.3593 137.6191  1.00269607 11490
IRNSS-1G                
1 41469U 16027A   19112.98485969 -.00000352  00000-0  00000+0 0  9992
2 41469   2.8691 244.9703 0005497 190.0384 259.7692  1.00266715 10998
IRNSS-1I                
1 43286U 18035A   19112.82605414  .00000110  00000-0  00000+0 0  9995
2 43286  29.1558 116.5826 0020535 191.0921 255.3836  1.00275890  3874
