IRNSS-1A----------------
1 39199U 13034A   23099.52965898  .00000101  00000+0  00000+0 0  9997
2 39199  33.0947  80.8936 0018030 187.0572 175.1948  1.00272387 35974
IRNSS-1B----------------
1 39635U 14017A   23099.52965898  .00000103  00000+0  00000+0 0  9996
2 39635  28.9963 260.1501 0021255 177.2985   5.7808  1.00275629 33101
IRNSS-1C----------------
1 40269U 14061A   23100.85024924 -.00000155  00000+0  00000+0 0  9993
2 40269   3.6206 117.3507 0018263   3.6561 106.8270  1.00268706 31025
IRNSS-1D----------------
1 40547U 15018A   23100.83129656 -.00000281  00000+0  00000+0 0  9991
2 40547  28.3679 260.1231 0022362 177.8884 171.7946  1.00275681 29321
IRNSS-1E----------------
1 41241U 16003A   23100.87383374 -.00000282  00000+0  00000+0 0  9992
2 41241  30.6504  80.0204 0018549 185.3756 359.8304  1.00274006 26413
IRNSS-1F----------------
1 41384U 16015A   23100.84013810  .00000165  00000+0  00000+0 0  9994
2 41384   2.6456 137.2619 0020989 193.9289 202.4937  1.00267402 26000
IRNSS-1G----------------
1 41469U 16027A   23100.83649358 -.00000330  00000+0  00000+0 0  9997
2 41469   2.5490 139.2929 0007130 291.5996 198.3976  1.00265339 25518
IRNSS-1I----------------
1 43286U 18035A   23100.55784515  .00000108  00000+0  00000+0 0  9993
2 43286  28.9223  92.5368 0019716 188.7396 173.1707  1.00268357 18412
