IRNSS-1A----------------
1 39199U 13034A   23023.23382782  .00000064  00000+0  00000+0 0  9995
2 39199  32.9188  82.0493 0020622 188.3622 351.0610  1.00275608 35207
IRNSS-1B----------------
1 39635U 14017A   23022.74632994  .00000128  00000+0  00000+0 0  9991
2 39635  29.1467 261.4386 0018602 180.8620   3.2669  1.00270187 32332
IRNSS-1C----------------
1 40269U 14061A   23024.12271272 -.00000167  00000+0  00000+0 0  9991
2 40269   3.4450 120.0864 0016524   8.0008 122.1830  1.00268039 30395
IRNSS-1D----------------
1 40547U 15018A   23023.55493028 -.00000263  00000+0  00000+0 0  9991
2 40547  28.5213 261.4358 0018101 177.6228 355.2176  1.00271387 28802
IRNSS-1E----------------
1 41241U 16003A   23024.07063396 -.00000312  00000+0  00000+0 0  9992
2 41241  30.4726  81.2042 0021733 189.1494 349.9468  1.00268172 25765
IRNSS-1F----------------
1 41384U 16015A   23023.68245253  .00000153  00000+0  00000+0 0  9995
2 41384   2.5100 141.7803 0023542 181.4460  77.6307  1.00266760 25223
IRNSS-1G----------------
1 41469U 16027A   23023.58063561 -.00000340  00000+0  00000+0 0  9990
2 41469   2.4194 144.0525 0003683 264.8933  52.2035  1.00276478 24730
IRNSS-1I----------------
1 43286U 18035A   23022.77966087  .00000070  00000+0  00000+0 0  9994
2 43286  28.7426  93.8028 0021896 186.4222 177.3018  1.00273156 17623
