TDRS-3------------------
1 19548U 88091B   21273.32738578 -.00000294  00000-0  00000-0 0  9997
2 19548  13.8967 353.3932 0036429 322.1551 122.4203  1.00263833108137
FLTSATCOM-8-(USA-46)----
1 20253U 89077A   21272.93524828 -.00000074  00000-0  00000-0 0  9990
2 20253  12.9319   2.0139 0005359 133.6985 281.7884  1.00272466243354
SKYNET-4C---------------
1 20776U 90079A   21272.99606368  .00000131  00000-0  00000-0 0  9993
2 20776  13.8767   2.0512 0003127 209.8574 189.3992  1.00272331113638
TDRS-5------------------
1 21639U 91054B   21273.41160451  .00000091  00000-0  00000-0 0  9997
2 21639  14.2519   6.7195 0021464   2.4940 340.7780  1.00278130110451
TDRS-6------------------
1 22314U 93003B   21273.39648896 -.00000290  00000-0  00000-0 0  9997
2 22314  14.1099   9.9306 0008297 124.7064 331.2614  1.00263647105156
UFO-2-(USA-95)----------
1 22787U 93056A   21274.14376632  .00000131  00000-0  00000+0 0  9991
2 22787  11.4052  12.5568 0005930 187.2289 250.7905  1.00273165101412
USA-99-(MILSTAR-1-1)----
1 22988U 94009A   21273.34581941 -.00000189  00000-0  00000-0 0  9990
2 22988  14.9228  45.8814 0003400 142.1999 215.7668  1.00271582 15703
ASTRA-1D----------------
1 23331U 94070A   21273.33761420 -.00000265  00000-0  00000-0 0  9997
2 23331   9.7490  39.4315 0003594 151.7388 226.7251  1.00271928 99038
USA-107-(DSP-17)--------
1 23435U 94084A   21273.32266058 -.00000159  00000-0  00000-0 0  9995
2 23435  14.5870   7.8721 0001955 149.6263 231.2443  1.00268779 15702
UFO-4-(USA-108)---------
1 23467U 95003A   21273.55519111 -.00000018  00000-0  00000-0 0  9992
2 23467   9.8807  18.8430 0005160 127.9026 235.0066  1.00269955 97701
AMSC-1------------------
1 23553U 95019A   21273.41740413 -.00000088  00000-0  00000-0 0  9998
2 23553  11.7047  27.9373 0002976 187.8407 196.4053  1.00272025 96923
TDRS-7------------------
1 23613U 95035B   21273.49736708 -.00000194  00000-0  00000-0 0  9991
2 23613  14.0706   0.6094 0026395  50.1859 222.3988  1.00268941 95994
USA-113-----------------
1 23628U 95038A   21273.30106981 -.00000334  00000-0  00000-0 0  9990
2 23628  11.8510  26.7597 0001579 173.0259  21.6247  1.00271835 15717
USA-115-(MILSTAR-1-2)---
1 23712U 95060A   21273.40649780 -.00000013  00000-0  00000-0 0  9993
2 23712  13.4211  16.2267 0003114 171.2887 208.2061  1.00271947 15631
INMARSAT-3-F1-----------
1 23839U 96020A   21273.48357166  .00000123  00000-0  00000-0 0  9993
2 23839   7.0069  59.6982 0006877 108.0146 223.9775  0.99991535 93047
INMARSAT-3-F2-----------
1 24307U 96053A   21273.44205142 -.00000174  00000-0  00000-0 0  9999
2 24307   5.9315  68.8377 0005982  76.7789 113.6525  0.99979048 91714
AMC-1-(GE-1)------------
1 24315U 96054A   21273.50165990  .00000066  00000-0  00000-0 0  9991
2 24315   5.0060  75.2481 0003073 117.7731 226.1586  1.00272937 29063
INMARSAT-3-F3-----------
1 24674U 96070A   21273.27499160 -.00000234  00000-0  00000-0 0  9998
2 24674   6.5774  63.4216 0006003 112.7198 264.8356  1.00002185 90701
INTELSAT-26-(IS-26)-----
1 24732U 97007A   21273.43716721 -.00000014  00000-0  00000-0 0  9993
2 24732   9.6990  40.2196 0002789 134.0258  58.6725  1.00272422 55489
GALAXY-25-(G-25)--------
1 24812U 97026A   21273.50563344  .00000099  00000-0  00000-0 0  9994
2 24812   3.0470  86.1775 0003676 121.7169  33.0910  1.00403031 89124
INTELSAT-5-(IS-5)-------
1 24916U 97046A   21273.49710154  .00000091  00000-0  00000-0 0  9994
2 24916   6.6763  62.7585 0003040 140.1295 208.5322  1.00271234 88361
AMC-3-(GE-3)------------
1 24936U 97050A   21273.48138679 -.00000260  00000-0  00000-0 0  9995
2 24936   3.9096  81.8199 0003058 122.4993 266.4496  1.00271277 35186
NSS-5-------------------
1 24957U 97053A   21273.68832705  .00000106  00000-0  00000+0 0  9991
2 24957   6.9148  61.0195 0003569 123.1217 123.7916  1.00271761 87985
USA-134-----------------
1 25019U 97065A   21273.41348309 -.00000056  00000-0  00000-0 0  9993
2 25019  10.7542  33.0874 0001138 323.8300  49.1780  1.00270905 15701
ASTRA-1G----------------
1 25071U 97076A   21273.74503080  .00000117  00000-0  00000+0 0  9994
2 25071   5.6524  70.1660 0003521 116.9897 110.1723  1.00270360 87280
INMARSAT-3-F5-----------
1 25153U 98006B   21273.02827337 -.00000287  00000-0  00000-0 0  9994
2 25153   5.8207  67.5272 0004744 131.5950 126.0220  1.00268080 86633
UFO-8-(USA-138)---------
1 25258U 98016A   21273.66886546 -.00000021  00000-0  00000+0 0  9993
2 25258   9.1489  30.9075 0004362 156.6961 234.4747  1.00270688 86320
ASTRA-2A----------------
1 25462U 98050A   21273.21420056  .00000148  00000-0  00000-0 0  9999
2 25462   2.7540  88.2873 0002099  96.4574 289.5801  1.00268190 29089
JCSAT-4A----------------
1 25630U 99006A   21273.47757979 -.00000307  00000-0  00000-0 0  9991
2 25630   5.6379  70.7891 0010793 174.9172  71.6858  1.00274674 33351
SKYNET-4E---------------
1 25639U 99009B   21273.56720944 -.00000029  00000-0  00000+0 0  9995
2 25639  11.1173  18.3213 0003008 187.8759   6.3117  1.00270326 82767
ASIASAT-3S--------------
1 25657U 99013A   21273.64006514 -.00000221  00000-0  00000-0 0  9994
2 25657   5.8170  69.3276 0002764  93.6464 224.9794  1.00273057 82565
NIMIQ-1-----------------
1 25740U 99027A   21273.47850860 -.00000199  00000-0  00000-0 0  9998
2 25740   2.2259  89.7180 0004800 106.2430 259.2517  1.00271477 81808
ABS-7-------------------
1 25894U 99046A   21273.21533439  .00000155  00000-0  00000-0 0  9992
2 25894   2.1080  90.3474 0003987 102.3497 287.4281  1.00276027 79879
ABS-6-------------------
1 25924U 99053A   21273.44112127 -.00000121  00000-0  00000-0 0  9990
2 25924   0.0356  52.2967 0001587 136.3539 138.5746  1.00271753 80592
AMC-4-(GE-4)------------
1 25954U 99060A   21273.49809828  .00000086  00000-0  00000-0 0  9996
2 25954   0.8649  94.6081 0003293 109.8392 209.4460  1.00272340 26294
UFO-10-(USA-146)--------
1 25967U 99063A   21273.26360189 -.00000179  00000-0  00000-0 0  9994
2 25967   8.3995  34.2388 0004629 143.2434 264.4733  1.00271033 80098
GALAXY-11-(G-11)--------
1 26038U 99071A   21273.47720032 -.00000163  00000-0  00000-0 0  9996
2 26038   2.3644  90.8412 0000831 312.1374  45.1835  1.00272186 79826
USA-148-----------------
1 26052U 00001A   21273.72928524  .00000044  00000-0  00000+0 0  9997
2 26052   9.1304  43.9142 0001367 141.7025 266.8781  1.00273819 14378
ASIASTAR----------------
1 26107U 00016A   21273.44492962 -.00000333  00000-0  00000-0 0  9998
2 26107   5.0721  73.9361 0004221 123.3829  77.3114  1.00271185 78664
USA-149-(DSP-20)--------
1 26356U 00024A   21273.47201958  .00000104  00000-0  00000-0 0  9994
2 26356  11.8929  23.2011 0003749 216.1306 135.1187  1.00287645 15651
EUTELSAT-80A------------
1 26369U 00028A   21273.34973753 -.00000101  00000-0  00000-0 0  9995
2 26369   4.4784  77.6891 0006619 147.0182 258.0811  1.00272753 78184
TDRS-8------------------
1 26388U 00034A   21273.49235240 -.00000227  00000-0  00000-0 0  9990
2 26388   9.9586  44.3173 0016400 336.4883 255.0200  1.00266020 77920
INTELSAT-9-(IS-9)-------
1 26451U 00043A   21273.39265098 -.00000285  00000-0  00000-0 0  9998
2 26451   6.6618  62.9384 0002882 142.0196 255.7907  1.00271536 26897
NSS-11-(AAP-1)----------
1 26554U 00059A   21273.42966090  .00000024  00000-0  00000-0 0  9993
2 26554   0.0274  68.6562 0002678 143.8382 127.5920  1.00272529 24046
USA-153-----------------
1 26575U 00065A   21273.86153523 -.00000320  00000-0  00000+0 0  9999
2 26575   8.6638  47.2352 0001269 114.9984 292.1114  1.00276587 14365
AMC-6-(GE-6)------------
1 26580U 00067A   21273.49493312  .00000102  00000-0  00000+0 0  9996
2 26580   0.0280  68.9703 0002707 119.2334 220.4448  1.00272499 76736
INTELSAT-12-(IS-12)-----
1 26590U 00068A   21273.65215990  .00000012  00000-0  00000+0 0  9990
2 26590   4.0409  82.0169 0002488  89.5578 137.0862  1.00272340 76549
INTELSAT-1R-(IS-1R)-----
1 26608U 00072A   21273.54288080 -.00000138  00000-0  00000+0 0  9993
2 26608   3.8094  83.0007 0000758 225.9577  53.0890  1.00272058 76400
ANIK-F1-----------------
1 26624U 00076A   21273.53984529 -.00000063  00000-0  00000-0 0  9993
2 26624   0.7792  95.8408 0007653  55.5939 303.2292  1.00273406 25885
ASTRA-2D----------------
1 26638U 00081A   21273.75616187  .00000121  00000-0  00000+0 0  9993
2 26638   6.7482  61.9746 0001170 164.3009  80.7670  1.00110880 76133
AMC-8-(GE-8)------------
1 26639U 00081B   21273.49802685  .00000087  00000-0  00000-0 0  9997
2 26639   1.7952  91.2746 0002599  99.2466 223.2445  1.00271727 76071
USA-157-(MILSTAR-2-2)---
1 26715U 01009A   21273.50772022  .00000018  00000-0  00000-0 0  9990
2 26715   9.7657  28.3225 0002660 180.6194 218.9994  1.00272955 15708
EUTELSAT-133-WEST-A-----
1 26719U 01011A   21273.50030662  .00000077  00000-0  00000-0 0  9999
2 26719   3.0743  85.1177 0002789 108.3077 223.3235  1.00270154 75287
INTELSAT-10-(IS-10)-----
1 26766U 01019A   21273.45776171  .00000035  00000-0  00000-0 0  9999
2 26766   4.9632  75.4807 0003241 138.6605 137.9027  1.00270665 28368
INTELSAT-901-(IS-901)---
1 26824U 01024A   21273.41850253 -.00000204  00000-0  00000-0 0  9999
2 26824   0.0133 132.9928 0001057  79.8066 279.7670  1.00271311  5722
ASTRA-2C----------------
1 26853U 01025A   21273.48129957 -.00000259  00000-0  00000-0 0  9999
2 26853   3.9356  81.6111 0002623 111.8469 276.8282  1.00271953 27791
USA-159-(DSP-21)--------
1 26880U 01033A   21273.32769976 -.00000292  00000-0  00000-0 0  9999
2 26880  11.1913  27.3607 0002055 221.2963 189.5162  1.00277279 15715
INTELSAT-902-(IS-902)---
1 26900U 01039A   21273.38440434 -.00000283  00000-0  00000-0 0  9999
2 26900   1.7533  91.7856 0003043  99.7304 266.1422  1.00272128 73440
USA-164-(MILSTAR-2-3)---
1 27168U 02001A   21272.67911103  .00000105  00000-0  00000-0 0  9995
2 27168   9.2370  30.0372 0002076 178.1422  63.9216  1.00274451 14389
ECHOSTAR-7--------------
1 27378U 02006A   21273.61458931 -.00000002  00000-0  00000+0 0  9999
2 27378   0.0205  84.7603 0002246  58.6004 328.6756  1.00271512 71814
INTELSAT-904-(IS-904)---
1 27380U 02007A   21273.41806644 -.00000214  00000-0  00000-0 0  9995
2 27380   2.5871  88.6214 0002882 104.7979 296.9865  1.00271181 34510
TDRS-9------------------
1 27389U 02011A   21273.33979465 -.00000284  00000-0  00000-0 0  9999
2 27389   8.4681  63.1498 0022542 286.6217  79.3555  1.00279839 73199
ASTRA-3A----------------
1 27400U 02015B   21273.40664087 -.00000201  00000-0  00000+0 0  9994
2 27400   6.8577  60.7938 0001005 140.2899 227.8579  1.00274083 71463
NSS-7-------------------
1 27414U 02019A   21273.76124330 -.00000157  00000-0  00000+0 0  9994
2 27414   5.2956  73.3441 0002369 127.9414  62.4969  1.00271092 71306
DIRECTV-5-(TEMPO-1)-----
1 27426U 02023A   21273.51868812 -.00000057  00000-0  00000-0 0  9995
2 27426   0.4717  96.0707 0003388 102.2831 247.7529  1.00272347 70863
INTELSAT-905-(IS-905)---
1 27438U 02027A   21273.41911306 -.00000185  00000-0  00000-0 0  9990
2 27438   2.4087  89.4060 0002526 101.3779 305.0145  1.00272450 34115
GALAXY-3C-(G-3C)--------
1 27445U 02030A   21273.47676424 -.00000153  00000-0  00000+0 0  9991
2 27445   0.0275 278.2247 0001449  48.6824 119.1313  1.00273304 70703
EUTELSAT-5-WEST-A-------
1 27460U 02035A   21273.35122023 -.00000043  00000-0  00000-0 0  9990
2 27460   1.6756  92.1413 0005169 105.9406 292.6787  1.00272266 70365
METEOSAT-8-(MSG-1)------
1 27509U 02040B   21273.66378579  .00000139  00000-0  00000+0 0  9997
2 27509   7.5587  51.9467 0001448 179.5909  58.5221  1.00268590 69993
INTELSAT-906-(IS-906)---
1 27513U 02041A   21273.50859885  .00000013  00000-0  00000-0 0  9992
2 27513   1.4200  93.4647 0003251 100.1095  63.1505  1.00271874 69776
HISPASAT-30W-4----------
1 27528U 02044A   21273.49119029  .00000116  00000-0  00000-0 0  9992
2 27528   2.1945  89.5624 0004465 101.0194 212.7230  1.00274798 25716
TDRS-10-----------------
1 27566U 02055A   21273.46773463  .00000093  00000-0  00000-0 0  9995
2 27566   7.7311  51.3360 0005459 335.7542 339.5724  1.00273330 68979
NSS-6-------------------
1 27603U 02057A   21273.42410383  .00000107  00000-0  00000-0 0  9990
2 27603   0.9542  94.5396 0003367  99.2449 158.7879  1.00274194 68784
NIMIQ-2-----------------
1 27632U 02062A   21273.14372831  .00000142  00000-0  00000-0 0  9991
2 27632   5.4022  72.4620 0001291  60.5433 322.4987  1.00011454 26931
USA-167-----------------
1 27691U 03008A   21273.50272962  .00000057  00000-0  00000+0 0  9995
2 27691   7.5343  56.1938 0002219  43.4844 320.6491  1.00274861 14371
USA-169-(MILSTAR-2-4)---
1 27711U 03012A   21273.67896615 -.00000190  00000-0  00000+0 0  9997
2 27711   9.7383  41.8579 0002844 156.7750 207.6071  1.00271227 14395
GALAXY-12-(G-12)--------
1 27715U 03013B   21273.50394091  .00000057  00000-0  00000+0 0  9996
2 27715   2.6221  88.1663 0001860 112.1217 221.6193  1.00271312 67755
ASIASAT-4---------------
1 27718U 03014A   21273.66021926  .00000152  00000-0  00000+0 0  9997
2 27718   0.3167  97.9370 0002247  78.5959 108.9924  1.00275783 67668
HELLAS-SAT-2------------
1 27811U 03020A   21273.45467587 -.00000151  00000-0  00000-0 0  9993
2 27811   3.0395  87.3036 0004406 105.9077 244.7234  1.00272169 25585
THURAYA-2---------------
1 27825U 03026A   21273.50449962  .00000130  00000-0  00000-0 0  9993
2 27825   6.4205  34.0175 0004606 123.9079  77.1677  1.00271739 67097
OPTUS-C1----------------
1 27831U 03028B   21273.54131458 -.00000150  00000-0  00000-0 0  9997
2 27831   2.5500  89.2504 0006012 100.2097 170.6682  1.00272377 35806
GALAXY-23-(G-23)--------
1 27854U 03034A   21273.51063438  .00000011  00000-0  00000+0 0  9992
2 27854   0.0414 258.0084 0002925 287.3237 246.9919  1.00271557 71291
USA-170-----------------
1 27875U 03040A   21273.32800069 -.00000270  00000-0  00000-0 0  9999
2 27875   6.8372  61.5814 0004612 125.0591 258.4616  1.00269993 15713
GALAXY-13-(HORIZONS-1)--
1 27954U 03044A   21273.60769137  .00000045  00000-0  00000+0 0  9990
2 27954   0.0154 131.5184 0003357  50.9249 278.8965  1.00282157 65900
YAMAL-202---------------
1 28089U 03053A   21273.65296728 -.00000080  00000-0  00000-0 0  9997
2 28089   1.9845  90.6963 0006067  68.0710 249.4289  1.00272888 65421
UFO-11-(USA-174)--------
1 28117U 03057A   21273.43882435 -.00000090  00000-0  00000+0 0  9995
2 28117   6.6321  37.8616 0002513  83.9827 119.9753  1.00271897 65166
USA-176-(DSP-22)--------
1 28158U 04004A   21273.36962326 -.00000215  00000-0  00000-0 0  9993
2 28158   9.7554  36.6681 0000891 175.9069  17.1181  1.00276538 15671
ABS-4-(MOBISAT-1)-------
1 28184U 04007A   21273.70973865  .00000040  00000-0  00000+0 0  9997
2 28184   1.6695  91.9349 0005243  97.8694 136.4056  1.00269376 64339
EUTELSAT-7A-------------
1 28187U 04008A   21273.75507729  .00000103  00000-0  00000+0 0  9998
2 28187   1.4576  90.2521 0004196 106.1137 305.9869  1.00273518 64321
AMC-11-(GE-11)----------
1 28252U 04017A   21273.50158881  .00000067  00000-0  00000-0 0  9995
2 28252   0.0328  52.7650 0002691 144.3208 221.9752  1.00273350 63625
INTELSAT-10-02----------
1 28358U 04022A   21273.63907718 -.00000013  00000-0  00000+0 0  9994
2 28358   0.0120 132.1109 0001135  79.7649  26.8071  1.00272404 63373
ANIK-F2-----------------
1 28378U 04027A   21273.62143939 -.00000051  00000-0  00000+0 0  9999
2 28378   0.0469  85.2825 0001278 126.0804 270.8795  1.00270666 63104
AMC-15------------------
1 28446U 04041A   21273.52324679 -.00000091  00000-0  00000+0 0  9996
2 28446   0.0393  35.4402 0002599 158.6069 258.7817  1.00272253 62096
NSS-10-(AMC-12)---------
1 28526U 05003A   21273.41649650 -.00000251  00000-0  00000-0 0  9990
2 28526   2.1409  90.0029 0002917 104.0321 287.8628  1.00272466 35907
XTAR-EUR----------------
1 28542U 05005A   21272.89482871  .00000150  00000-0  00000-0 0  9998
2 28542   0.0201 192.5940 0002428 356.2605 171.1413  1.00270981 60933
XM-3-(RHYTHM)-----------
1 28626U 05008A   21273.40698973 -.00000207  00000-0  00000-0 0  9998
2 28626   0.0063 169.4539 0000792 283.3620 337.9827  1.00271597 25361
INMARSAT-4-F1-----------
1 28628U 05009A   21273.52438532 -.00000260  00000-0  00000-0 0  9996
2 28628   3.4318  32.1722 0002937 169.1173 140.4959  1.00271111 60410
DIRECTV-8---------------
1 28659U 05019A   21273.51185012 -.00000001  00000-0  00000-0 0  9995
2 28659   0.0136 237.1610 0003036 318.8503 238.6983  1.00272031 59810
GALAXY-28-(G-28)--------
1 28702U 05022A   21273.51771506 -.00000187  00000-0  00000+0 0  9991
2 28702   0.0173 186.2713 0000748 352.8707 287.7191  1.00270690 59577
EXPRESS-AM3-------------
1 28707U 05023A   21273.14493782  .00000134  00000-0  00000-0 0  9995
2 28707   2.9310  86.1015 0001275 109.4384 248.7965  1.00276619 59575
THAICOM-4---------------
1 28786U 05028A   21273.51958833 -.00000364  00000-0  00000+0 0  9996
2 28786   0.0223 178.8008 0002680  15.6877 121.5420  1.00268463 59078
GALAXY-14-(G-14)--------
1 28790U 05030A   21273.21524719  .00000154  00000-0  00000-0 0  9990
2 28790   0.6059  94.5233 0002760 111.2663 273.7979  1.00271910 59053
ANIK-F1R----------------
1 28868U 05036A   21273.52096513 -.00000076  00000-0  00000-0 0  9996
2 28868   0.0333  61.4790 0000569 132.4763 255.7723  1.00272046 29190
GALAXY-15-(G-15)--------
1 28884U 05041A   21273.50045015  .00000077  00000-0  00000-0 0  9999
2 28884   0.0217 114.0957 0001810  76.7718 225.7685  1.00271117 58351
SYRACUSE-3A-------------
1 28885U 05041B   21273.64867118  .00000127  00000-0  00000+0 0  9996
2 28885   0.4705  96.4294 0002751  83.6735 110.0550  1.00269370 58474
INMARSAT-4-F2-----------
1 28899U 05044A   21273.50851163  .00000011  00000-0  00000-0 0  9995
2 28899   3.3107  34.7765 0002902 168.7320  52.9409  1.00271264 58267
SPACEWAY-2--------------
1 28903U 05046B   21273.49486744  .00000102  00000-0  00000+0 0  9990
2 28903   1.2951  90.3126 0000549 125.0806 193.3319  1.00271973 58241
METEOSAT-9-(MSG-2)------
1 28912U 05049B   21273.20931633  .00000018  00000-0  00000-0 0  9991
2 28912   5.4353  67.8376 0000606  43.7980 336.2105  1.00273656 57781
EUTELSAT-174A-----------
1 28924U 05052A   21273.55625941  .00000008  00000-0  00000+0 0  9996
2 28924   0.0112  11.0755 0006491 184.6984 187.9986  1.00268136 57737
ECHOSTAR-10-------------
1 28935U 06003A   21273.51868774 -.00000057  00000-0  00000+0 0  9999
2 28935   0.0155  96.9505 0001523 116.6757 232.3998  1.00272785 57266
SPAINSAT----------------
1 28945U 06007A   21273.05820729 -.00000217  00000-0  00000+0 0  9999
2 28945   0.0357 239.2635 0005629 325.0921 155.6410  1.00270965 56978
EUTELSAT-HOTBIRD-13E----
1 28946U 06007B   21273.28301566  .00000086  00000-0  00000-0 0  9992
2 28946   0.0464 153.9582 0007024  39.4824 290.6964  1.00272837 57054
JCSAT-5A----------------
1 29045U 06010A   21273.73745922 -.00000330  00000-0  00000+0 0  9997
2 29045   0.0113 217.7635 0001951 346.2691 203.2250  1.00271000 56696
ASTRA-1KR---------------
1 29055U 06012A   21273.43590948  .00000118  00000-0  00000-0 0  9997
2 29055   0.0216 246.0647 0005163 327.8879 331.5829  1.00272728 28471
EWS-G1-(GOES-13)--------
1 29155U 06018A   21273.70963650  .00000032  00000-0  00000+0 0  9992
2 29155   0.1368 117.0478 0007371  95.8293 114.0613  1.00275645 56258
EUTELSAT-113-WEST-A-----
1 29162U 06020A   21273.51640635 -.00000039  00000-0  00000+0 0  9995
2 29162   0.0260  86.0774 0002975 101.5589 254.7633  1.00272518 56214
GALAXY-16-(G-16)--------
1 29236U 06023A   21273.52780575 -.00000129  00000-0  00000+0 0  9999
2 29236   0.0020 185.4406 0002690  11.5345 263.5424  1.00271504 56018
EUTELSAT-HOTBIRD-13B----
1 29270U 06032A   21273.43590948  .00000085  00000-0  00000+0 0  9990
2 29270   0.0721   7.6292 0001532 230.9619 300.7272  1.00272548 55605
JCSAT-3A----------------
1 29272U 06033A   21273.52133271 -.00000347  00000-0  00000-0 0  9998
2 29272   0.0266 252.6002 0002295 298.7818 133.8026  1.00270458 30481
SYRACUSE-3B-------------
1 29273U 06033B   21273.35113302 -.00000045  00000-0  00000-0 0  9998
2 29273   0.0156 160.5145 0004444  24.2860 305.7357  1.00271873 55455
KOREASAT-5-(MUGUNGWHA-5)
1 29349U 06034A   21273.51828007 -.00000360  00000-0  00000-0 0  9996
2 29349   0.0169 228.2971 0002040 353.3516  87.4752  1.00269654 24066
DIRECTV-9S--------------
1 29494U 06043A   21273.62934556 -.00000115  00000-0  00000+0 0  9993
2 29494   0.0271 233.6189 0002951 318.3566 302.9983  1.00270964 54856
OPTUS-D1----------------
1 29495U 06043B   21273.74295397 -.00000112  00000-0  00000+0 0  9997
2 29495   0.0248  98.2107 0003460  94.1252 244.8453  1.00272008 54894
XM-4-(BLUES)------------
1 29520U 06049A   21273.18568022 -.00000024  00000-0  00000-0 0  9991
2 29520   0.0453 287.4726 0000282 313.6482  79.6668  1.00272021 34214
BADR-4------------------
1 29526U 06051A   21273.76304644  .00000143  00000-0  00000+0 0  9992
2 29526   0.0628 321.9073 0004276 276.6196  71.9313  1.00274656 54636
WILDBLUE-1--------------
1 29643U 06054A   21273.62143933 -.00000051  00000-0  00000+0 0  9991
2 29643   0.0150 194.3571 0001624 359.6081 288.1720  1.00271782 54293
AMC-18------------------
1 29644U 06054B   21273.55098686 -.00000218  00000-0  00000+0 0  9993
2 29644   0.0184 101.4604 0002569  97.6859 285.7434  1.00273538 54294
INSAT-4B----------------
1 30793U 07007A   21273.51287253 -.00000190  00000-0  00000-0 0  9995
2 30793   1.5762  92.5057 0005994 136.5758  50.5521  1.00272800 24953
SKYNET-5A---------------
1 30794U 07007B   21273.51479133 -.00000272  00000-0  00000-0 0  9997
2 30794   1.6949  89.6989 0003691 107.5203  92.7854  1.00269355 53442
ANIK-F3-----------------
1 31102U 07009A   21273.51184921 -.00000002  00000-0  00000+0 0  9991
2 31102   0.0224 180.0657 0001581  15.7453 239.2099  1.00269534 53084
ASTRA-1L----------------
1 31306U 07016A   21273.43590948  .00000118  00000-0  00000-0 0  9994
2 31306   0.0473 333.7591 0003305 267.0427 304.7186  1.00272291 27775
GALAXY-17-(G-17)--------
1 31307U 07016B   21273.62119747 -.00000176  00000-0  00000+0 0  9994
2 31307   0.0165 254.8547 0003149 302.8307 304.5493  1.00272151 52827
ZHONGXING-6B------------
1 31800U 07031A   21273.51880337 -.00000363  00000-0  00000+0 0  9995
2 31800   0.0140 205.7228 0003305 343.5329 122.5265  1.00271852 52214
DIRECTV-10--------------
1 31862U 07032A   21273.62827691 -.00000105  00000-0  00000+0 0  9994
2 31862   0.0367  13.2462 0000147 183.0465 296.7063  1.00271812 52153
SPACEWAY-3--------------
1 32018U 07036A   21273.62041250 -.00000153  00000-0  00000+0 0  9994
2 32018   0.0222   8.3240 0000145 244.2421 245.4288  1.00271708 51878
BSAT-3A-----------------
1 32019U 07036B   21273.51766954 -.00000352  00000-0  00000-0 0  9990
2 32019   0.0316 209.2175 0004236  10.5150  85.9680  1.00270353 33261
OPTUS-D2----------------
1 32252U 07044A   21273.53804285 -.00000185  00000-0  00000+0 0  9993
2 32252   0.0297 278.8329 0003781 274.5003 161.8836  1.00271556 51199
INTELSAT-11-(IS-11)-----
1 32253U 07044B   21273.48723042 -.00000270  00000-0  00000+0 0  9994
2 32253   0.0014 151.2582 0001955  62.9424 287.6981  1.00281196 51277
WGS-F1-(USA-195)--------
1 32258U 07046A   21273.35049653  .00000039  00000-0  00000-0 0  9999
2 32258   0.0157 131.3857 0000897 105.2608 264.8576  1.00269815 35120
STAR-ONE-C1-------------
1 32293U 07056A   21273.48278228 -.00000278  00000-0  00000-0 0  9991
2 32293   0.3129  96.0445 0003175 111.7182 270.5095  1.00271206 34522
SKYNET-5B---------------
1 32294U 07056B   21273.28545778  .00000141  00000-0  00000-0 0  9995
2 32294   0.8743  90.1961 0003687 100.0448 306.9075  1.00274671 50947
ASTRA-4A-(SIRIUS-4)-----
1 32299U 07057A   21273.35313904  .00000031  00000-0  00000-0 0  9991
2 32299   0.0336  67.5636 0002616 125.7653 307.9414  1.00272878 34422
HORIZONS-2--------------
1 32388U 07063B   21273.51269810 -.00000185  00000-0  00000-0 0  9992
2 32388   0.0165 230.6626 0002433 333.0474  75.2085  1.00271852 50568
THURAYA-3---------------
1 32404U 08001A   21273.42688197 -.00000301  00000-0  00000+0 0  9996
2 32404   3.8931  18.5563 0003218 126.9943 116.0429  1.00272956 50274
EXPRESS-AM33------------
1 32478U 08003A   21273.39806122 -.00000089  00000-0  00000-0 0  9999
2 32478   0.4031  95.8567 0000068 180.9598 224.9246  1.00273013 36485
THOR-5------------------
1 32487U 08006A   21273.35209242 -.00000010  00000-0  00000-0 0  9992
2 32487   0.0205 234.9906 0002588 329.5159 290.8284  1.00272934 50054
AMC-14------------------
1 32708U 08011A   21272.56618000  .00000088  00000-0  00000-0 0  9996
2 32708  21.6912  41.4369 0034592   6.1656 182.7808  1.00277763 50896
DIRECTV-11--------------
1 32729U 08013A   21273.63055698 -.00000128  00000-0  00000+0 0  9993
2 32729   0.0360  20.2835 0000196 207.8149 269.3311  1.00272604 49685
ICO-G1------------------
1 32763U 08016A   21273.40550701 -.00000170  00000-0  00000+0 0  9991
2 32763   3.8260  21.8602 0002463 149.8553 250.8065  1.00271837 49212
VINASAT-1---------------
1 32767U 08018A   21273.73737201 -.00000330  00000-0  00000+0 0  9993
2 32767   0.0230 285.2146 0001832 286.5063 195.3904  1.00272634 49340
STAR-ONE-C2-------------
1 32768U 08018B   21273.48182288 -.00000266  00000-0  00000-0 0  9994
2 32768   0.0371 124.7588 0002917  39.9820 308.1880  1.00272529 49429
TIANLIAN-1-01-----------
1 32779U 08019A   21273.51165148 -.00000139  00000-0  00000-0 0  9996
2 32779   5.1531  70.2038 0027095 269.7461 293.7618  1.00271563 49210
AMOS-3------------------
1 32794U 08022A   21273.35139469 -.00000036  00000-0  00000-0 0  9992
2 32794   0.0148 140.5998 0002712  32.9133 318.2025  1.00273213 65101
GALAXY-18-(G-18)--------
1 32951U 08024A   21273.61182812  .00000023  00000-0  00000+0 0  9992
2 32951   0.0157 246.7964 0002972 302.7849 277.2544  1.00273011 48835
CHINASAT-9-(ZX-9)-------
1 33051U 08028A   21273.52186109 -.00000250  00000-0  00000-0 0  9995
2 33051   0.0251 246.0191 0003768 302.1334 101.4499  1.00273831 48785
SKYNET-5C---------------
1 33055U 08030A   21273.39840844 -.00000141  00000-0  00000-0 0  9999
2 33055   0.0691 346.0786 0003544 203.8876 305.0485  1.00271335 48704
TURKSAT-3A--------------
1 33056U 08030B   21273.50415073  .00000144  00000-0  00000-0 0  9997
2 33056   0.0615  87.0420 0004188  81.9947  63.9320  1.00272633 35107
INTELSAT-25-(IS-25)-----
1 33153U 08034A   21273.41771757 -.00000225  00000-0  00000-0 0  9994
2 33153   0.0221 233.8466 0002877 312.7902 301.6335  1.00273704 48447
BADR-6------------------
1 33154U 08034B   21273.28563220  .00000143  00000-0  00000-0 0  9992
2 33154   0.0711  53.9658 0002591 142.3858 301.7367  1.00272509 48501
ECHOSTAR-11-------------
1 33207U 08035A   21273.62250720 -.00000059  00000-0  00000+0 0  9994
2 33207   0.0213  90.4308 0002609  97.5404 295.7336  1.00271957 48406
SUPERBIRD-C2------------
1 33274U 08038A   21273.53240860 -.00000253  00000-0  00000-0 0  9992
2 33274   0.0235 244.9435 0002579 333.4308 126.7459  1.00271227 88472
AMC-21------------------
1 33275U 08038B   21273.50728975  .00000034  00000-0  00000+0 0  9993
2 33275   0.0283  72.1422 0002568 127.5827 227.4907  1.00272117 48213
INMARSAT-4-F3-----------
1 33278U 08039A   21273.55409907 -.00000139  00000-0  00000-0 0  9991
2 33278   3.2338  17.0818 0002946 176.8261 277.0885  1.00270638 29309
NIMIQ-4-----------------
1 33373U 08044A   21273.47938078 -.00000222  00000-0  00000+0 0  9992
2 33373   0.0090  68.8442 0002046 135.6075 255.6109  1.00271651 47586
GALAXY-19-(G-19)--------
1 33376U 08045A   21273.53008491 -.00000141  00000-0  00000-0 0  9991
2 33376   0.0187 174.3119 0002970  15.6809 273.3565  1.00272209 47659
ASTRA-1M----------------
1 33436U 08057A   21273.74469021  .00000118  00000-0  00000+0 0  9996
2 33436   0.0173 138.6707 0004776  29.7160 128.6024  1.00272782 47220
CIEL-2------------------
1 33453U 08063A   21273.50386868  .00000056  00000-0  00000-0 0  9995
2 33453   0.0118 174.0278 0003167  35.3506 212.6530  1.00273292 46889
EUTELSAT-HOTBIRD-13C----
1 33459U 08065A   21273.43590948  .00000085  00000-0  00000+0 0  9992
2 33459   0.0528  30.1495 0004087 140.3678   8.8141  1.00273184 46997
EUTELSAT-48D------------
1 33460U 08065B   21273.39840844 -.00000101  00000-0  00000-0 0  9993
2 33460   0.8050  95.8133 0003305  97.6683 306.8109  1.00272114 46702
FENGYUN-2E--------------
1 33463U 08066A   21273.44126646 -.00000201  00000-0  00000-0 0  9991
2 33463   5.3321  66.6886 0002834 331.1784 216.9528  1.00269374 46835
EXPRESS-AM44------------
1 33595U 09007A   21273.39806120 -.00000090  00000-0  00000-0 0  9995
2 33595   0.0284 306.0956 0000313 319.6850 235.8985  1.00272172 46304
NSS-9-------------------
1 33749U 09008A   21273.35781895  .00000071  00000-0  00000-0 0  9992
2 33749   0.0361  62.1414 0002242 132.5799 126.5120  1.00274154 46272
EUTELSAT-33E------------
1 33750U 09008B   21273.21524719  .00000154  00000-0  00000-0 0  9991
2 33750   0.0562  15.3303 0003959 167.8458 296.6213  1.00269483 46195
TELSTAR-11N-------------
1 34111U 09009A   21273.41649650 -.00000253  00000-0  00000-0 0  9999
2 34111   0.0219 183.1859 0002381   0.1784 298.3789  1.00267777 28983
EUTELSAT-10A------------
1 34710U 09016A   21273.43590948  .00000066  00000-0  00000-0 0  9990
2 34710   0.0673   1.6751 0005396 182.2501 352.4275  1.00269435 24009
WGS-F2-(USA-204)--------
1 34713U 09017A   21273.50720337  .00000066  00000-0  00000+0 0  9998
2 34713   0.0183 118.4889 0000738 156.9382 334.1806  1.00272545 45687
SES-7-(PROTOSTAR-2)-----
1 34941U 09027A   21273.82357765 -.00000347  00000-0  00000+0 0  9991
2 34941   0.0672  91.7911 0001939 140.0270 182.7122  1.00275092 45369
MEASAT-3A---------------
1 35362U 09032A   21273.51400639 -.00000244  00000-0  00000-0 0  9997
2 35362   0.0323 211.2677 0003141 357.9226  76.8603  1.00272397 44995
GOES-14-----------------
1 35491U 09033A   21273.62713757 -.00000096  00000-0  00000+0 0  9995
2 35491   0.3560 280.9930 0015639 293.0387 277.1201  1.00272134 44902
FM-5--------------------
1 35493U 09034A   21273.47859581 -.00000202  00000-0  00000+0 0  9996
2 35493   0.0337 310.5826 0000850  60.8227  84.2008  1.00271678 44723
TERRESTAR-1-------------
1 35496U 09035A   21273.51883105 -.00000056  00000-0  00000-0 0  9992
2 35496   2.8782  32.3351 0002698 155.4069 257.5296  1.00271849 44880
ASIASAT-5---------------
1 35696U 09042A   21273.65939899 -.00000310  00000-0  00000+0 0  9991
2 35696   0.0475 268.4551 0001693 273.2734 165.8013  1.00273873 44413
JCSAT-RA-(JCSAT-12)-----
1 35755U 09044A   21273.45618076 -.00000128  00000-0  00000-0 0  9996
2 35755   0.0324 233.1556 0001762 233.1738 228.6718  1.00137942 44351
OPTUS-D3----------------
1 35756U 09044B   21273.33494788 -.00000149  00000-0  00000-0 0  9999
2 35756   0.0203  57.5358 0002363 136.6718  91.6695  1.00269516 44309
NIMIQ-5-----------------
1 35873U 09050A   21273.51597895 -.00000259  00000-0  00000+0 0  9990
2 35873   0.0116 135.1266 0003291  69.4504 277.9768  1.00271605 44098
AMAZONAS-2--------------
1 35942U 09054A   21273.48356726 -.00000284  00000-0  00000-0 0  9992
2 35942   0.0293 141.0805 0005149  40.4148 301.0397  1.00270083 43931
COMSATBW-1--------------
1 35943U 09054B   21273.50833720  .00000022  00000-0  00000-0 0  9999
2 35943   0.0574  93.0707 0002921  95.7615  66.6739  1.00273265 44051
NSS-12------------------
1 36032U 09058A   21273.57889667  .00000070  00000-0  00000+0 0  9993
2 36032   0.0194  92.5414 0002825 105.2266  77.1920  1.00271688 43651
THOR-6------------------
1 36033U 09058B   21273.35200521 -.00000011  00000-0  00000-0 0  9993
2 36033   0.0107 155.1160 0001737  37.5332 302.5664  1.00271953 43758
INTELSAT-14-(IS-14)-----
1 36097U 09064A   21273.41501380 -.00000275  00000-0  00000-0 0  9996
2 36097   0.0173 248.3727 0002544 309.6106 275.8198  1.00273832 43363
EUTELSAT-36B------------
1 36101U 09065A   21273.64649073  .00000154  00000-0  00000+0 0  9994
2 36101   0.0674 359.7479 0004733 187.2620  91.2725  1.00269989 43554
INTELSAT-15-(IS-15)-----
1 36106U 09067A   21273.51278532 -.00000187  00000-0  00000-0 0  9993
2 36106   0.0164 170.1740 0002115  29.6872  79.3782  1.00271956 23970
WGS-F3-(USA-211)--------
1 36108U 09068A   21273.40571212  .00000016  00000-0  00000-0 0  9995
2 36108   0.0405  98.9006 0002117 162.0796 132.5724  1.00280727 29353
DIRECTV-12--------------
1 36131U 09075A   21273.62827653 -.00000105  00000-0  00000+0 0  9995
2 36131   0.0123 183.4597 0000109  58.5278 251.0575  1.00269742 43131
BEIDOU-3----------------
1 36287U 10001A   21273.52377480 -.00000281  00000-0  00000-0 0  9991
2 36287   1.6590  40.8744 0002629  87.8856 209.6856  1.00273095 42905
RADUGA-1M-2-------------
1 36358U 10002A   21273.58447862 -.00000185  00000-0  00000+0 0  9991
2 36358   0.0840 258.7285 0002734 318.9766  87.2730  1.00270233 42755
SDO---------------------
1 36395U 10005A   21272.52742213 -.00000060  00000-0  00000+0 0  9998
2 36395  31.1524 113.4857 0000138 272.6475  70.5338  1.00274788 42760
INTELSAT-16-(IS-16)-----
1 36397U 10006A   21273.48060184 -.00000246  00000-0  00000+0 0  9993
2 36397   0.0185 172.9855 0002074  22.5856 270.6934  1.00271562 42463
GOES-15-----------------
1 36411U 10008A   21273.60762014  .00000051  00000-0  00000+0 0  9990
2 36411   0.3857 275.7437 0000893 237.6462 307.2749  1.00261373 42411
ECHOSTAR-14-------------
1 36499U 10010A   21273.51184977 -.00000001  00000-0  00000-0 0  9992
2 36499   0.0167 217.8159 0002691 329.5013 247.5483  1.00269845 29291
SES-1-------------------
1 36516U 10016A   21273.62934542 -.00000116  00000-0  00000+0 0  9997
2 36516   0.0287 286.3544 0002448 270.7324 298.0807  1.00272073 41882
ASTRA-3B----------------
1 36581U 10021A   21273.75523112  .00000136  00000-0  00000+0 0  9997
2 36581   0.0654  62.9132 0003898 126.8251 115.3930  1.00275754 41396
COMSATBW-2--------------
1 36582U 10021B   21273.73152983  .00000087  00000-0  00000+0 0  9995
2 36582   0.0154 143.8237 0002331  58.0013  84.4886  1.00273558 41734
BADR-5------------------
1 36592U 10025A   21273.75830971  .00000143  00000-0  00000+0 0  9995
2 36592   0.0301 130.7091 0005312  51.4221 126.5809  1.00271637 41641
COMS-1------------------
1 36744U 10032A   21273.52133271 -.00000346  00000-0  00000-0 0  9993
2 36744   0.4766  95.9577 0000899 116.4102 112.9853  1.00271411 33835
ARABSAT-5A--------------
1 36745U 10032B   21273.28650439  .00000152  00000-0  00000-0 0  9991
2 36745   0.0553  14.5839 0005247 181.1460 307.1743  1.00275430 41393
ECHOSTAR-15-------------
1 36792U 10034A   21273.48348003 -.00000283  00000-0  00000-0 0  9994
2 36792   0.0191  96.7706 0001853  82.3047 302.8064  1.00271874 41082
BEIDOU-5----------------
1 36828U 10036A   21273.65452184 -.00000149  00000-0  00000-0 0  9992
2 36828  54.1821 178.6233 0023215 181.2437 352.6539  1.00273103 40979
NILESAT-201-------------
1 36830U 10037A   21273.35078414 -.00000059  00000-0  00000-0 0  9993
2 36830   0.0391 170.6836 0004821   7.3034 310.6118  1.00272228 41119
RASCOM-QAF-1R-----------
1 36831U 10037B   21273.35279016  .00000017  00000-0  00000-0 0  9998
2 36831   0.0325 122.2193 0005505  82.0087 295.0052  1.00273414 41047
AEHF-1-(USA-214)--------
1 36868U 10039A   21273.35296459  .00000027  00000-0  00000-0 0  9991
2 36868   3.8799  90.2779 0005168  48.0815   2.0587  1.00275417 36401
CHINASAT-6A-(ZX-6A)-----
1 37150U 10042A   21273.52072216 -.00000356  00000-0  00000-0 0  9998
2 37150   0.0232 237.1698 0001614 270.2591 174.6076  1.00273343 40647
QZS-1-(MICHIBIKI-1)-----
1 37158U 10045A   21272.76894992 -.00000140  00000-0  00000-0 0  9998
2 37158  42.0620 137.0087 0746975 270.2153  18.1831  1.00295873 40476
XM-5--------------------
1 37185U 10053A   21273.40698973 -.00000207  00000-0  00000-0 0  9994
2 37185   0.0159 214.3040 0000700  42.6231 173.8810  1.00270819 40224
BSAT-3B-----------------
1 37207U 10056B   21273.73301111 -.00000352  00000-0  00000+0 0  9993
2 37207   0.0534 346.9616 0002907 277.8839 118.5879  1.00269882 40021
BEIDOU-6----------------
1 37210U 10057A   21273.65054407 -.00000114  00000-0  00000-0 0  9999
2 37210   0.7278  36.9035 0004469 143.8701 222.9336  1.00273724 40032
SKYTERRA-1--------------
1 37218U 10061A   21273.52645161 -.00000117  00000-0  00000-0 0  9994
2 37218   2.2118  21.8436 0003416 171.3184 264.5377  1.00267770 39949
ZHONGXING-20A-----------
1 37234U 10064A   21273.52098382 -.00000351  00000-0  00000-0 0  9992
2 37234   1.9978  91.4939 0002364 113.0963 118.9128  1.00271418 39778
HYLAS-1-----------------
1 37237U 10065A   21273.75219910  .00000124  00000-0  00000+0 0  9999
2 37237   1.2631  92.8365 0002401 176.1614 217.5349  1.00592902 39756
INTELSAT-17-(IS-17)-----
1 37238U 10065B   21273.50894772 -.00000004  00000-0  00000-0 0  9997
2 37238   0.0188 175.3701 0003089  31.1167  52.2160  1.00270421 35983
BEIDOU-7----------------
1 37256U 10068A   21273.67151697 -.00000157  00000-0  00000+0 0  9998
2 37256  50.6745 292.7486 0018242 189.0392 238.5504  1.00276081 39542
EUTELSAT-KA-SAT-9A------
1 37258U 10069A   21273.64108319  .00000060  00000-0  00000+0 0  9993
2 37258   0.0728 264.7799 0004571 246.9466  97.6899  1.00268960 39565
HISPASAT-30W-5----------
1 37264U 10070A   21273.41797921 -.00000217  00000-0  00000-0 0  9996
2 37264   0.0428 114.7703 0005398  61.2703 313.8310  1.00272268 35932
KOREASAT-6--------------
1 37265U 10070B   21273.51889059 -.00000364  00000-0  00000-0 0  9995
2 37265   0.0255  88.3154 0002102 133.7380  90.2618  1.00269308 39519
BEIDOU-8----------------
1 37384U 11013A   21273.26038574 -.00000143  00000-0  00000-0 0  9990
2 37384  59.9236  56.8475 0018659 179.8872 332.5089  1.00278165 38413
INTELSAT-NEW-DAWN-------
1 37392U 11016A   21273.34493948  .00000154  00000-0  00000-0 0  9992
2 37392   0.0133 183.0009 0001368   2.4981 340.8114  1.00272456 36036
YAHSAT-1A---------------
1 37393U 11016B   21273.21917199  .00000099  00000-0  00000-0 0  9996
2 37393   0.0137 244.1717 0000599 334.6660 281.7736  1.00272171 25142
SBIRS-GEO-1-(USA-230)---
1 37481U 11019A   21273.75086890 -.00000009  00000-0  00000+0 0  9992
2 37481   1.8064   8.5309 0002307 176.1680 161.5358  1.00272379 38089
TELSTAR-14R-------------
1 37602U 11021A   21273.48321838 -.00000282  00000-0  00000+0 0  9997
2 37602   0.0357  73.3680 0000298 149.5879 257.4738  1.00272429 38536
GSAT-8------------------
1 37605U 11022A   21273.50676727  .00000083  00000-0  00000+0 0  9992
2 37605   0.0213 116.5665 0005863 137.0627 353.3646  1.00272018 37985
ST-2--------------------
1 37606U 11022B   21273.51330862 -.00000214  00000-0  00000-0 0  9999
2 37606   0.0137 165.0366 0002374  57.0159  60.2436  1.00271938 38020
CHINASAT-10-(ZX-10)-----
1 37677U 11026A   21273.81205233 -.00000354  00000-0  00000+0 0  9991
2 37677   0.0452 238.4813 0004892 303.8754 230.2991  1.00272408 37713
TIANLIAN-1-02-----------
1 37737U 11032A   21273.55454024 -.00000016  00000-0  00000-0 0  9996
2 37737   2.5515  74.8749 0020469 104.9579 200.3614  1.00270508 37461
GSAT-12-----------------
1 37746U 11034A   21273.50537178  .00000123  00000-0  00000-0 0  9993
2 37746   0.7229  95.5115 0008275  11.2757 132.5966  1.00272603 26247
SES-3-------------------
1 37748U 11035A   21273.52492957 -.00000104  00000-0  00000-0 0  9993
2 37748   0.0395  37.5264 0002995 163.0066 254.9371  1.00272822 37355
KAZSAT-2----------------
1 37749U 11035B   21273.01056348 -.00000200  00000-0  00000-0 0  9995
2 37749   0.0443 301.5405 0001619 295.6549 222.1072  1.00272156 36131
BEIDOU-9----------------
1 37763U 11038A   21273.22620059 -.00000099  00000-0  00000-0 0  9999
2 37763  54.4703 181.0871 0086591 226.8678 136.4867  1.00288337 37394
ASTRA-1N----------------
1 37775U 11041A   21273.43590948  .00000118  00000-0  00000+0 0  9992
2 37775   0.0229  42.9360 0001411 104.4146  38.1587  1.00271154 37143
BSAT-3C-(JCSAT-110R)----
1 37776U 11041B   21273.81205244 -.00000352  00000-0  00000+0 0  9998
2 37776   0.0404  42.0892 0000095 258.1445 111.8487  1.00270265 37270
PAKSAT-1R---------------
1 37779U 11042A   21273.65868117  .00000152  00000-0  00000+0 0  9995
2 37779   0.0411   3.6458 0000165 281.0222   0.0903  1.00270806 37024
CHINASAT-1A-(ZX-1A)-----
1 37804U 11047A   21273.52168156 -.00000339  00000-0  00000-0 0  9990
2 37804   0.0498 315.1284 0001834 336.4229  35.5973  1.00273993 10102
SES-2-------------------
1 37809U 11049A   21273.47842138 -.00000198  00000-0  00000+0 0  9992
2 37809   0.0240  90.8196 0002910 102.0487 261.8221  1.00271422 36743
ARABSAT-5C--------------
1 37810U 11049B   21273.43590948  .00000122  00000-0  00000+0 0  9995
2 37810   0.0564  10.2947 0006929 177.9375 358.0917  1.00272732 36651
EUTELSAT-7-WEST-A-------
1 37816U 11051A   21273.35078414 -.00000061  00000-0  00000-0 0  9998
2 37816   0.0942  53.5825 0005548 140.2502 294.4729  1.00272789 36648
QUETZSAT-1--------------
1 37826U 11054A   21273.45036560 -.00000243  00000-0  00000-0 0  9991
2 37826   0.0237  75.3937 0002776 117.4909 261.6729  1.00270552 32636
INTELSAT-18-(IS-18)-----
1 37834U 11056A   21273.74696601  .00000051  00000-0  00000+0 0  9997
2 37834   0.0098  31.7798 0001855 160.2985 266.5570  1.00270874 36592
EUTELSAT-16A------------
1 37836U 11057A   21273.43590948  .00000102  00000-0  00000-0 0  9991
2 37836   0.0686  11.6514 0004906 179.5412 351.1350  1.00272098 28710
VIASAT-1----------------
1 37843U 11059A   21273.80168993 -.00000026  00000-0  00000+0 0  9998
2 37843   0.0203 204.5243 0002041 352.4405 346.3150  1.00273068 37023
ASIASAT-7---------------
1 37933U 11069A   21273.64687539 -.00000336  00000-0  00000-0 0  9998
2 37933   0.0307  71.5407 0001553  83.4169 193.0564  1.00272591 36202
BEIDOU-10---------------
1 37948U 11073A   21273.51514021 -.00000110  00000-0  00000-0 0  9990
2 37948  50.7807 292.3792 0079026 217.4310 141.2392  1.00269422 36148
LUCH-5A-----------------
1 37951U 11074B   21273.76101943 -.00000047  00000-0  00000+0 0  9995
2 37951   4.3680 102.9918 0003252  51.9208 295.7450  1.00270468 35935
NIGCOMSAT-1R------------
1 38014U 11077A   21273.50423795  .00000143  00000-0  00000-0 0  9990
2 38014   0.0433 316.7141 0001304 161.6722 115.1059  1.00273109 35704
FENGYUN-2F--------------
1 38049U 12002A   21273.58988615 -.00000358  00000-0  00000-0 0  9991
2 38049   3.1602  81.4955 0002151  12.2367 240.0853  1.00283255 35635
WGS-F4-(USA-233)--------
1 38070U 12003A   21273.51339584 -.00000217  00000-0  00000-0 0  9998
2 38070   0.0079 160.1644 0000476  87.6889  34.8782  1.00272291 26892
SES-4-------------------
1 38087U 12007A   21273.75874719 -.00000170  00000-0  00000+0 0  9997
2 38087   0.0204 265.4825 0002740 287.4957  67.8989  1.00270296 35238
BEIDOU-11---------------
1 38091U 12008A   21273.61916101  .00000056  00000-0  00000-0 0  9993
2 38091   1.7767  70.0075 0003103 328.4622 252.7098  1.00271259 35226
MUOS-1------------------
1 38093U 12009A   21273.63070028 -.00000126  00000-0  00000+0 0  9995
2 38093   2.6895  24.2388 0050726   0.0661 112.3351  1.00270288 35209
INTELSAT-22-(IS-22)-----
1 38098U 12011A   21273.65372983 -.00000061  00000-0  00000+0 0  9998
2 38098   0.0170 232.7294 0003040 322.3964 121.9441  1.00271675 34797
APSTAR-7----------------
1 38107U 12013A   21273.51104097 -.00000104  00000-0  00000-0 0  9994
2 38107   0.0112 141.0447 0002443  62.0673  66.8591  1.00272233 34555
YAHSAT-1B---------------
1 38245U 12016A   21273.68584950  .00000125  00000-0  00000+0 0  9999
2 38245   0.0034 145.9302 0001082  66.9265  91.3189  1.00270216 34669
AEHF-2-(USA-235)--------
1 38254U 12019A   21273.55220792 -.00000209  00000-0  00000+0 0  9993
2 38254   2.8180  58.0664 0001895 133.1802 300.0982  0.99943397 34421
JCSAT-13----------------
1 38331U 12023A   21273.52054773 -.00000358  00000-0  00000-0 0  9991
2 38331   0.0321 256.9122 0002420 303.8358 120.1537  1.00271007 34274
VINASAT-2---------------
1 38332U 12023B   21273.73737201 -.00000331  00000-0  00000+0 0  9999
2 38332   0.0165 270.0767 0001902 290.9621 205.9735  1.00270432 34369
NIMIQ-6-----------------
1 38342U 12026A   21273.47763642 -.00000175  00000-0  00000-0 0  9999
2 38342   0.0247  97.3897 0002176  92.5112 260.4150  1.00272390 33169
CHINASAT-2A-(ZX-2A)-----
1 38352U 12028A   21273.51540187 -.00000295  00000-0  00000-0 0  9997
2 38352   0.0375 342.3648 0001637 324.2891 346.6465  1.00272810 34129
INTELSAT-19-(IS-19)-----
1 38356U 12030A   21273.74417502 -.00000058  00000-0  00000+0 0  9999
2 38356   0.0182 167.0326 0003233  30.5137 246.0894  1.00271648 34260
ECHOSTAR-17-------------
1 38551U 12035A   21273.62478584 -.00000077  00000-0  00000+0 0  9996
2 38551   0.0233 176.9566 0002003   7.1144 303.3363  1.00269229 33877
METEOSAT-10-(MSG-3)-----
1 38552U 12035B   21273.43590948  .00000061  00000-0  00000-0 0  9998
2 38552   1.2459  20.8162 0001768 201.4266 313.4003  1.00276849 33601
SES-5-------------------
1 38652U 12036A   21273.35322625  .00000032  00000-0  00000-0 0  9994
2 38652   0.0582 293.5865 0002040 258.8872 309.0096  1.00272546 27244
TIANLIAN-1-03-----------
1 38730U 12040A   21272.25257678  .00000125  00000-0  00000-0 0  9992
2 38730   1.3575  94.9027 0002537 358.6471  26.0791  1.00276248 33726
INTELSAT-20-(IS-20)-----
1 38740U 12043A   21273.72333720 -.00000026  00000-0  00000+0 0  9992
2 38740   0.0129 172.0768 0002104   7.2872 159.2304  1.00271023 33578
HYLAS-2-----------------
1 38741U 12043B   21273.76972837  .00000152  00000-0  00000+0 0  9994
2 38741   0.0033  95.3366 0001741  94.0540 128.4985  1.00271543 33598
INTELSAT-21-(IS-21)-----
1 38749U 12045A   21273.48417778 -.00000287  00000-0  00000+0 0  9991
2 38749   0.0162 250.5276 0002621 307.4674 287.7725  1.00274134 33388
ASTRA-2F----------------
1 38778U 12051A   21273.28606830  .00000148  00000-0  00000-0 0  9993
2 38778   0.0615 233.2770 0004131 339.9926 287.1683  1.00271375 23861
GSAT-10-----------------
1 38779U 12051B   21273.51234922 -.00000167  00000-0  00000-0 0  9991
2 38779   0.0094 207.2745 0002312  14.2072  55.4740  1.00270692 32850
INTELSAT-23-(IS-23)-----
1 38867U 12057A   21273.48522441 -.00000286  00000-0  00000-0 0  9999
2 38867   0.0217 235.7025 0001809 314.0045 301.4434  1.00272458 32691
BEIDOU-16---------------
1 38953U 12059A   21273.62110459 -.00000178  00000-0  00000-0 0  9995
2 38953   1.3465  84.0998 0009276 284.8457 308.3175  1.00274756 32799
LUCH-5B-----------------
1 38977U 12061A   21273.27717204 -.00000132  00000-0  00000-0 0  9996
2 38977   6.7313  64.4744 0003902  95.8784 292.4025  1.00272505 32922
YAMAL-300K--------------
1 38978U 12061B   21273.74757653  .00000070  00000-0  00000+0 0  9990
2 38978   0.0199 172.8330 0000252 306.4358 342.5128  1.00275477 32629
STAR-ONE-C3-------------
1 38991U 12062A   21273.48077626 -.00000251  00000-0  00000-0 0  9995
2 38991   0.0481  94.9425 0002426 112.1358 260.4780  1.00271923 32516
EUTELSAT-21B------------
1 38992U 12062B   21273.43573587  .00000128  00000-0  00000-0 0  9990
2 38992   0.0687  11.7824 0002511 169.8172   6.2635  1.00271907 32587
ECHOSTAR-16-------------
1 39008U 16039B   21273.48348003 -.00000283  00000-0  00000-0 0  9998
2 39008   0.0130 196.8616 0001874 350.2116 294.9455  1.00270354 32376
CHINASAT-12-(ZX-12)-----
1 39017U 12067A   21273.51322142 -.00000209  00000-0  00000-0 0  9993
2 39017   0.0134 150.1688 0002982  40.5694  91.0303  1.00272346 32251
EUTELSAT-70B------------
1 39020U 12069A   21273.50981991 -.00000046  00000-0  00000-0 0  9990
2 39020   0.0714 340.5423 0006697 221.3985  61.5689  1.00271590 32259
YAMAL-402---------------
1 39022U 12070A   21273.62736993  .00000083  00000-0  00000-0 0  9997
2 39022   0.0202 148.9892 0002883  61.1618  80.2194  1.00274050 32342
SKYNET-5D---------------
1 39034U 12075A   21273.50624396  .00000097  00000-0  00000-0 0  9990
2 39034   0.0712   4.9839 0004044 192.5298  46.9465  1.00271814 31914
MEXSAT-3----------------
1 39035U 12075B   21273.51519587 -.00000027  00000-0  00000-0 0  9991
2 39035   0.0176 158.9981 0002700  46.2241 234.9452  1.00272882 31929
TDRS-11-----------------
1 39070U 13004A   21273.56673508  .00000078  00000-0  00000-0 0  9997
2 39070   3.2051 339.5244 0004103  96.2428 323.4939  1.00267005 29444
AMAZONAS-3--------------
1 39078U 13006A   21273.48356726 -.00000284  00000-0  00000-0 0  9998
2 39078   0.0250 208.0455 0005263   6.9251 267.5958  1.00272083 27654
AZERSPACE-1-------------
1 39079U 13006B   21273.50493569  .00000131  00000-0  00000-0 0  9999
2 39079   0.0162 147.2208 0002128  70.6187  19.4030  1.00272336 31550
SBIRS-GEO-2-(USA-241)---
1 39120U 13011A   21273.74596694  .00000121  00000-0  00000+0 0  9999
2 39120   1.8684   7.0988 0002337 177.9594 113.9095  1.00272751 31336
EUTELSAT-117-WEST-A-----
1 39122U 13012A   21273.61688076 -.00000015  00000-0  00000+0 0  9997
2 39122   0.0380  41.8406 0002842 151.3271 281.7110  1.00271365 31211
ANIK-G1-----------------
1 39127U 13014A   21273.62371810 -.00000076  00000-0  00000+0 0  9997
2 39127   0.0127 173.0401 0002928  16.7331 297.0708  1.00272436 30991
CHINASAT-11-(ZX-11)-----
1 39157U 13020A   21273.51531464 -.00000292  00000-0  00000-0 0  9999
2 39157   0.0471 269.7183 0000725 256.7092 126.4500  1.00269136 30896
EUTELSAT-7B-------------
1 39163U 13022A   21273.35357513  .00000046  00000-0  00000-0 0  9997
2 39163   0.0666   3.0431 0001190 335.2487 165.3343  1.00270946 30722
WGS-F5-(USA-243)--------
1 39168U 13024A   21273.48531161 -.00000286  00000-0  00000+0 0  9997
2 39168   0.0101 178.4975 0000481  83.6167 229.5738  1.00270295 30573
SES-6-------------------
1 39172U 13026A   21273.48766650 -.00000263  00000-0  00000-0 0  9993
2 39172   0.0316 306.9858 0002346 255.7607 301.7822  1.00270415 30477
IRNSS-1A----------------
1 39199U 13034A   21273.07607316  .00000103  00000-0  00000-0 0  9991
2 39199  31.8519  89.3788 0020395 177.9899 184.2090  1.00268217 30118
MUOS-2------------------
1 39206U 13036A   21273.35767521  .00000065  00000-0  00000-0 0  9995
2 39206   2.5613  13.7259 0057497 179.3749 127.9257  1.00272235 29936
ALPHASAT----------------
1 39215U 13038A   21273.28537054  .00000135  00000-0  00000-0 0  9993
2 39215   2.6181  15.9705 0002615 190.3611 290.5186  1.00270916 26760
INSAT-3D----------------
1 39216U 13038B   21273.72742913 -.00000158  00000-0  00000+0 0  9990
2 39216   0.0274 244.2903 0001377 311.1497 158.2330  1.00271875 30055
WGS-F6-(USA-244)--------
1 39222U 13041A   21273.65137672  .00000087  00000-0  00000+0 0  9993
2 39222   0.0197 176.3384 0000438 113.2596 179.3020  1.00270743 29817
ES'HAIL-1---------------
1 39233U 13044A   21273.75679078  .00000141  00000-0  00000+0 0  9991
2 39233   0.0586  11.0357 0001826 175.9370 120.7059  1.00269741 29642
GSAT-7------------------
1 39234U 13044B   21273.65407869 -.00000079  00000-0  00000+0 0  9999
2 39234   0.0211 128.0327 0008317 123.7761  67.2952  1.00272749 29640
AMOS-4------------------
1 39237U 13045A   21273.50877330  .00000005  00000-0  00000-0 0  9990
2 39237   0.0375 259.1305 0001368 298.9981  59.5253  1.00271623 29709
AEHF-3-(USA-246)--------
1 39256U 13050A   21273.48107861  .00000134  00000-0  00000-0 0  9992
2 39256   1.1182  63.6899 0055313 183.8791 139.9835  1.00271954 28417
ASTRA-2E----------------
1 39285U 13056A   21273.76671318  .00000149  00000-0  00000+0 0  9999
2 39285   0.0598   9.9134 0002726 175.7790 128.5709  1.00275346 29337
FM-6--------------------
1 39360U 13058A   21273.61688140 -.00000019  00000-0  00000+0 0  9997
2 39360   0.0419 267.8437 0000362 171.7320  35.9333  1.00273884 29095
RADUGA-1M-3-------------
1 39375U 13062A   21273.64631627  .00000155  00000-0  00000+0 0  9999
2 39375   1.5796  92.5563 0001164 349.7430 194.9549  1.00274194 28873
SES-8-------------------
1 39460U 13071A   21273.58648464 -.00000272  00000-0  00000+0 0  9995
2 39460   0.0326 243.2411 0001662 272.6229 159.8315  1.00272903 28610
INMARSAT-5-F1-----------
1 39476U 13073A   21273.70882632  .00000026  00000-0  00000+0 0  9991
2 39476   0.0175 192.1996 0000478  87.9361  47.3410  1.00271903 28679
TKSAT-1-(TUPAC-KATARI)--
1 39481U 13075A   21273.47842138 -.00000197  00000-0  00000-0 0  9991
2 39481   0.0423 319.3284 0002133 216.7523 278.4181  1.00272052 28348
EXPRESS-AM5-------------
1 39487U 13077A   21273.52368758 -.00000282  00000-0  00000-0 0  9991
2 39487   0.0340 310.1457 0001143  34.8272 353.1080  1.00272088 29094
GSAT-14-----------------
1 39498U 14001A   21273.44563446 -.00000080  00000-0  00000-0 0  9999
2 39498   0.0117 217.5360 0005296  14.2189  12.1080  1.00272445 28158
THAICOM-6---------------
1 39500U 14002A   21273.51147705 -.00000124  00000-0  00000-0 0  9997
2 39500   0.0635 120.8375 0004334  42.7314 108.5732  1.00272972 28202
TDRS-12-----------------
1 39504U 14004A   21273.48749207 -.00000270  00000-0  00000-0 0  9996
2 39504   4.1107 343.1691 0002990 193.7601 327.1471  1.00270412 27023
ABS-2-------------------
1 39508U 14006A   21273.51069208 -.00000089  00000-0  00000-0 0  9990
2 39508   0.0380  39.9044 0002682 140.6016  87.7617  1.00272484 28030
ATHENA-FIDUS------------
1 39509U 14006B   21273.65868069  .00000152  00000-0  00000+0 0  9997
2 39509   0.0121 201.2788 0001576  12.7434  70.5458  1.00274105 28245
TURKSAT-4A--------------
1 39522U 14007A   21273.50415073  .00000144  00000-0  00000-0 0  9992
2 39522   0.0572 269.6969 0003871 314.8499   8.4325  1.00275098 27734
EXPRESS-AT1-------------
1 39612U 14010A   21271.42541917  .00000077  00000-0  00000-0 0  9997
2 39612   0.0397 324.7347 0000092 301.3172 310.5406  1.00273761 27779
EXPRESS-AT2-------------
1 39613U 14010B   21273.30830891 -.00000283  00000-0  00000-0 0  9999
2 39613   0.0323 319.4736 0000373 278.5968  22.0461  1.00270025 27622
AMAZONAS-4A-------------
1 39616U 14011A   21273.48103792 -.00000254  00000-0  00000-0 0  9993
2 39616   0.1101  80.6165 0004527 121.6164 266.3880  1.00270415 27445
ASTRA-5B----------------
1 39617U 14011B   21273.50205750  .00000153  00000-0  00000-0 0  9991
2 39617   0.0085  42.8650 0003941 149.2611  29.6002  1.00273029 27414
IRNSS-1B----------------
1 39635U 14017A   21273.57846057  .00000110  00000-0  00000+0 0  9997
2 39635  29.2766 269.4282 0020900 190.2571 173.1370  1.00275098 27552
LUCH-5V-----------------
1 39727U 14023A   21273.51461691 -.00000271  00000-0  00000-0 0  9997
2 39727   0.9042  66.2674 0002186 120.6247 102.5423  1.00276585 27106
KAZSAT-3----------------
1 39728U 14023B   21273.79397714  .00000060  00000-0  00000+0 0  9996
2 39728   0.0085 186.2124 0000523 287.1542 240.7158  1.00263161 27193
EUTELSAT-3B-------------
1 39773U 14030A   21273.35279016  .00000018  00000-0  00000-0 0  9994
2 39773   0.0621  10.0935 0005763 179.8617 309.4746  1.00272326 26811
USA-254-----------------
1 40100U 14043B   21264.75026000  .00000107  00000-0  00000+0 0  9999
2 40100   0.2370  98.5897 0001445 159.4220  68.6583  0.99580380  1405
ASIASAT-8-(AMOS-7)------
1 40107U 14046A   21273.35139469 -.00000035  00000-0  00000-0 0  9991
2 40107   0.0285 247.0838 0002285 292.9356 311.9497  1.00271261 84909
ASIASAT-6---------------
1 40141U 14052A   21273.51967554 -.00000364  00000-0  00000-0 0  9993
2 40141   0.0126 162.0791 0000772  38.5639 115.8420  1.00270299 25904
OPTUS-10----------------
1 40146U 14054A   21273.74216900 -.00000149  00000-0  00000+0 0  9997
2 40146   0.0416 207.6014 0004347 339.2908 246.0011  1.00271626 25871
MEASAT-3B---------------
1 40147U 14054B   21273.70327184 -.00000244  00000-0  00000+0 0  9997
2 40147   0.0416  32.5965 0000625 160.4752 161.2851  1.00271926 25927
LUCH-(OLYMP)------------
1 40258U 14058A   21273.70653373  .00000019  00000-0  00000+0 0  9995
2 40258   0.0196 230.8202 0004779  40.3016  51.2527  1.00490349 25688
HIMAWARI-8--------------
1 40267U 14060A   21273.52386201 -.00000277  00000-0  00000-0 0  9999
2 40267   0.0170 191.8348 0001313  41.4651 105.4558  1.00272127 25504
IRNSS-1C----------------
1 40269U 14061A   21273.51234922 -.00000163  00000-0  00000-0 0  9997
2 40269   2.4537 142.0594 0020511   5.8891 128.9962  1.00274256 25437
INTELSAT-30-(IS-30)-----
1 40271U 14062A   21273.62041250 -.00000154  00000-0  00000+0 0  9992
2 40271   0.0137 236.8675 0001526 190.5193  70.5055  1.00279121 25514
ARSAT-1-----------------
1 40272U 14062B   21273.51597895 -.00000261  00000-0  00000-0 0  9992
2 40272   0.0258 274.6276 0001662 284.3419 284.4704  1.00271312 25364
EXPRESS-AM6-------------
1 40277U 14064A   21272.77636216  .00000096  00000-0  00000-0 0  9992
2 40277   0.0390 285.4862 0001119 196.2180 219.5775  1.00274980 25406
GSAT-16-----------------
1 40332U 14078A   21273.50676727  .00000083  00000-0  00000-0 0  9998
2 40332   0.0129 216.0294 0005249 259.6201 131.3377  1.00271036 24859
DIRECTV-14--------------
1 40333U 14078B   21273.63055719 -.00000128  00000-0  00000+0 0  9995
2 40333   0.0214 130.8524 0000110 248.4642 118.0480  1.00273104 24991
YAMAL-401---------------
1 40345U 14082A   21272.43710476 -.00000230  00000-0  00000-0 0  9993
2 40345   0.0138 191.5957 0000407  47.7924  16.3546  1.00272355 25143
ASTRA-2G----------------
1 40364U 14089A   21273.76671275  .00000148  00000-0  00000+0 0  9997
2 40364   0.0082  71.5330 0001985  26.9948 215.4224  1.00268392 24769
FENGYUN-2G--------------
1 40367U 14090A   21273.65922456 -.00000304  00000-0  00000+0 0  9995
2 40367   1.2834  91.7388 0002435 263.3988 351.5357  1.00274601 24780
MUOS-3------------------
1 40374U 15002A   21273.39840844 -.00000129  00000-0  00000-0 0  9994
2 40374   2.5486   2.5366 0059508 179.2498 315.4875  1.00270547 24335
INMARSAT-5-F2-----------
1 40384U 15005A   21273.48478830 -.00000287  00000-0  00000+0 0  9994
2 40384   0.0105 210.1030 0000183 160.4675 118.4249  1.00271054 24426
ABS-3A------------------
1 40424U 15010A   21273.35139469 -.00000028  00000-0  00000-0 0  9997
2 40424   0.0017 187.8378 0002454 269.2740  35.7227  1.00271703 24150
EUTELSAT-115-WEST-B-----
1 40425U 15010B   21273.51519549 -.00000027  00000-0  00000-0 0  9996
2 40425   0.0111 346.0789 0000087 114.9156 339.0669  1.00271222 24143
EXPRESS-AM7-------------
1 40505U 15012A   21273.66167222  .00000149  00000-0  00000+0 0  9993
2 40505   0.0228 168.9321 0002936  40.8842  77.9848  1.00271261 24104
IRNSS-1D----------------
1 40547U 15018A   21271.43640865 -.00000271  00000-0  00000-0 0  9995
2 40547  29.1152 269.5209 0018958 189.8968 176.9066  1.00271583 23721
BEIDOU-17---------------
1 40549U 15019A   21273.60778809 -.00000128  00000-0  00000-0 0  9990
2 40549  52.3209 315.7763 0038363 189.3959 175.1673  1.00298270 23839
THOR-7------------------
1 40613U 15022A   21273.63916441 -.00000010  00000-0  00000+0 0  9994
2 40613   0.0078 210.7871 0002554 341.7055  46.5833  1.00273695 23566
TURKMENALEM52E/MONACOSAT
1 40617U 15023A   21273.50615675  .00000102  00000-0  00000-0 0  9992
2 40617   0.0158 143.3700 0003098  50.5487  49.7908  1.00272263 23589
DIRECTV-15--------------
1 40663U 15026A   21273.62827737 -.00000105  00000-0  00000+0 0  9996
2 40663   0.0171 121.5435 0000371 206.3589 165.0171  1.00275317 23287
SKY-MEXICO-1------------
1 40664U 15026B   21273.55185904 -.00000236  00000-0  00000+0 0  9997
2 40664   0.0185 169.2756 0002055  26.8192 293.3150  1.00270979 23285
METEOSAT-11-(MSG-4)-----
1 40732U 15034A   21273.35235407 -.00000002  00000-0  00000-0 0  9996
2 40732   0.3295 115.8155 0001483   9.5088  11.3938  1.00262156 22775
STAR-ONE-C4-------------
1 40733U 15034B   21273.48182288 -.00000266  00000-0  00000-0 0  9991
2 40733   0.0125  17.2473 0000845 216.3088 239.3389  1.00270491 22775
WGS-F7-(USA-263)--------
1 40746U 15036A   21273.35097535  .00000016  00000-0  00000-0 0  9995
2 40746   0.0047 187.4911 0000348  24.5615  98.6330  1.00272245 22627
INTELSAT-34-(IS-34)-----
1 40874U 15039A   21273.41292057 -.00000287  00000-0  00000-0 0  9994
2 40874   0.0400 284.6170 0000986  85.4641  92.4686  1.00270510 22373
EUTELSAT-8-WEST-B-------
1 40875U 15039B   21273.35060972 -.00000067  00000-0  00000-0 0  9993
2 40875   0.0672 359.9444 0002935 144.2450 343.3663  1.00271670 22408
GSAT-6------------------
1 40880U 15041A   21273.72751635 -.00000162  00000-0  00000+0 0  9991
2 40880   0.0299 109.5291 0004142  74.6306 169.9435  1.00273313 22355
INMARSAT-5-F3-----------
1 40882U 15042A   21273.67509826  .00000048  00000-0  00000+0 0  9993
2 40882   0.0036 159.9848 0000212 171.4210 100.8764  1.00270761 22305
MUOS-4------------------
1 40887U 15044A   21273.51060487 -.00000094  00000-0  00000-0 0  9991
2 40887   2.6023 357.7276 0050368 356.8655 273.7371  1.00272331 22305
TJS-1-------------------
1 40892U 15046A   21273.54032137 -.00000158  00000-0  00000-0 0  9994
2 40892   0.0255 292.3259 0003172  68.5210 358.2071  1.00271597 22309
EXPRESS-AM8-------------
1 40895U 15048A   21273.85189485 -.00000113  00000-0  00000+0 0  9992
2 40895   0.0337 321.5823 0000840 320.5020  20.4268  1.00272093 22122
BEIDOU-20---------------
1 40938U 15053A   21273.42333225 -.00000079  00000-0  00000-0 0  9994
2 40938  51.9059 278.8587 0048276 196.0066 141.6887  1.00260017 22090
SKY-MUSTER-1-(NBN1A)----
1 40940U 15054A   21273.73902914 -.00000280  00000-0  00000+0 0  9992
2 40940   0.0131 237.0874 0001654 318.3897 220.5377  1.00271919 22000
ARSAT-2-----------------
1 40941U 15054B   21273.40786191 -.00000226  00000-0  00000-0 0  9995
2 40941   0.0241 270.9453 0001762 279.6155 244.6524  1.00271232 22063
MORELOS-3---------------
1 40946U 15056A   21273.51662168 -.00000045  00000-0  00000-0 0  9990
2 40946   4.0967 331.5748 0002872 178.1011 292.6792  1.00272054 22035
APSTAR-9----------------
1 40982U 15059A   21272.75922174 -.00000267  00000-0  00000-0 0  9990
2 40982   0.0235 202.9103 0002285 311.5802 269.6030  1.00273213 21894
TURKSAT-4B--------------
1 40984U 15060A   21273.50572066  .00000112  00000-0  00000-0 0  9997
2 40984   0.0182 215.8865 0002226 337.2098  48.4632  1.00275194 21859
CHINASAT-2C-(ZX-2C)-----
1 41021U 15063A   21269.64049914 -.00000325  00000-0  00000-0 0  9991
2 41021   0.0180 171.3427 0000932 105.9524  62.3120  1.00267699 21719
GSAT-15-----------------
1 41028U 15065A   21273.51444247 -.00000260  00000-0  00000-0 0  9997
2 41028   0.0303  98.4889 0002350  75.3400 114.3716  1.00272193 21559
BADR-7-(ARABSAT-6B)-----
1 41029U 15065B   21273.28563220  .00000143  00000-0  00000-0 0  9994
2 41029   0.0544 252.4091 0006339 334.7614 270.9390  1.00269692 21517
LAOSAT-1----------------
1 41034U 15067A   21273.52141991 -.00000345  00000-0  00000-0 0  9991
2 41034   0.0463 328.0310 0001751 209.7839 147.9197  1.00272823 21608
TELSTAR-12V-------------
1 41036U 15068A   21273.39840844 -.00000121  00000-0  00000-0 0  9994
2 41036   0.0222 173.7182 0001732  26.3850 297.6985  1.00270028 21377
CHINASAT-1C-(ZX-1C)-----
1 41103U 15073A   21273.58378088 -.00000151  00000-0  00000-0 0  9995
2 41103   2.7475  87.8940 0001908  65.9482 147.3190  1.00272176 21402
ELEKTRO-L-2-------------
1 41105U 15074A   21273.87819192 -.00000116  00000-0  00000+0 0  9996
2 41105   2.3362  91.1900 0002904  94.4955 125.8267  1.00271168 21268
COSMOS-2513-------------
1 41121U 15075A   21273.72708028 -.00000140  00000-0  00000+0 0  9991
2 41121   0.0447 117.4201 0003161 101.8444 132.4326  1.00272639 21346
EXPRESS-AMU1------------
1 41191U 15082A   21273.50292969  .00000154  00000-0  00000-0 0  9999
2 41191   0.0188 255.9306 0002885 308.8405  21.8872  1.00276017 21023
GAOFEN-4----------------
1 41194U 15083A   21273.51688458 -.00000337  00000-0  00000-0 0  9990
2 41194   0.0723 296.2058 0003957 287.1916  77.8824  1.00273651 21265
BELINTERSAT-1-----------
1 41238U 16001A   21273.69051023  .00000105  00000-0  00000+0 0  9992
2 41238   0.0457  75.9588 0001739  69.2906 164.5046  1.00270326 20997
IRNSS-1E----------------
1 41241U 16003A   21270.93400155 -.00000286  00000-0  00000-0 0  9998
2 41241  29.3948  88.7287 0021473 175.4256 190.8708  1.00273749 20802
EUTELSAT-9B-------------
1 41310U 16005A   21273.64108319  .00000060  00000-0  00000+0 0  9993
2 41310   0.0865  80.5483 0005289 169.0725 359.7744  1.00272822 20850
SES-9-------------------
1 41380U 16013A   21273.66088170 -.00000347  00000-0  00000+0 0  9992
2 41380   0.0332 275.0136 0001373 224.1017 216.7394  1.00271550 20501
EUTELSAT-65-WEST-A------
1 41382U 16014A   21273.55456281 -.00000278  00000-0  00000+0 0  9998
2 41382   0.0585   6.7231 0001915 184.0010 313.2417  1.00275935 20394
IRNSS-1F----------------
1 41384U 16015A   21273.21524719  .00000158  00000-0  00000-0 0  9993
2 41384   1.9663 178.5178 0017530 187.3106 113.4524  1.00281000 20404
BEIDOU-IGSO-6-----------
1 41434U 16021A   21273.56858542 -.00000115  00000-0  00000-0 0  9992
2 41434  57.7204  55.5424 0043218 210.4296  41.8404  1.00292139 20224
IRNSS-1G----------------
1 41469U 16027A   21273.52159434 -.00000337  00000-0  00000-0 0  9992
2 41469   1.9309 182.0079 0003439 313.7231 191.0084  1.00275276 19928
JCSAT-2B----------------
1 41471U 16028A   21273.74182013 -.00000167  00000-0  00000+0 0  9999
2 41471   0.0010 188.8058 0001935   9.1569 232.8197  1.00270326 19830
THAICOM-8---------------
1 41552U 16031A   21273.51138983 -.00000123  00000-0  00000-0 0  9998
2 41552   0.0868  75.2769 0001342  62.3594 134.4637  1.00271027 19464
INTELSAT-31-(IS-31)-----
1 41581U 16035A   21273.54845753 -.00000152  00000-0  00000-0 0  9999
2 41581   0.0110 203.5939 0001791   5.9860 262.3347  1.00270381 19357
BEIDOU-2-G7-------------
1 41586U 16037A   21273.51775675 -.00000355  00000-0  00000-0 0  9993
2 41586   1.9217  69.1048 0007431  12.9167 224.4164  1.00269883 19533
ABS-2A-(MONGOLSAT-1)----
1 41588U 16038A   21273.58247260 -.00000086  00000-0  00000+0 0  9997
2 41588   0.0185 172.3513 0001712 288.4308 193.1799  1.00270795 19446
EUTELSAT-117-WEST-B-----
1 41589U 16038B   21273.51291728 -.00000013  00000-0  00000-0 0  9990
2 41589   0.0269  36.5360 0000499  73.4071 327.1920  1.00271300 19416
BRISAT------------------
1 41591U 16039A   21273.74112240 -.00000198  00000-0  00000+0 0  9993
2 41591   0.0140 234.2181 0002124 318.6668 234.1405  1.00271683 19394
ECHOSTAR-18-------------
1 41592U 16039B   21273.48356726 -.00000283  00000-0  00000-0 0  9990
2 41592   0.0230 172.6764 0001470  28.4262 281.0856  1.00268766 19373
MUOS-5------------------
1 41622U 16041A   21273.62485733 -.00000143  00000-0  00000+0 0  9998
2 41622   6.2166 303.0344 0203535 229.7693 316.7166  1.00272124 19819
TIANTONG-1-1------------
1 41725U 16048A   21273.65957343 -.00000319  00000-0  00000+0 0  9998
2 41725   2.4448 347.2558 0002782 264.9789  96.2519  1.00273639 19015
JCSAT-16----------------
1 41729U 16050A   21273.73981411 -.00000253  00000-0  00000+0 0  9994
2 41729   0.0383  94.5049 0000997  22.1980 303.2870  1.00270639 18816
USA-270-----------------
1 41744U 16052A   21264.74589909  .00000135  00000-0  00000+0 0  9998
2 41744   0.0228 209.5737 0001472  42.3351  51.0122  1.00130986  1391
USA-271-----------------
1 41745U 16052B   21264.68545692 -.00000229  00000-0  00000+0 0  9998
2 41745   1.1752  95.0788 0003661  48.1472 194.8242  1.00176531  1395
INTELSAT-36-(IS-36)-----
1 41747U 16053A   21273.72333762 -.00000026  00000-0  00000+0 0  9994
2 41747   0.0126 188.1164 0002673 186.4588 324.0014  1.00269448 18716
INTELSAT-33E-(IS-33E)---
1 41748U 16053B   21273.55116093  .00000047  00000-0  00000-0 0  9995
2 41748   0.0420   1.6213 0002070 196.5479  69.7743  1.00272841 18993
INSAT-3DR---------------
1 41752U 16054A   21273.48382882 -.00000079  00000-0  00000-0 0  9990
2 41752   0.0871  94.2216 0012021 168.9687 354.4620  1.00271549 18554
GSAT-18-----------------
1 41793U 16060A   21273.65407869 -.00000079  00000-0  00000+0 0  9993
2 41793   0.0587  96.3389 0001057 297.8995 284.8485  1.00272458 18272
SKY-MUSTER-2-(NBN1B)----
1 41794U 16060B   21273.53240913 -.00000246  00000-0  00000-0 0  9993
2 41794   0.0107 230.7913 0001571 323.4064 151.7803  1.00270594 18266
HIMAWARI-9--------------
1 41836U 16064A   21273.52386201 -.00000277  00000-0  00000-0 0  9998
2 41836   0.0116 177.8195 0000932  38.3565 122.6692  1.00270280 17932
SHIJIAN-17-(SJ-17)------
1 41838U 16065A   21273.75217105 -.00000364  00000-0  00000+0 0  9998
2 41838   1.3751  92.0422 0000529  99.8253 206.1675  1.00276373 17985
GOES-16-----------------
1 41866U 16071A   21273.55229514 -.00000250  00000-0  00000+0 0  9995
2 41866   0.1077  84.9267 0000974 152.8492 255.3875  1.00271955 17855
TIANLIAN-1-04-----------
1 41869U 16072A   21273.42966090  .00000029  00000-0  00000-0 0  9996
2 41869   0.2165 275.5440 0023716 204.7664 220.5802  1.00269791 18068
WGS-F8-(USA-272)--------
1 41879U 16075A   21273.53710833 -.00000204  00000-0  00000-0 0  9990
2 41879   0.0160 140.1191 0000209 357.3414 215.2288  1.00272071 17571
FENGYUN-4A--------------
1 41882U 16077A   21273.64822237 -.00000333  00000-0  00000-0 0  9993
2 41882   0.2310 284.7429 0003850 113.1329 309.8329  1.00273027 17726
ECHOSTAR-19-------------
1 41893U 16079A   21273.63283624 -.00000141  00000-0  00000+0 0  9993
2 41893   0.0175 167.3909 0002219  33.5196 299.4306  1.00275151 17481
JCSAT-15----------------
1 41903U 16082A   21273.42433542 -.00000353  00000-0  00000-0 0  9998
2 41903   0.0009 182.2700 0001395  29.0933  60.8778  1.00272823 17506
STAR-ONE-D1-------------
1 41904U 16082B   21273.47903190 -.00000212  00000-0  00000-0 0  9999
2 41904   0.0235 124.5843 0001855  41.1188 292.1929  1.00269803 17516
TJS-2-------------------
1 41911U 17001A   21273.75086890 -.00000008  00000-0  00000+0 0  9991
2 41911   0.2937 284.7555 0005466 265.7552 156.0286  1.00270629 17461
SBIRS-GEO-4-(USA-273)---
1 41937U 17004A   21273.47630061  .00000127  00000-0  00000-0 0  9998
2 41937   2.8519 314.6373 0002452 237.4836 189.4008  1.00272702 17351
HISPASAT-36W-1----------
1 41942U 17006A   21273.41684538 -.00000246  00000-0  00000-0 0  9991
2 41942   0.0036 109.0260 0001009  72.8846 301.5555  1.00271673 16989
TELKOM-3S---------------
1 41944U 17007A   21273.55708780 -.00000365  00000-0  00000-0 0  9997
2 41944   0.0138 232.4531 0002385 323.7426 131.8867  1.00269754 16882
INTELSAT-32E-(IS-32E)---
1 41945U 17007B   21273.41536267 -.00000270  00000-0  00000-0 0  9997
2 41945   0.0183 172.7411 0000130 207.3682  95.6302  1.00270515 16982
ECHOSTAR-23-------------
1 42070U 17014A   21273.45407309 -.00000272  00000-0  00000-0 0  9995
2 42070   0.0229 171.9384 0001988  14.7669 278.2773  1.00268161 16682
WGS-F9-(USA-275)--------
1 42075U 17016A   21273.63689674 -.00000098  00000-0  00000+0 0  9994
2 42075   0.0126 146.2478 0000323  76.6561   3.9650  1.00271763 16670
SES-10------------------
1 42432U 17017A   21273.55421394 -.00000275  00000-0  00000+0 0  9993
2 42432   0.0160 239.7188 0002772 312.1022 310.3276  1.00272141 16479
CHINASAT-16-(SJ-13)-----
1 42662U 17018A   21273.83586909 -.00000354  00000-0  00000+0 0  9992
2 42662   0.0279  76.8255 0006869 149.5031 194.9231  1.00272451 16496
KOREASAT-7--------------
1 42691U 17023A   21273.51889059 -.00000364  00000-0  00000-0 0  9999
2 42691   0.0160 107.3229 0001686  92.5913 112.2690  1.00270163 16126
SGDC--------------------
1 42692U 17023B   21273.18250622 -.00000251  00000-0  00000-0 0  9996
2 42692   0.0136 154.8789 0002242  42.9564 162.1568  1.00268967 16169
GSAT-9------------------
1 42695U 17024A   21273.65870125 -.00000288  00000-0  00000+0 0  9997
2 42695   0.0608  90.5874 0002197  99.9604 153.5356  1.00271802 16175
INMARSAT-5-F4-----------
1 42698U 17025A   21273.14817644  .00000073  00000-0  00000-0 0  9994
2 42698   0.0192 207.2116 0000195  89.1461 182.6006  1.00271469 16017
SES-15------------------
1 42709U 17026A   21273.60532674  .00000058  00000-0  00000+0 0  9998
2 42709   0.0052 269.7874 0000305 312.9105 235.6568  1.00267635 16937
QZS-2-(MICHIBIKI-2)-----
1 42738U 17028A   21273.32656324 -.00000145  00000-0  00000-0 0  9999
2 42738  42.2112 267.8391 0749450 270.3649  88.2021  1.00259360 15894
VIASAT-2----------------
1 42740U 17029A   21273.55360340 -.00000267  00000-0  00000+0 0  9992
2 42740   0.0274 258.7910 0000321  32.0626 208.0783  1.00271522 15924
EUTELSAT-172B-----------
1 42741U 17029B   21273.55519146 -.00000008  00000-0  00000-0 0  9997
2 42741   0.0182 196.5253 0000181  91.9093  92.9728  1.00271170 16466
GSAT-19-----------------
1 42747U 17031A   21273.64884560  .00000123  00000-0  00000+0 0  9997
2 42747   0.0404  95.2080 0004502  25.2312 170.6353  1.00270381 15872
ECHOSTAR-21-------------
1 42749U 17032A   21273.28249235  .00000062  00000-0  00000-0 0  9997
2 42749   4.5364 311.1471 0002126 238.0699 292.0081  1.00271641 15859
BULGARIASAT-1-----------
1 42801U 17038A   21273.35049653  .00000010  00000-0  00000-0 0  9995
2 42801   0.0282 116.5019 0002673  69.4163 311.4828  1.00271698 15578
HELLAS-SAT-3------------
1 42814U 17040A   21273.50354021  .00000150  00000-0  00000-0 0  9992
2 42814   0.0671  25.4053 0000700 105.4502  98.8898  1.00272944 15564
GSAT-17-----------------
1 42815U 17040B   21273.51444247 -.00000260  00000-0  00000-0 0  9997
2 42815   0.0575  99.2373 0004567 147.9317  41.0282  1.00272378 15537
INTELSAT-35E-(IS-35E)---
1 42818U 17041A   21273.41710705 -.00000239  00000-0  00000-0 0  9991
2 42818   0.0141 204.4483 0001788 351.4684 289.1551  1.00271556 15566
COSMOS-2520-------------
1 42907U 17046A   21273.64832229  .00000135  00000-0  00000+0 0  9999
2 42907   0.0191 151.6626 0000334 133.2742   3.0792  1.00273388 15137
TDRS-13-----------------
1 42915U 17047A   21273.39840844 -.00000102  00000-0  00000-0 0  9999
2 42915   4.8605 331.5429 0015124 118.8539  50.8670  1.00272280 15094
QZS-3-(MICHIBIKI-3)-----
1 42917U 17048A   21273.52107104 -.00000350  00000-0  00000-0 0  9997
2 42917   0.0541 167.9831 0002606  36.3203 119.8064  1.00275908 15008
AMAZONAS-5--------------
1 42934U 17053A   21273.48356726 -.00000284  00000-0  00000+0 0  9998
2 42934   0.0425 326.1986 0002389 260.3344 256.0092  1.00272420 14876
ASIASAT-9---------------
1 42942U 17057A   21272.29991065 -.00000361  00000-0  00000-0 0  9997
2 42942   0.0043 204.2023 0002285 340.6183  53.5492  1.00270083 14672
INTELSAT-37E-(IS-37E)---
1 42950U 17059A   21273.75519927 -.00000142  00000-0  00000+0 0  9999
2 42950   0.0176 191.1565 0002898   8.2481  64.2023  1.00272809 14791
BSAT-4A-----------------
1 42951U 17059B   21273.55543616 -.00000352  00000-0  00000-0 0  9994
2 42951   0.0731  42.7872 0000501  82.7896 193.7635  1.00271677 14549
QZS-4-(MICHIBIKI-4)-----
1 42965U 17062A   21273.12359420 -.00000307  00000-0  00000-0 0  9994
2 42965  40.8151   5.4763 0748484 269.6913 277.9986  1.00277244 14553
SES-11-(ECHOSTAR-105)---
1 42967U 17063A   21273.62599880 -.00000091  00000-0  00000+0 0  9997
2 42967   0.0282 264.7338 0002520 299.7940 285.4870  1.00272313 14552
KOREASAT-5A-------------
1 42984U 17067A   21273.51836729 -.00000360  00000-0  00000-0 0  9994
2 42984   0.0179 168.7710 0001826  24.1942 116.2980  1.00270529 14283
ALCOMSAT-1--------------
1 43039U 17078A   21273.41902583 -.00000187  00000-0  00000-0 0  9996
2 43039   0.0239 207.4699 0002234 340.9145 307.0609  1.00271236 14034
SBIRS-GEO-3-(USA-282)---
1 43162U 18009A   21273.52351316 -.00000295  00000-0  00000-0 0  9992
2 43162   4.0488 317.5561 0002471 235.2039 144.2012  1.00271973 13590
AL-YAH-3----------------
1 43174U 18012A   21273.39840844 -.00000157  00000-0  00000-0 0  9990
2 43174   0.0167 223.7120 0001992 333.6757 295.3109  1.00272121 13602
SES-14------------------
1 43175U 18012B   21273.34276007 -.00000280  00000-0  00000-0 0  9997
2 43175   0.0166 230.0106 0001152 330.3049 244.9108  1.00272296 13807
GOES-17-----------------
1 43226U 18022A   21273.49588730  .00000096  00000-0  00000-0 0  9994
2 43226   0.0562 294.5047 0000289 313.1563 163.1277  1.00268915 13153
HISPASAT-30W-6----------
1 43228U 18023A   21273.41797921 -.00000217  00000-0  00000-0 0  9999
2 43228   0.0557  28.3926 0002417 143.2365 318.2734  1.00271798 13216
SUPERBIRD-8-------------
1 43271U 18033A   21273.74339007 -.00000094  00000-0  00000+0 0  9993
2 43271   0.0079 206.9994 0001089 343.8918 248.4637  1.00271742 12795
HYLAS-4-----------------
1 43272U 18033B   21273.41728147 -.00000235  00000-0  00000-0 0  9993
2 43272   0.0315 180.6471 0004459   5.3716 300.0668  1.00272522 12838
IRNSS-1I----------------
1 43286U 18035A   21269.63073072  .00000103  00000-0  00000-0 0  9992
2 43286  29.2952 101.6703 0020232 178.2501   7.9037  1.00275919 12783
USA-283-----------------
1 43339U 18036A   21272.51768671 -.00000318  00000-0  00000+0 0  9997
2 43339   0.0140 274.2704 0000972   0.4610  54.2395  1.00270535  1477
COSMOS-2526-------------
1 43432U 18037A   21273.73658704 -.00000346  00000-0  00000+0 0  9993
2 43432   0.0182 126.1106 0000344  19.8310 256.9981  1.00269809 12715
APSTAR-6C---------------
1 43450U 18041A   21272.94828975 -.00000320  00000-0  00000-0 0  9992
2 43450   0.0056 179.4271 0002768  36.0984 268.7696  1.00269302 12586
BANGABANDHUSAT-1--------
1 43463U 18044A   21273.62410447 -.00000364  00000-0  00000+0 0  9993
2 43463   0.0230 177.3346 0002418  26.0926 149.9197  1.00266295 12484
SES-12------------------
1 43488U 18049A   21273.51470412 -.00000272  00000-0  00000-0 0  9990
2 43488   0.0378  60.6834 0002233 185.0703  44.0308  1.00270770 12172
FENGYUN-2H--------------
1 43491U 18050A   21273.51147705 -.00000128  00000-0  00000-0 0  9992
2 43491   0.4937 105.2588 0003809  41.4067 125.8376  1.00276588 12188
BEIDOU-IGSO-7-----------
1 43539U 18057A   21273.91622656 -.00000156  00000-0  00000+0 0  9999
2 43539  55.0623 178.0132 0041139 224.0135  49.8039  1.00289755 11905
TELSTAR-19V-------------
1 43562U 18059A   21273.48321838 -.00000281  00000-0  00000-0 0  9997
2 43562   0.0082 182.8209 0002811 343.1988 314.4062  1.00270490 11904
TELKOM-4-(MERAH-PUTIH)--
1 43587U 18064A   21273.55653429 -.00000346  00000-0  00000-0 0  9994
2 43587   0.0135 232.6871 0001636 341.2848 103.9245  1.00272700 11615
TELSTAR-18V-(APSTAR-5C)-
1 43611U 18069A   21273.73859306 -.00000295  00000-0  00000+0 0  9991
2 43611   0.0082 242.8983 0002006 312.3440 218.3803  1.00272415 11366
AZERSPACE-2-(IS-38)-----
1 43632U 18074A   21273.50476125  .00000134  00000-0  00000-0 0  9991
2 43632   0.0182 165.6962 0001511  41.8151  28.8010  1.00272143 11218
HORIZONS-3E-------------
1 43633U 18074B   21273.74478556 -.00000032  00000-0  00000+0 0  9995
2 43633   0.0037  70.7672 0001050 213.8158 162.2740  1.00272676 11076
AEHF-4-(USA-288)--------
1 43651U 18079A   21273.45407309 -.00000278  00000-0  00000-0 0  9999
2 43651   2.9469 313.3530 0002921 246.6544 265.2690  1.00276783 11044
BEIDOU-3-G1-------------
1 43683U 18085A   21273.52368758 -.00000281  00000-0  00000-0 0  9997
2 43683   0.9192 212.9966 0004830  29.3263  95.7416  1.00270436 10806
GSAT-29-----------------
1 43698U 18089A   21273.69146793  .00000083  00000-0  00000+0 0  9996
2 43698   0.0508  92.2378 0002108 114.9368 106.5136  1.00270681 10568
ES'HAIL-2---------------
1 43700U 18090A   21273.28554500  .00000143  00000-0  00000-0 0  9994
2 43700   0.0184 172.8908 0002441  50.0091 274.9526  1.00272785 10424
GEO-KOMPSAT-2A----------
1 43823U 18100A   21273.73667427 -.00000346  00000-0  00000+0 0  9990
2 43823   0.0382 313.7529 0001718 283.9030 165.5247  1.00271114 10410
GSAT-11-----------------
1 43824U 18100B   21273.48382882 -.00000080  00000-0  00000-0 0  9998
2 43824   0.0410 254.5170 0005905 232.7621 130.3652  1.00272904 10257
GSAT-7A-----------------
1 43864U 18105A   21273.50824998  .00000024  00000-0  00000-0 0  9996
2 43864   0.0540 131.3600 0002337  76.2959  47.5775  1.00271351 10212
COSMOS-2533-------------
1 43867U 18107A   21273.72489573 -.00000040  00000-0  00000+0 0  9999
2 43867   0.0119 154.4148 0000471 320.8252 225.4155  1.00271257 10170
TJS-3-------------------
1 43874U 18110A   21273.71413160  .00000046  00000-0  00000+0 0  9994
2 43874   0.0516 298.4872 0002967 242.6168 150.5309  1.00052622 10229
TJS-3-AKM---------------
1 43917U 18110C   21273.70653399  .00000053  00000-0  00000+0 0  9999
2 43917   0.0435 250.1988 0006577 305.3582 127.6729  1.00272895 10089
CHINASAT-2D-(ZX-2D)-----
1 43920U 19001A   21272.94750478 -.00000338  00000-0  00000-0 0  9992
2 43920   0.0207 331.6330 0001520  37.5853 110.8361  1.00273222 10096
HELLAS-SAT-4-&-SGS-1----
1 44034U 19007A   21273.71993762  .00000151  00000-0  00000+0 0  9997
2 44034   0.0638 128.3316 0005912  35.4546 144.0955  1.00268278 10094
GSAT-31-----------------
1 44035U 19007B   21273.50528456  .00000123  00000-0  00000-0 0  9999
2 44035   0.0102 177.8408 0004101  54.4490   6.9790  1.00273885  9721
NUSANTARA-SATU----------
1 44048U 19009A   21273.74025021 -.00000237  00000-0  00000+0 0  9997
2 44048   0.0211 160.1582 0002007  36.0585 225.9817  1.00268635  9526
CHINASAT-6C-(ZX-6C)-----
1 44067U 19012A   21273.31622944 -.00000339  00000-0  00000-0 0  9996
2 44067   0.0252 254.6823 0003336  20.8196 337.6217  1.00269593  9477
WGS-10-(USA-291)--------
1 44071U 19014A   21273.70807493  .00000044  00000-0  00000+0 0  9991
2 44071   0.0028  92.8137 0000212 159.3293  72.7876  1.00272478  9350
TIANLIAN-2-01-----------
1 44076U 19017A   21273.58351922 -.00000140  00000-0  00000-0 0  9995
2 44076   0.8753 282.3862 0033815 228.0929 149.2032  1.00271929  9358
ARABSAT-6A--------------
1 44186U 19021A   21273.76828314  .00000152  00000-0  00000+0 0  9997
2 44186   0.0541 337.6911 0005576 251.4693  87.6747  1.00271322  8902
BEIDOU-3-IGSO-1---------
1 44204U 19023A   21273.74097662 -.00000182  00000-0  00000+0 0  9996
2 44204  56.1769  55.7764 0022524 185.0566 153.7239  1.00289554  9104
BEIDOU-2-G8-------------
1 44231U 19027A   21273.64770742 -.00000249  00000-0  00000-0 0  9991
2 44231   0.3107  37.6204 0007252 162.7867 186.9382  1.00270388  8826
YAMAL-601---------------
1 44307U 19031A   21269.60396606  .00000118  00000-0  00000-0 0  9998
2 44307   0.0070 183.5818 0002174 348.7585  99.7339  1.00274234  8635
AT&T-T-16---------------
1 44333U 19034A   21273.54741091 -.00000117  00000-0  00000-0 0  9990
2 44333   0.0193 211.1369 0000366 143.9054 110.6941  1.00272903  8381
EUTELSAT-7C-------------
1 44334U 19034B   21273.35049653  .00000047  00000-0  00000-0 0  9996
2 44334   0.0392 250.6606 0003084 288.4471 323.3710  1.00272757  8859
BEIDOU-3-IGSO-2---------
1 44337U 19035A   21273.62410447 -.00000157  00000-0  00000-0 0  9996
2 44337  55.0980 174.0487 0020216 182.1074 357.5060  1.00280550  8448
COSMOS-2539-------------
1 44457U 19048A   21273.73004213  .00000079  00000-0  00000+0 0  9996
2 44457   0.0166 134.5153 0000295 207.7157 302.2823  1.00273021  7975
EDRS-C------------------
1 44475U 19049A   21272.88884867  .00000153  00000-0  00000-0 0  9997
2 44475   0.0864 270.3736 0000793 275.3963 174.2522  1.00271865  7949
INTELSAT-39-(IS-39)-----
1 44476U 19049B   21273.70963691  .00000031  00000-0  00000+0 0  9997
2 44476   0.0138 229.2717 0000498 144.0986 313.7324  1.00272860  7895
AMOS-17-----------------
1 44479U 19050A   21273.73445809  .00000108  00000-0  00000+0 0  9996
2 44479   0.0182 219.7356 0002026 340.0103  91.3682  1.00273582  7920
AEHF-5-(USA-292)--------
1 44481U 19051A   21273.14782757  .00000080  00000-0  00000-0 0  9991
2 44481   4.9665 305.4622 0004183 236.9563 294.5932  1.00266301  8017
EUTELSAT-5-WEST-B-------
1 44624U 19067A   21273.35122023 -.00000044  00000-0  00000-0 0  9995
2 44624   0.0641  11.9815 0005663 131.3006 347.4973  1.00271393  7192
MEV-1-------------------
1 44625U 19067B   21273.41850253 -.00000204  00000-0  00000-0 0  9994
2 44625   0.0133 132.9928 0001057  79.8066 279.7670  1.00271311  5721
TJS-4-------------------
1 44637U 19070A   21273.81865503 -.00000172  00000-0  00000+0 0  9992
2 44637   0.0765 106.2270 0002300 188.0122  93.8478  1.00271521  7307
BEIDOU-3-IGSO-3---------
1 44709U 19073A   21273.64406236 -.00000133  00000-0  00000-0 0  9998
2 44709  57.6787 299.0775 0020444 185.0812 236.8547  1.00285312  7200
TIBA-1------------------
1 44800U 19080A   21273.21577049  .00000154  00000-0  00000-0 0  9994
2 44800   0.0519   3.5054 0002177 195.1167 283.7380  1.00272676  6803
INMARSAT-GX5------------
1 44801U 19080B   21273.64151928  .00000073  00000-0  00000+0 0  9995
2 44801   0.0128   4.5458 0001613 204.5527  42.4860  1.00274000  6837
JCSAT-18-(KACIFIC-1)----
1 44868U 19091A   21273.43428273 -.00000202  00000-0  00000-0 0  9993
2 44868   0.0251 285.7630 0001122 306.2304  83.7489  1.00272551  6766
ELEKTRO-L-3-------------
1 44903U 19095A   21273.51095374 -.00000099  00000-0  00000-0 0  9992
2 44903   0.0585 349.2396 0001738 249.6640  30.5114  1.00273248  6463
SHIJIAN-20-(SJ-20)------
1 44910U 19097A   21273.51322142 -.00000209  00000-0  00000-0 0  9991
2 44910   0.5157  93.5133 0004220  45.3955 142.8927  1.00271314  6447
TJS-5-------------------
1 44978U 20002A   21273.55653429 -.00000345  00000-0  00000-0 0  9993
2 44978   0.2906 283.9135 0004628 226.2782 167.2190  1.00273011  6457
GSAT-30-----------------
1 45026U 20005A   21273.72760356 -.00000167  00000-0  00000+0 0  9999
2 45026   0.0290 115.8359 0003597 356.0119 242.7839  1.00270605  6272
EUTELSAT-KONNECT--------
1 45027U 20005B   21273.35366235  .00000048  00000-0  00000-0 0  9995
2 45027   0.0470 116.2559 0001001 152.0512 235.5219  1.00272358  7088
JCSAT-17----------------
1 45245U 20013A   21272.55527297 -.00000315  00000-0  00000+0 0  9991
2 45245   6.4133 344.4497 0003868 194.4425 165.5214  1.00270470  5985
GEO-KOMPSAT-2B----------
1 45246U 20013B   21273.52133271 -.00000346  00000-0  00000-0 0  9990
2 45246   0.0431  17.8686 0000816 144.6800 162.8808  1.00272021  6009
BEIDOU-3-G2-------------
1 45344U 20017A   21271.43021617 -.00000141  00000-0  00000-0 0  9994
2 45344   2.3030 339.6328 0003721 163.5448  99.1339  1.00270647  5992
AEHF-6-(USA-298)--------
1 45465U 20022B   21273.52325149 -.00000303  00000-0  00000+0 0  9992
2 45465   6.5489 305.0452 0048381 349.5138  40.9485  1.00274436  5736
BEIDOU-3-G3-------------
1 45807U 20040A   21273.74897421 -.00000357  00000-0  00000+0 0  9992
2 45807   2.0440 299.0332 0010132 336.6509 114.2386  1.00272649  4834
APSTAR-6D---------------
1 45863U 20045A   21273.73780809 -.00000319  00000-0  00000+0 0  9997
2 45863   0.0461 101.5575 0001664  82.2822 225.5120  1.00270099  4609
KOREASAT-116------------
1 45920U 20048A   21273.51897781 -.00000364  00000-0  00000-0 0  9999
2 45920   0.0180 220.1859 0000983 341.4741 110.8908  1.00272912  4388
EXPRESS-103-------------
1 45985U 20053A   21272.70789081 -.00000282  00000-0  00000-0 0  9998
2 45985   0.0303 300.2256 0000338  20.3445  39.4504  1.00272382  4395
EXPRESS-80--------------
1 45986U 20053B   21273.58351922 -.00000138  00000-0  00000-0 0  9995
2 45986   0.0371 340.4879 0001287 317.7035   1.4390  1.00271961  4383
BSAT-4B-----------------
1 46112U 20056A   21273.55543616 -.00000352  00000-0  00000-0 0  9998
2 46112   0.0593 120.1991 0003335  49.1722 149.9638  1.00272444  4137
MEV-2-------------------
1 46113U 20056B   21273.35200521 -.00000012  00000-0  00000-0 0  9995
2 46113   0.0138 141.0944 0001146  70.9840 282.9750  1.00272382  4789
GALAXY-30-(G-30)--------
1 46114U 20056C   21273.54261392  .00000035  00000-0  00000-0 0  9994
2 46114   0.0115 233.6057 0002782 325.0026 241.2524  1.00272504  4036
GAOFEN-13---------------
1 46610U 20071A   21273.51923946 -.00000366  00000-0  00000-0 0  9997
2 46610   1.1485 276.5246 0003383 272.5449 125.1734  1.00275819  3661
TIANTONG-1-2------------
1 46916U 20082A   21273.56299223 -.00000360  00000-0  00000+0 0  9990
2 46916   4.7537 297.4785 0002794 240.5508 159.0902  1.00275157  3391
LUCAS-(JDRS-1)----------
1 47202U 20089A   21273.51383193 -.00000237  00000-0  00000-0 0  9995
2 47202   0.0223 134.5894 0001188  43.1586 107.4515  1.00268921  3154
SXM-7-------------------
1 47240U 20096A   21273.54453272 -.00000024  00000-0  00000-0 0  9998
2 47240   0.0233 173.1274 0001379 163.5034 113.6014  1.00269455  3061
CMS-01------------------
1 47256U 20099A   21273.55512653 -.00000168  00000-0  00000-0 0  9997
2 47256   0.0560 100.5638 0006480 148.2656  43.5906  1.00273693  2943
TURKSAT-5A--------------
1 47306U 21001A   21273.34493948  .00000152  00000-0  00000-0 0  9991
2 47306   0.0188 172.4922 0000620 103.1740 248.7727  1.00271561  2721
TIANTONG-1-3------------
1 47321U 21003A   21273.58378088 -.00000159  00000-0  00000-0 0  9991
2 47321   4.9967 308.8568 0003757 252.0327 100.3436  1.00271553  2716
TJS-6-------------------
1 47613U 21010A   21273.74670435  .00000040  00000-0  00000+0 0  9999
2 47613   0.4590 281.5619 0002072 337.8978 197.6032  1.00268651  2570
SBIRS-GEO-5-(USA-315)---
1 48618U 21042A   21273.26420464 -.00000294  00000-0  00000-0 0  9995
2 48618   7.7875 327.2293 0002536 219.2392 218.3204  1.00551109  1503
FENGYUN-4B--------------
1 48808U 21047A   21273.44867999 -.00000359  00000-0  00000-0 0  9991
2 48808   0.1982 109.3035 0000942  23.3374 162.0002  1.00266214  1316
SXM-8-------------------
1 48838U 21049A   21273.55055078 -.00000206  00000-0  00000-0 0  9996
2 48838   0.1115 103.3772 0001965 276.5073 102.6257  1.00270735  1374
TIANLIAN-1-05-----------
1 49011U 21063A   21273.28257956  .00000068  00000-0  00000-0 0  9990
2 49011   2.8201 286.0257 0003467 325.5714 230.0541  1.00275576   825
STAR-ONE-D2-------------
1 49055U 21069A   21273.16905396 -.00000266  00000-0  00000-0 0  9990
2 49055   0.0156 185.8834 0002931  28.6451 145.4757  1.00271132   656
EUTELSAT-QUANTUM--------
1 49056U 21069B   21273.21821260  .00000124  00000-0  00000-0 0  9996
2 49056   0.0120 201.7754 0002405  47.3923 246.2927  1.00271213   676
CHINASAT-2E-(ZX-2E)-----
1 49062U 21071A   21273.08470777 -.00000293  00000-0  00000-0 0  9992
2 49062   0.2067 267.7976 0000972  15.9160 213.8808  1.00269720   807
TJS-7-------------------
1 49115U 21077A   21273.63958587 -.00000233  00000-0  00000-0 0  9992
2 49115   0.9387 275.5457 0001226 292.1957 178.6541  1.00273142   563
CHINASAT-9B-------------
1 49125U 21080A   21273.58779291 -.00000315  00000-0  00000-0 0  9995
2 49125   0.0517 263.2029 0004051 274.6201 144.7536  1.00271982   383
