IRNSS-1A----------------
1 39199U 13034A   21273.07607316  .00000103  00000-0  00000-0 0  9991
2 39199  31.8519  89.3788 0020395 177.9899 184.2090  1.00268217 30118
IRNSS-1B----------------
1 39635U 14017A   21273.57846057  .00000110  00000-0  00000+0 0  9997
2 39635  29.2766 269.4282 0020900 190.2571 173.1370  1.00275098 27552
IRNSS-1C----------------
1 40269U 14061A   21273.51234922 -.00000163  00000-0  00000-0 0  9997
2 40269   2.4537 142.0594 0020511   5.8891 128.9962  1.00274256 25437
IRNSS-1D----------------
1 40547U 15018A   21271.43640865 -.00000271  00000-0  00000-0 0  9995
2 40547  29.1152 269.5209 0018958 189.8968 176.9066  1.00271583 23721
IRNSS-1E----------------
1 41241U 16003A   21270.93400155 -.00000286  00000-0  00000-0 0  9998
2 41241  29.3948  88.7287 0021473 175.4256 190.8708  1.00273749 20802
IRNSS-1F----------------
1 41384U 16015A   21273.21524719  .00000158  00000-0  00000-0 0  9993
2 41384   1.9663 178.5178 0017530 187.3106 113.4524  1.00281000 20404
IRNSS-1G----------------
1 41469U 16027A   21273.52159434 -.00000337  00000-0  00000-0 0  9992
2 41469   1.9309 182.0079 0003439 313.7231 191.0084  1.00275276 19928
IRNSS-1I----------------
1 43286U 18035A   21269.63073072  .00000103  00000-0  00000-0 0  9992
2 43286  29.2952 101.6703 0020232 178.2501   7.9037  1.00275919 12783
