TDRS-3------------------
1 19548U 88091B   21212.84932880 -.00000302  00000-0  00000-0 0  9999
2 19548  13.9345 353.9008 0033822 325.8475 246.7957  1.00268570107528
FLTSATCOM-8-(USA-46)----
1 20253U 89077A   21212.94493581 -.00000082  00000-0  00000-0 0  9995
2 20253  12.9455   2.4471 0006836 107.3399 252.0524  1.00273475242741
SKYNET-4C---------------
1 20776U 90079A   21213.06230036  .00000123  00000-0  00000+0 0  9991
2 20776  13.8893   2.5332 0002465 148.8403 214.7415  1.00271068113088
TDRS-5------------------
1 21639U 91054B   21212.74927056  .00000080  00000-0  00000-0 0  9996
2 21639  14.2518   7.2245 0023950  10.9442  33.5443  1.00270598109850
TDRS-6------------------
1 22314U 93003B   21212.91763606 -.00000299  00000-0  00000-0 0  9994
2 22314  14.1020  10.4224 0009399 110.1552 113.5983  1.00267520104547
UFO-2-(USA-95)----------
1 22787U 93056A   21213.15207828  .00000123  00000-0  00000+0 0  9996
2 22787  11.3884  12.9143 0003018 162.1776 218.3768  1.00267775100804
USA-99-(MILSTAR-1-1)----
1 22988U 94009A   21212.43645175 -.00000204  00000-0  00000-0 0  9991
2 22988  14.8229  46.5483 0003529  81.4385 248.4331  1.00272818 15094
ASTRA-1D----------------
1 23331U 94070A   21212.90266483 -.00000273  00000-0  00000-0 0  9991
2 23331   9.6641  39.7965 0003757  92.7845  69.1344  1.00271021 98420
USA-107-(DSP-17)--------
1 23435U 94084A   21212.89795407 -.00000170  00000-0  00000-0 0  9998
2 23435  14.5845   8.3843 0002294 126.5062  41.5995  1.00275727 15090
UFO-4-(USA-108)---------
1 23467U 95003A   21212.74097800 -.00000025  00000-0  00000-0 0  9990
2 23467   9.8476  19.0981 0007222  94.9161 274.6585  1.00273893 97094
AMSC-1------------------
1 23553U 95019A   21212.42135675 -.00000098  00000-0  00000-0 0  9991
2 23553  11.6469  28.3573 0003340  60.3240 264.7654  1.00272027 96303
TDRS-7------------------
1 23613U 95035B   21212.89546381 -.00000203  00000-0  00000-0 0  9995
2 23613  14.0887   1.1021 0028643  49.3230 306.3760  1.00268687 95382
USA-113-----------------
1 23628U 95038A   21212.95120963 -.00000343  00000-0  00000+0 0  9999
2 23628  11.7975  27.1836 0001427  73.4418 295.2895  1.00276937 13752
USA-115-(MILSTAR-1-2)---
1 23712U 95060A   21213.08729816 -.00000023  00000-0  00000+0 0  9990
2 23712  13.3951  16.6969 0002933 126.5375  78.1316  1.00271197 13785
INMARSAT-3-F1-----------
1 23839U 96020A   21212.40868848 -.00000162  00000-0  00000-0 0  9996
2 23839   6.8832  60.0801 0008387  61.1670 246.9170  0.99980986 92431
INMARSAT-3-F2-----------
1 24307U 96053A   21212.87553444 -.00000244  00000-0  00000-0 0  9998
2 24307   5.7978  69.2879 0009531  35.8726 311.2804  1.00005657 91108
AMC-1-(GE-1)------------
1 24315U 96054A   21212.74747209  .00000061  00000-0  00000+0 0  9993
2 24315   4.8675  75.7652 0003018  56.5446 315.4530  1.00273837 91160
INMARSAT-3-F3-----------
1 24674U 96070A   21212.77992385  .00000126  00000-0  00000-0 0  9992
2 24674   6.4499  63.8261 0006969  58.0037 140.4283  0.99990965 90092
INTELSAT-26-(IS-26)-----
1 24732U 97007A   21213.06854691 -.00000022  00000-0  00000+0 0  9993
2 24732   9.6131  40.5892 0004682  56.0597 304.0375  1.00273775 89427
GALAXY-25-(G-25)--------
1 24812U 97026A   21212.99116510  .00000153  00000-0  00000+0 0  9999
2 24812   2.9014  86.8136 0004982  19.8592 232.8454  1.00274903 88509
INTELSAT-5-(IS-5)-------
1 24916U 97046A   21212.67445562  .00000085  00000-0  00000-0 0  9998
2 24916   6.5490  63.1687 0003167  46.9582 305.1742  1.00272934 87757
AMC-3-(GE-3)------------
1 24936U 97050A   21213.18209045 -.00000262  00000-0  00000+0 0  9993
2 24936   3.7679  82.4002 0002939  57.4088 163.7403  1.00272582 87588
NSS-5-------------------
1 24957U 97053A   21212.74287229  .00000100  00000-0  00000-0 0  9991
2 24957   6.7913  61.4271 0003591  66.7070 139.3446  1.00274141 87308
USA-134-----------------
1 25019U 97065A   21212.45621332 -.00000064  00000-0  00000-0 0  9999
2 25019  10.6840  33.4844 0003495  22.6958 304.9003  1.00272908 15089
ASTRA-1G----------------
1 25071U 97076A   21212.84918920  .00000112  00000-0  00000-0 0  9997
2 25071   5.5180  70.6301 0003619  56.6554 147.5017  1.00275085 86640
INMARSAT-3-F5-----------
1 25153U 98006B   21212.48354080 -.00000293  00000-0  00000-0 0  9994
2 25153   5.6903  67.9465 0004538  65.0550 296.3802  1.00275291 86033
UFO-8-(USA-138)---------
1 25258U 98016A   21212.80775213 -.00000029  00000-0  00000-0 0  9999
2 25258   9.0849  31.1679 0003982 101.8835 279.0206  1.00270278 85993
ASTRA-2A----------------
1 25462U 98050A   21212.92272907  .00000147  00000-0  00000-0 0  9999
2 25462   2.6100  88.9869 0002192  29.7317 191.1762  1.00269253 28477
JCSAT-4A----------------
1 25630U 99006A   21212.94427635 -.00000312  00000-0  00000+0 0  9994
2 25630   5.5044  71.2649 0005694 144.0441 210.3822  1.00275601 82131
SKYNET-4E---------------
1 25639U 99009B   21212.70158598 -.00000037  00000-0  00000-0 0  9994
2 25639  11.0850  18.6683 0002229 114.1496  68.0887  1.00271412 33523
ASIASAT-3S--------------
1 25657U 99013A   21212.87483656 -.00000226  00000-0  00000-0 0  9993
2 25657   5.6842  69.7965 0004438  37.0112 305.7158  1.00272520 81958
NIMIQ-1-----------------
1 25740U 99027A   21213.18799492 -.00000199  00000-0  00000+0 0  9992
2 25740   2.0816  90.4111 0005834  37.2294 163.5023  1.00272590 81342
ABS-7-------------------
1 25894U 99046A   21212.92479993  .00000154  00000-0  00000-0 0  9996
2 25894   1.9612  91.0181 0003533  33.0100 192.0218  1.00268757 79263
ABS-6-------------------
1 25924U 99053A   21212.86021455 -.00000120  00000-0  00000+0 0  9990
2 25924   0.0551 300.1917 0003085 168.6584 309.5224  1.00271669 79980
AMC-4-(GE-4)------------
1 25954U 99060A   21212.74668698  .00000087  00000-0  00000-0 0  9996
2 25954   0.7181  95.4837 0003025  38.0500 309.9411  1.00271219 25687
UFO-10-(USA-146)--------
1 25967U 99063A   21212.84962917 -.00000191  00000-0  00000-0 0  9992
2 25967   8.3275  34.4401 0005894  91.7394 106.4963  1.00268957 79486
GALAXY-11-(G-11)--------
1 26038U 99071A   21212.89856473 -.00000164  00000-0  00000-0 0  9995
2 26038   2.2054  91.5586 0000487 221.1277 227.4192  1.00272544 79221
USA-148-----------------
1 26052U 00001A   21212.74127884  .00000036  00000-0  00000-0 0  9994
2 26052   9.0363  44.2892 0002076  70.4912 281.9843  1.00274245 15090
ASIASTAR----------------
1 26107U 00016A   21212.88103715 -.00000337  00000-0  00000-0 0  9998
2 26107   4.9347  74.4285 0004274  56.5212 240.9256  1.00274018 78054
USA-149-(DSP-20)--------
1 26356U 00024A   21212.74188073  .00000092  00000-0  00000-0 0  9995
2 26356  11.8476  23.6187 0002946 208.7279 178.9107  1.00262595 15058
EUTELSAT-80A------------
1 26369U 00028A   21212.84282097 -.00000105  00000-0  00000-0 0  9991
2 26369   4.3392  78.2151 0003636 129.5187  32.8286  1.00273367 77578
TDRS-8------------------
1 26388U 00034A   21212.51634812 -.00000234  00000-0  00000+0 0  9991
2 26388   9.8626  44.7458 0019058 347.0449 192.4245  1.00264040 77307
INTELSAT-9-(IS-9)-------
1 26451U 00043A   21212.47643594 -.00000292  00000-0  00000-0 0  9999
2 26451   6.5364  63.3586 0002566  72.2773 295.1903  1.00273632 26283
NSS-11-(AAP-1)----------
1 26554U 00059A   21212.88041966  .00000025  00000-0  00000-0 0  9993
2 26554   0.0433 282.0325 0002250 180.0641 340.5574  1.00272430 23445
USA-153-----------------
1 26575U 00065A   21213.07204767 -.00000328  00000-0  00000+0 0  9991
2 26575   8.5631  47.6021 0001518  73.3386 349.1747  1.00278263 13755
AMC-6-(GE-6)------------
1 26580U 00067A   21213.20465918  .00000105  00000-0  00000+0 0  9993
2 26580   0.0167 347.5230 0002795 160.4109  96.7478  1.00272146 76125
INTELSAT-12-(IS-12)-----
1 26590U 00068A   21212.85613567  .00000009  00000-0  00000-0 0  9994
2 26590   3.8980  82.6249 0006459  13.8429 225.6400  1.00272258 33848
INTELSAT-1R-(IS-1R)-----
1 26608U 00072A   21212.94846368 -.00000141  00000-0  00000+0 0  9993
2 26608   3.6929  83.4337 0000543 272.2289  92.6503  1.00271563 75793
ANIK-F1-----------------
1 26624U 00076A   21212.89533700 -.00000062  00000-0  00000-0 0  9995
2 26624   0.6332  96.9275 0010765  18.8521  47.0301  1.00273170 25281
ASTRA-2D----------------
1 26638U 00081A   21212.92307301  .00000059  00000-0  00000-0 0  9991
2 26638   6.6221  62.3682 0001909  74.1218 202.8050  1.00269853 35046
AMC-8-(GE-8)------------
1 26639U 00081B   21212.67489181  .00000086  00000-0  00000-0 0  9991
2 26639   1.6471  91.9916 0002687  40.7321 284.7358  1.00271291 75464
USA-157-(MILSTAR-2-2)---
1 26715U 01009A   21212.60519617  .00000010  00000-0  00000-0 0  9995
2 26715   9.7078  28.6153 0001852 127.5562 246.9847  1.00268256 15098
EUTELSAT-133-WEST-A-----
1 26719U 01011A   21212.67532796  .00000075  00000-0  00000-0 0  9993
2 26719   2.9313  85.7167 0003858  47.4310 286.5932  1.00273872 74671
INTELSAT-10-(IS-10)-----
1 26766U 01019A   21212.80906066  .00000032  00000-0  00000+0 0  9995
2 26766   4.8247  76.0036 0002387  66.9739 275.7154  1.00274000 74068
INTELSAT-901-(IS-901)---
1 26824U 01024A   21212.76805977 -.00000202  00000-0  00000-0 0  9991
2 26824   0.0576 262.6992 0000839 247.0273  48.8568  1.00271508  5113
ASTRA-2C----------------
1 26853U 01025A   21212.92084623 -.00000279  00000-0  00000-0 0  9993
2 26853   3.7935  82.1927 0002894  65.5444  74.2058  1.00052660 27187
USA-159-(DSP-21)--------
1 26880U 01033A   21212.91599259 -.00000300  00000-0  00000-0 0  9992
2 26880  11.1364  27.7489 0001274 151.0995  51.3430  1.00280604 15107
INTELSAT-902-(IS-902)---
1 26900U 01039A   21212.83540591 -.00000283  00000-0  00000-0 0  9997
2 26900   1.6062  92.5325 0003021  39.4675  68.3094  1.00271379 72830
USA-164-(MILSTAR-2-3)---
1 27168U 02001A   21211.62899573  .00000094  00000-0  00000+0 0  9995
2 27168   9.1744  30.2955 0002264  70.7164  92.8389  1.00274347 13779
ECHOSTAR-7--------------
1 27378U 02006A   21212.89341781  .00000000  00000-0  00000-0 0  9994
2 27378   0.0500 268.4653 0000914 201.6826  42.4039  1.00271725 32740
INTELSAT-904-(IS-904)---
1 27380U 02007A   21213.09007661 -.00000215  00000-0  00000+0 0  9995
2 27380   2.4429  89.3145 0003125  46.2763 177.2447  1.00271734 71221
TDRS-9------------------
1 27389U 02011A   21213.10674490 -.00000291  00000-0  00000+0 0  9995
2 27389   8.3409  63.7154 0021687 292.7460 289.6494  1.00267933 72579
ASTRA-3A----------------
1 27400U 02015B   21212.51570801 -.00000207  00000-0  00000-0 0  9996
2 27400   6.7351  61.1933 0001337  83.8775 263.1130  1.00270399 70859
NSS-7-------------------
1 27414U 02019A   21213.15935407 -.00000161  00000-0  00000+0 0  9991
2 27414   5.1575  73.8387 0002331  63.1754 210.3339  1.00271987 70704
DIRECTV-5-(TEMPO-1)-----
1 27426U 02023A   21212.89516253 -.00000056  00000-0  00000-0 0  9997
2 27426   0.3254  97.1990 0003279  37.5337  27.1163  1.00272007 70265
INTELSAT-905-(IS-905)---
1 27438U 02027A   21213.09007661 -.00000186  00000-0  00000+0 0  9998
2 27438   2.2644  90.1185 0002525  41.1470 186.5773  1.00270962 70101
GALAXY-3C-(G-3C)--------
1 27445U 02030A   21212.89821579 -.00000150  00000-0  00000-0 0  9991
2 27445   0.0296 295.9144 0001729  37.7617 204.3651  1.00270314 28644
EUTELSAT-5-WEST-A-------
1 27460U 02035A   21212.84439122 -.00000043  00000-0  00000-0 0  9998
2 27460   1.5330  92.8957 0004845  36.0961 119.6567  1.00271751 69755
METEOSAT-8-(MSG-1)------
1 27509U 02040B   21212.67312413  .00000132  00000-0  00000-0 0  9990
2 27509   7.4492  52.2722 0000136  40.5927 140.3174  1.00273152 69396
INTELSAT-906-(IS-906)---
1 27513U 02041A   21213.06854691  .00000014  00000-0  00000+0 0  9997
2 27513   1.2728  94.2903 0003319  45.2208 259.1988  1.00272297 69113
HISPASAT-30W-4----------
1 27528U 02044A   21212.74502949  .00000116  00000-0  00000-0 0  9990
2 27528   2.0510  90.2392 0004855  38.2952 306.2033  1.00269710 25101
TDRS-10-----------------
1 27566U 02055A   21212.80965334  .00000086  00000-0  00000-0 0  9998
2 27566   7.6223  51.6660 0008558 340.2844  38.0581  1.00276465 68373
NSS-6-------------------
1 27603U 02057A   21213.16993878  .00000108  00000-0  00000+0 0  9990
2 27603   0.8092  95.4077 0004145  31.8674  74.3519  1.00273356 68172
NIMIQ-2-----------------
1 27632U 02062A   21212.70674412 -.00000232  00000-0  00000-0 0  9997
2 27632   5.2685  72.9389 0012127  27.1031 193.3915  1.00273952 26326
USA-167-----------------
1 27691U 03008A   21212.67585139  .00000051  00000-0  00000-0 0  9994
2 27691   7.4184  56.5830 0003556  33.6916 332.2894  1.00272826 15099
USA-169-(MILSTAR-2-4)---
1 27711U 03012A   21212.87562168 -.00000198  00000-0  00000-0 0  9994
2 27711   9.6490  42.2586 0002396  93.4007 281.4166  1.00272380 15094
GALAXY-12-(G-12)--------
1 27715U 03013B   21212.67611309  .00000056  00000-0  00000-0 0  9991
2 27715   2.4768  88.8393 0001811  50.3749 284.6780  1.00272968 34220
ASIASAT-4---------------
1 27718U 03014A   21212.92479993  .00000153  00000-0  00000-0 0  9992
2 27718   0.1702 100.3511 0001729  37.1632 183.3563  1.00274180 27437
HELLAS-SAT-2------------
1 27811U 03020A   21212.89812855 -.00000152  00000-0  00000-0 0  9997
2 27811   2.8948  88.0020 0004329  45.4849  44.3364  1.00271976 24982
THURAYA-2---------------
1 27825U 03026A   21213.08660325  .00000126  00000-0  00000+0 0  9992
2 27825   6.3492  33.9453 0004804  75.3575 275.7817  1.00273270 66488
OPTUS-C1----------------
1 27831U 03028B   21212.87538580 -.00000152  00000-0  00000-0 0  9995
2 27831   2.4049  89.9777 0006118  42.9752 287.5680  1.00273851 35195
GALAXY-23-(G-23)--------
1 27854U 03034A   21212.89298163  .00000013  00000-0  00000-0 0  9994
2 27854   0.0058  83.7713 0002947  48.7186  17.7116  1.00272877 65880
USA-170-----------------
1 27875U 03040A   21212.40621101 -.00000278  00000-0  00000-0 0  9997
2 27875   6.7132  61.9959 0005026  83.5922 267.3366  1.00268178 15092
GALAXY-13-(HORIZONS-1)--
1 27954U 03044A   21212.67646205  .00000048  00000-0  00000-0 0  9994
2 27954   0.0232  84.6535 0000813  60.3490 281.0102  1.00273702 28704
YAMAL-202---------------
1 28089U 03053A   21212.87788981 -.00000080  00000-0  00000+0 0  9990
2 28089   1.8382  91.4064 0007644  25.7016 312.1154  1.00271910 64814
UFO-11-(USA-174)--------
1 28117U 03057A   21212.94493581 -.00000097  00000-0  00000-0 0  9992
2 28117   6.5526  37.8539 0005208  50.8546 275.8721  1.00271305 64587
USA-176-(DSP-22)--------
1 28158U 04004A   21212.51664906 -.00000223  00000-0  00000-0 0  9995
2 28158   9.6777  37.0170 0001188 117.8214  67.8914  1.00272487 15060
ABS-4-(MOBISAT-1)-------
1 28184U 04007A   21213.06854691  .00000040  00000-0  00000+0 0  9995
2 28184   1.5221  92.6667 0005403  40.2301 262.6439  1.00273245 63728
EUTELSAT-7A-------------
1 28187U 04008A   21212.74581462  .00000104  00000-0  00000-0 0  9998
2 28187   1.3127  90.7347 0004403  45.3609 302.7437  1.00270831 63489
AMC-11-(GE-11)----------
1 28252U 04017A   21212.67567691  .00000069  00000-0  00000-0 0  9991
2 28252   0.0592 283.5617 0002599 208.4566 289.7148  1.00273524 63018
INTELSAT-10-02----------
1 28358U 04022A   21213.07896824 -.00000010  00000-0  00000+0 0  9998
2 28358   0.0483 258.0098 0000787 242.6432 196.6717  1.00271837 62767
ANIK-F2-----------------
1 28378U 04027A   21212.89498806 -.00000049  00000-0  00000-0 0  9995
2 28378   0.0143  76.8818 0001294 162.1679 281.7864  1.00272214 23408
AMC-15------------------
1 28446U 04041A   21212.86045515 -.00000089  00000-0  00000+0 0  9992
2 28446   0.0236 340.9585 0002861 155.7461  17.6819  1.00272337 61483
AMC-16------------------
1 28472U 04048A   21210.89024126 -.00000129  00000-0  00000-0 0  9990
2 28472   0.0461 245.9467 0001824 357.8472 298.4831  0.99704543 60815
NSS-10-(AMC-12)---------
1 28526U 05003A   21212.83784852 -.00000252  00000-0  00000-0 0  9994
2 28526   1.9960  90.7034 0002868  37.1071  86.0184  1.00271550 35293
XTAR-EUR----------------
1 28542U 05005A   21213.05872113  .00000152  00000-0  00000+0 0  9994
2 28542   0.0181  79.7911 0002377  52.3216 227.8975  1.00270894 60327
XM-3-(RHYTHM)-----------
1 28626U 05008A   21213.18243766 -.00000204  00000-0  00000+0 0  9999
2 28626   0.0220  80.6737 0001014   7.3897 202.5258  1.00269185 60205
INMARSAT-4-F1-----------
1 28628U 05009A   21212.87396420 -.00000262  00000-0  00000-0 0  9998
2 28628   3.3922  31.5396 0002761 108.1775 268.1041  1.00272933 59811
DIRECTV-8---------------
1 28659U 05019A   21212.89341781  .00000001  00000-0  00000-0 0  9995
2 28659   0.0176 103.7397 0003086  37.3838  11.1670  1.00272751 59213
GALAXY-28-(G-28)--------
1 28702U 05022A   21213.18799492 -.00000184  00000-0  00000+0 0  9999
2 28702   0.0143  61.8419 0000542   7.7988 219.0427  1.00272368 58960
EXPRESS-AM3-------------
1 28707U 05023A   21213.06751010  .00000133  00000-0  00000+0 0  9999
2 28707   2.7861  86.7741 0001049  75.1013 195.2712  1.00273383 58977
THAICOM-4---------------
1 28786U 05028A   21213.08035354 -.00000362  00000-0  00000+0 0  9994
2 28786   0.0180  77.2281 0002372  55.4154 325.6627  1.00271421 58469
GALAXY-14-(G-14)--------
1 28790U 05030A   21212.90257726  .00000146  00000-0  00000-0 0  9991
2 28790   0.4608  95.1572 0002240  37.5921 163.1374  1.00515140 58443
ANIK-F1R----------------
1 28868U 05036A   21212.89577318 -.00000074  00000-0  00000-0 0  9994
2 28868   0.0197 343.0495 0002450 102.9820  78.8561  1.00271595 28591
GALAXY-15-(G-15)--------
1 28884U 05041A   21212.67524073  .00000079  00000-0  00000-0 0  9998
2 28884   0.0359 259.5771 0001750 239.7712 280.2322  1.00271476 57749
SYRACUSE-3A-------------
1 28885U 05041B   21212.91924574  .00000129  00000-0  00000-0 0  9992
2 28885   0.3236  97.6033 0003090  27.5961 202.4428  1.00272976 57881
INMARSAT-4-F2-----------
1 28899U 05044A   21212.92271814  .00000009  00000-0  00000-0 0  9990
2 28899   3.2678  34.1982 0002936 110.6604 200.9436  1.00272432 57657
TELKOM-2----------------
1 28902U 05046A   21212.90092010 -.00000077  00000-0  00000-0 0  9990
2 28902   0.1751  97.3028 0000866 108.8077 346.7177  0.99145496 57573
SPACEWAY-2--------------
1 28903U 05046B   21212.67410667  .00000103  00000-0  00000-0 0  9996
2 28903   1.1505  91.5542 0000292 136.4893 185.2301  1.00273287 33476
METEOSAT-9-(MSG-2)------
1 28912U 05049B   21212.84596146  .00000014  00000-0  00000-0 0  9996
2 28912   5.3050  68.2133 0000796  56.9942 132.3105  1.00274557 57173
EUTELSAT-174A-----------
1 28924U 05052A   21213.11507865  .00000011  00000-0  00000+0 0  9990
2 28924   0.0430  31.2314 0006204 101.7103  32.4089  1.00273185 57121
ECHOSTAR-10-------------
1 28935U 06003A   21212.89516253 -.00000055  00000-0  00000-0 0  9994
2 28935   0.0398 264.0602 0001373 238.2888  19.4140  1.00271771 56615
SPAINSAT----------------
1 28945U 06007A   21212.22480125 -.00000217  00000-0  00000-0 0  9994
2 28945   0.0428 241.3513 0004213 283.8262 194.8228  1.00271814 56351
EUTELSAT-HOTBIRD-13E----
1 28946U 06007B   21213.07341150  .00000087  00000-0  00000+0 0  9996
2 28946   0.0542 139.1726 0006013  12.8283 197.2909  1.00272015 56449
JCSAT-5A----------------
1 29045U 06010A   21212.94349125 -.00000327  00000-0  00000+0 0  9994
2 29045   0.0018 122.3096 0001736  13.4037 285.7664  1.00272173 56089
ASTRA-1KR---------------
1 29055U 06012A   21213.06785733  .00000120  00000-0  00000+0 0  9990
2 29055   0.0615 266.0361 0003340 270.4217 177.0438  1.00270917 55885
EWS-G1-(GOES-13)--------
1 29155U 06018A   21212.92271814  .00000039  00000-0  00000-0 0  9991
2 29155   0.0526 200.8239 0005603 351.0293 151.3333  1.00273979 25518
EUTELSAT-113-WEST-A-----
1 29162U 06020A   21212.89463913 -.00000037  00000-0  00000-0 0  9990
2 29162   0.0225 120.9544 0003072  13.0904  24.7416  1.00272151 55626
GALAXY-16-(G-16)--------
1 29236U 06023A   21212.89734343 -.00000126  00000-0  00000-0 0  9992
2 29236   0.0249  99.3598 0002600  32.2770  42.1204  1.00272292 55111
EUTELSAT-HOTBIRD-13B----
1 29270U 06032A   21212.90813440  .00000087  00000-0  00000-0 0  9993
2 29270   0.0656  23.8087 0002759 103.6834 162.1352  1.00270732 29446
JCSAT-3A----------------
1 29272U 06033A   21212.87082372 -.00000345  00000-0  00000-0 0  9992
2 29272   0.0208  91.8408 0002065  47.0095 252.3472  1.00269169 29877
SYRACUSE-3B-------------
1 29273U 06033B   21212.84430397 -.00000044  00000-0  00000-0 0  9990
2 29273   0.0129 109.8873 0005085  17.3053 121.2217  1.00271284 54842
KOREASAT-5-(MUGUNGWHA-5)
1 29349U 06034A   21213.08035354 -.00000357  00000-0  00000+0 0  9992
2 29349   0.0268 123.6228 0001880  43.5607 284.6864  1.00273468 54773
DIRECTV-9S--------------
1 29494U 06043A   21212.89690726 -.00000113  00000-0  00000-0 0  9992
2 29494   0.0229 139.3527 0002915 355.1565  36.8874  1.00272273 33523
OPTUS-D1----------------
1 29495U 06043B   21212.87727917 -.00000110  00000-0  00000-0 0  9991
2 29495   0.0358 258.5715 0003558 235.3551 291.5840  1.00272381 54254
XM-4-(BLUES)------------
1 29520U 06049A   21212.89411569 -.00000022  00000-0  00000-0 0  9993
2 29520   0.0477 273.8483 0000276 292.6628 309.8490  1.00272306 33610
BADR-4------------------
1 29526U 06051A   21212.90257726  .00000145  00000-0  00000-0 0  9992
2 29526   0.0432 343.4832 0002006 184.8123 132.3264  1.00275463 33417
WILDBLUE-1--------------
1 29643U 06054A   21213.14215885 -.00000048  00000-0  00000+0 0  9994
2 29643   0.0325 260.3623 0001654 231.7790 117.8078  1.00272698 53682
AMC-18------------------
1 29644U 06054B   21212.90057116 -.00000215  00000-0  00000-0 0  9996
2 29644   0.0477 273.8810 0002393 221.0297  56.0035  1.00272329 53692
MEASAT-3----------------
1 29648U 06056A   21213.07479903 -.00000092  00000-0  00000+0 0  9995
2 29648   0.1601 107.9127 0001189 253.8313  54.5458  1.00102923 53692
INSAT-4B----------------
1 30793U 07007A   21212.93938128 -.00000190  00000-0  00000-0 0  9998
2 30793   1.4308  93.2749 0002845 112.3076 167.9054  1.00272227 24341
SKYNET-5A---------------
1 30794U 07007B   21213.06924194 -.00000272  00000-0  00000+0 0  9992
2 30794   1.5482  90.2399 0003645  45.6038 294.1821  1.00270287 52798
ANIK-F3-----------------
1 31102U 07009A   21213.21234729  .00000000  00000-0  00000+0 0  9991
2 31102   0.0113  64.5605 0001901  51.5431 151.6597  1.00270721 52472
ASTRA-1L----------------
1 31306U 07016A   21212.92098435  .00000120  00000-0  00000-0 0  9998
2 31306   0.0750 294.4317 0000668 231.8215 134.2304  1.00271285 27179
GALAXY-17-(G-17)--------
1 31307U 07016B   21213.18799492 -.00000174  00000-0  00000+0 0  9998
2 31307   0.0184  65.3393 0003360  75.0007 146.3470  1.00273037 52217
ZHONGXING-6B------------
1 31800U 07031A   21212.92827247 -.00000362  00000-0  00000-0 0  9994
2 31800   0.0092 108.9148 0003661  15.1224 275.3947  1.00274453 51567
DIRECTV-10--------------
1 31862U 07032A   21213.19354920 -.00000102  00000-0  00000+0 0  9997
2 31862   0.0209 217.0065 0000452 346.2042  73.6824  1.00272313 51540
SPACEWAY-3--------------
1 32018U 07036A   21212.82642062 -.00000151  00000-0  00000-0 0  9996
2 32018   0.0025 161.2298 0000405  21.4175 329.5471  1.00272980 28696
BSAT-3A-----------------
1 32019U 07036B   21213.08035354 -.00000350  00000-0  00000+0 0  9996
2 32019   0.0753 248.5028 0002879 298.6641 261.5039  1.00272778 51201
OPTUS-D2----------------
1 32252U 07044A   21212.96854966 -.00000183  00000-0  00000+0 0  9992
2 32252   0.0284 282.0446 0003610 212.5441 315.8771  1.00271837 50584
INTELSAT-11-(IS-11)-----
1 32253U 07044B   21212.90850962 -.00000268  00000-0  00000-0 0  9994
2 32253   0.0178  86.7049 0001752  61.6056  85.4960  1.00272983 50645
WGS-F1-(USA-195)--------
1 32258U 07046A   21212.84657211  .00000041  00000-0  00000-0 0  9994
2 32258   0.0266  93.0563 0001146  94.2640  73.0945  1.00272192 34514
STAR-ONE-C1-------------
1 32293U 07056A   21212.90414782 -.00000276  00000-0  00000-0 0  9996
2 32293   0.1933  97.4527 0002489  48.8468  63.9100  1.00271991 33917
SKYNET-5B---------------
1 32294U 07056B   21212.92211844  .00000142  00000-0  00000-0 0  9994
2 32294   0.7288  90.1122 0003765  45.3550 171.3351  1.00272526 50332
ASTRA-4A-(SIRIUS-4)-----
1 32299U 07057A   21212.84631042  .00000033  00000-0  00000-0 0  9996
2 32299   0.0363 292.9986 0002385 202.3140 123.8273  1.00272684 33815
HORIZONS-2--------------
1 32388U 07063B   21212.93938128 -.00000183  00000-0  00000-0 0  9994
2 32388   0.0170  81.2881 0002762  48.3473 243.1516  1.00272804 49951
THURAYA-3---------------
1 32404U 08001A   21212.82966043 -.00000303  00000-0  00000-0 0  9995
2 32404   3.8647  17.5325 0004569  93.9611 235.3358  1.00272304 49628
EXPRESS-AM33------------
1 32478U 08003A   21212.84474015 -.00000075  00000-0  00000-0 0  9999
2 32478   0.2506  94.5154 0007124  38.1908 117.7671  1.00020155 35877
THOR-5------------------
1 32487U 08006A   21212.84517633 -.00000009  00000-0  00000-0 0  9993
2 32487   0.0396 241.5635 0002324 252.7460 118.8598  1.00271775 49448
AMC-14------------------
1 32708U 08011A   21212.70542437  .00000071  00000-0  00000-0 0  9998
2 32708  21.5926  42.1888 0039739  10.4639 168.8725  1.00276717 50296
DIRECTV-11--------------
1 32729U 08013A   21213.19354920 -.00000125  00000-0  00000+0 0  9995
2 32729   0.0042 125.3556 0000264 103.0687  52.0706  1.00272601 49074
ICO-G1------------------
1 32763U 08016A   21212.89865197 -.00000172  00000-0  00000-0 0  9998
2 32763   3.7878  20.7854 0002041 119.5906  40.0050  1.00271980 48683
VINASAT-1---------------
1 32767U 08018A   21212.94340399 -.00000328  00000-0  00000+0 0  9994
2 32767   0.0347 285.6469 0001754 226.3203 269.3582  1.00272425 48736
STAR-ONE-C2-------------
1 32768U 08018B   21213.17688337 -.00000264  00000-0  00000+0 0  9997
2 32768   0.0328 224.9006 0002684 301.2054 137.5574  1.00270878 48680
TIANLIAN-1-01-----------
1 32779U 08019A   21212.85396716 -.00000143  00000-0  00000-0 0  9998
2 32779   5.0203  70.5914 0027820 274.5583 351.9794  1.00272613 48607
AMOS-3------------------
1 32794U 08022A   21212.84456568 -.00000035  00000-0  00000-0 0  9990
2 32794   0.0307 103.7911 0002272  21.4210 124.3812  1.00273000 64499
GALAXY-18-(G-18)--------
1 32951U 08024A   21212.67724716  .00000025  00000-0  00000-0 0  9999
2 32951   0.0160  97.2094 0003077  43.5293 289.5582  1.00272277 27986
CHINASAT-9-(ZX-9)-------
1 33051U 08028A   21212.93938128 -.00000247  00000-0  00000-0 0  9995
2 33051   0.0195 126.8182 0004209  12.1327 241.2044  1.00270891 48173
SKYNET-5C---------------
1 33055U 08030A   21212.84177413 -.00000139  00000-0  00000-0 0  9994
2 33055   0.0592   4.5165 0003966 136.5586  93.7810  1.00272909 48092
TURKSAT-3A--------------
1 33056U 08030B   21212.92552063  .00000146  00000-0  00000-0 0  9999
2 33056   0.0244  78.6692 0005183  37.1212 209.1246  1.00270193 34497
INTELSAT-25-(IS-25)-----
1 33153U 08034A   21212.83906983 -.00000224  00000-0  00000-0 0  9993
2 33153   0.0242 121.3665 0002716   5.1496  93.6955  1.00271468 47838
BADR-6------------------
1 33154U 08034B   21212.92229289  .00000145  00000-0  00000-0 0  9992
2 33154   0.0585  54.1824 0004423  63.2712 190.2675  1.00271711 47892
ECHOSTAR-11-------------
1 33207U 08035A   21213.14215885 -.00000056  00000-0  00000+0 0  9995
2 33207   0.0025 273.7044 0002498 209.0794 128.3467  1.00271943 47790
SUPERBIRD-C2------------
1 33274U 08038A   21212.94584661 -.00000251  00000-0  00000+0 0  9997
2 33274   0.0075 149.9907 0001575   2.4036 281.8240  1.00271871 47525
AMC-21------------------
1 33275U 08038B   21212.67689823  .00000036  00000-0  00000-0 0  9995
2 33275   0.0499 280.3853 0002635 216.2426 291.6438  1.00272763 47622
INMARSAT-4-F3-----------
1 33278U 08039A   21213.19320199 -.00000140  00000-0  00000+0 0  9991
2 33278   3.2163  16.4791 0002836 129.9965 135.0961  1.00271794 47409
NIMIQ-4-----------------
1 33373U 08044A   21212.90074562 -.00000220  00000-0  00000-0 0  9991
2 33373   0.0112  46.8043 0002278  89.6257  55.5520  1.00270848 47122
GALAXY-19-(G-19)--------
1 33376U 08045A   21212.89777961 -.00000138  00000-0  00000-0 0  9994
2 33376   0.0116  73.4421 0003019  57.2610  45.2153  1.00270151 47049
ASTRA-1M----------------
1 33436U 08057A   21212.92098435  .00000120  00000-0  00000-0 0  9990
2 33436   0.0170  94.4011 0005183  43.8943 162.1943  1.00272209 27879
CIEL-2------------------
1 33453U 08063A   21213.18385719  .00000059  00000-0  00000+0 0  9999
2 33453   0.0089 235.1809 0002937 265.9519 106.1968  1.00272048 46277
EUTELSAT-HOTBIRD-13C----
1 33459U 08065A   21212.91967581  .00000087  00000-0  00000-0 0  9992
2 33459   0.0467  51.1763 0005550  69.6982 172.9260  1.00270809 29488
EUTELSAT-48D------------
1 33460U 08065B   21212.84290821 -.00000100  00000-0  00000-0 0  9999
2 33460   0.6595  96.8824 0003277  33.0346 110.7222  1.00272331 46091
FENGYUN-2E--------------
1 33463U 08066A   21212.64724389 -.00000205  00000-0  00000-0 0  9998
2 33463   5.2046  67.0100 0002635 350.5047 211.5517  1.00266141 46229
EXPRESS-AM44------------
1 33595U 09007A   21213.22083846 -.00000088  00000-0  00000+0 0  9999
2 33595   0.0369 251.5658 0000626  12.9338 114.0353  1.00273387 45701
NSS-9-------------------
1 33749U 09008A   21212.81010750  .00000072  00000-0  00000+0 0  9991
2 33749   0.0594 282.8752 0002074 210.5624 290.9035  1.00272000 45709
EUTELSAT-33E------------
1 33750U 09008B   21212.92358471  .00000156  00000-0  00000-0 0  9994
2 33750   0.0775  57.5634 0003541  71.4974 186.2523  1.00274505 45587
TELSTAR-11N-------------
1 34111U 09009A   21212.83784852 -.00000251  00000-0  00000-0 0  9990
2 34111   0.0118  67.5490 0002415  55.9699  90.2094  1.00270114 28378
EUTELSAT-10A------------
1 34710U 09016A   21212.84735723  .00000068  00000-0  00000-0 0  9992
2 34710   0.0651  25.0016 0005467 106.2981 133.4099  1.00273158 23395
WGS-F2-(USA-204)--------
1 34713U 09017A   21212.90407593  .00000067  00000-0  00000-0 0  9993
2 34713   0.0281  93.5983 0000231 116.5802 122.5154  1.00274659 27752
SES-7-(PROTOSTAR-2)-----
1 34941U 09027A   21212.93382698 -.00000345  00000-0  00000-0 0  9998
2 34941   0.0143  67.1540 0000395 183.0897 143.9284  1.00271277 44755
MEASAT-3A---------------
1 35362U 09032A   21213.12063434 -.00000241  00000-0  00000+0 0  9992
2 35362   0.0582 247.8405 0002514 290.6647 266.3644  1.00273573 44379
GOES-14-----------------
1 35491U 09033A   21212.60686652 -.00000094  00000-0  00000-0 0  9998
2 35491   0.4101 105.1832 0011817 104.0689 214.3961  1.00271711 44257
FM-5--------------------
1 35493U 09034A   21213.18799492 -.00000200  00000-0  00000+0 0  9990
2 35493   0.0233 327.6692 0000523  37.0458 286.8193  1.00272613 44115
TERRESTAR-1-------------
1 35496U 09035A   21212.89498806 -.00000057  00000-0  00000-0 0  9997
2 35496   2.8146  30.7234 0002718 105.3633  24.8226  1.00271524 44271
ASIASAT-5---------------
1 35696U 09042A   21212.86541507 -.00000308  00000-0  00000-0 0  9990
2 35696   0.0420 261.6108 0001942 203.1610 256.9540  1.00274026 43820
JCSAT-RA-(JCSAT-12)-----
1 35755U 09044A   21213.04285648 -.00000031  00000-0  00000+0 0  9992
2 35755   0.0476 252.3755 0001878 250.6380 351.1566  1.00271049 43807
OPTUS-D3----------------
1 35756U 09044B   21212.86090898 -.00000147  00000-0  00000-0 0  9992
2 35756   0.0471 320.7314 0002768 155.9214 298.9494  1.00272757 43698
NIMIQ-5-----------------
1 35873U 09050A   21212.90266483 -.00000256  00000-0  00000-0 0  9990
2 35873   0.0067  27.8251 0003036 125.9816  48.1750  1.00273269 43495
AMAZONAS-2--------------
1 35942U 09054A   21212.98779230 -.00000282  00000-0  00000+0 0  9996
2 35942   0.0330 128.5667 0005035  12.2683 103.5749  1.00270676 43310
COMSATBW-1--------------
1 35943U 09054B   21212.92271814  .00000024  00000-0  00000-0 0  9990
2 35943   0.0424  83.5324 0003542  52.5747 208.8301  1.00273803 43446
NSS-12------------------
1 36032U 09058A   21212.90407593  .00000072  00000-0  00000-0 0  9990
2 36032   0.0334 293.1819 0002854 207.8643 191.1329  1.00271693 43055
THOR-6------------------
1 36033U 09058B   21212.84517633 -.00000010  00000-0  00000-0 0  9994
2 36033   0.0080 250.0552 0001729 234.0289 129.0082  1.00271052 43143
INTELSAT-14-(IS-14)-----
1 36097U 09064A   21212.83636552 -.00000273  00000-0  00000-0 0  9993
2 36097   0.0129 100.5158 0002422  34.9217  70.3249  1.00273047 42752
EUTELSAT-36B------------
1 36101U 09065A   21212.92479993  .00000156  00000-0  00000-0 0  9993
2 36101   0.0658  24.8846 0004486 108.9383 184.7285  1.00273419 42859
INTELSAT-15-(IS-15)-----
1 36106U 09067A   21212.93938128 -.00000185  00000-0  00000-0 0  9994
2 36106   0.0172  42.6155 0002260  94.3919 236.0672  1.00273136 23369
WGS-F3-(USA-211)--------
1 36108U 09068A   21212.67750887  .00000018  00000-0  00000-0 0  9996
2 36108   0.0748  98.6989 0000469 196.3541 136.4422  1.00274491 28747
DIRECTV-12--------------
1 36131U 09075A   21212.89664556 -.00000103  00000-0  00000-0 0  9997
2 36131   0.0407 245.0780 0000168 338.2891 306.4247  1.00271913 28709
BEIDOU-3----------------
1 36287U 10001A   21212.94514872 -.00000281  00000-0  00000+0 0  9997
2 36287   1.9428  48.1004 0006013  83.3003 299.0771  1.00272969 42306
RADUGA-1M-2-------------
1 36358U 10002A   21212.93938128 -.00000183  00000-0  00000-0 0  9992
2 36358   0.0824 251.6608 0002711 249.9863 231.2776  1.00271701 32238
SDO---------------------
1 36395U 10005A   21212.26149427 -.00000084  00000-0  00000-0 0  9998
2 36395  31.0446 114.4821 0000714 324.4590 222.0779  1.00269700 42196
INTELSAT-16-(IS-16)-----
1 36397U 10006A   21213.18243766 -.00000244  00000-0  00000+0 0  9991
2 36397   0.0173  59.3939 0001989  84.5394 155.5410  1.00272509 41854
GOES-15-----------------
1 36411U 10008A   21212.67628757  .00000054  00000-0  00000-0 0  9999
2 36411   0.2219 116.8474 0004505 301.5636   6.6778  1.00264456 41816
ECHOSTAR-14-------------
1 36499U 10010A   21212.99424418  .00000001  00000-0  00000+0 0  9992
2 36499   0.0096  66.2980 0002769  63.3733  59.1673  1.00272409 41672
SES-1-------------------
1 36516U 10016A   21213.19354920 -.00000114  00000-0  00000+0 0  9997
2 36516   0.0437 275.9406 0002513 209.0527 153.6876  1.00272352 41278
ASTRA-3B----------------
1 36581U 10021A   21212.92176948  .00000137  00000-0  00000-0 0  9992
2 36581   0.0315   9.5129 0004133 128.1419 167.3988  1.00273298 41017
COMSATBW-2--------------
1 36582U 10021B   21212.84796788  .00000088  00000-0  00000-0 0  9999
2 36582   0.0176  60.4150 0002203  83.0095 124.7232  1.00269506 41092
BADR-5------------------
1 36592U 10025A   21212.92229289  .00000145  00000-0  00000-0 0  9994
2 36592   0.0238 121.8854 0005000  25.6069 160.2750  1.00268937 35355
COMS-1------------------
1 36744U 10032A   21212.87392152 -.00000345  00000-0  00000-0 0  9998
2 36744   0.3223  95.4972 0000733  40.4827 256.4761  1.00272331 33220
ARABSAT-5A--------------
1 36745U 10032B   21212.90257726  .00000153  00000-0  00000-0 0  9996
2 36745   0.0594  45.8752 0005140  99.9676 159.2769  1.00272196 40788
ECHOSTAR-15-------------
1 36792U 10034A   21213.10674490 -.00000281  00000-0  00000+0 0  9996
2 36792   0.0145 309.1096 0001695 155.4391 182.1500  1.00273999 40535
BEIDOU-5----------------
1 36828U 10036A   21212.93352454 -.00000080  00000-0  00000-0 0  9999
2 36828  54.1834 179.1790 0114814 235.6095 346.0755  1.00246377 40359
NILESAT-201-------------
1 36830U 10037A   21213.08452221 -.00000057  00000-0  00000+0 0  9996
2 36830   0.0468 170.1614 0005884 314.7349 208.4369  1.00273292 40435
RASCOM-QAF-1R-----------
1 36831U 10037B   21212.84596146  .00000019  00000-0  00000-0 0  9993
2 36831   0.0270 103.7646 0004514  29.7030 123.6432  1.00273112 40433
AEHF-1-(USA-214)--------
1 36868U 10039A   21212.84613594  .00000022  00000-0  00000-0 0  9996
2 36868   3.7332  91.1906 0006849  22.7643 144.2330  1.00269802 35797
CHINASAT-6A-(ZX-6A)-----
1 37150U 10042A   21212.94209546 -.00000353  00000-0  00000+0 0  9991
2 37150   0.0258 158.6805 0001578 295.4231 319.8814  1.00269910 40043
QZS-1-(MICHIBIKI-1)-----
1 37158U 10045A   21212.65613605 -.00000194  00000-0  00000-0 0  9999
2 37158  42.0067 137.8457 0762830 270.8608 276.1802  1.00255806 39877
XM-5--------------------
1 37185U 10053A   21212.90013498 -.00000205  00000-0  00000-0 0  9993
2 37185   0.0332 226.5647 0000781  21.9700 300.1112  1.00273551 39623
BSAT-3B-----------------
1 37207U 10056B   21213.08035354 -.00000350  00000-0  00000+0 0  9996
2 37207   0.0619 305.2812 0000529 337.0223 166.3678  1.00271627 39414
BEIDOU-6----------------
1 37210U 10057A   21212.87727917 -.00000112  00000-0  00000+0 0  9996
2 37210   0.9139  52.4279 0005684 123.0918 250.0440  1.00272467 39425
SKYTERRA-1--------------
1 37218U 10061A   21212.89690726 -.00000118  00000-0  00000-0 0  9995
2 37218   2.1760  19.2524 0001630 142.1660   9.8769  1.00272800 39339
ZHONGXING-20A-----------
1 37234U 10064A   21212.94235716 -.00000351  00000-0  00000+0 0  9994
2 37234   1.8525  92.2624 0003432  31.5900 291.5595  1.00271566 39160
HYLAS-1-----------------
1 37237U 10065A   21212.87701747 -.00000123  00000-0  00000-0 0  9990
2 37237   1.1171  93.5672 0001912  40.0548 290.5496  1.00271378 39119
INTELSAT-17-(IS-17)-----
1 37238U 10065B   21212.93031861 -.00000001  00000-0  00000-0 0  9996
2 37238   0.0355 223.0011 0002661 272.4255 215.2316  1.00271722 35380
BEIDOU-7----------------
1 37256U 10068A   21212.15704604 -.00000218  00000-0  00000+0 0  9994
2 37256  50.7793 293.4773 0091537 217.6683 330.8328  1.00299123 38925
EUTELSAT-KA-SAT-9A------
1 37258U 10069A   21212.91889069  .00000062  00000-0  00000-0 0  9997
2 37258   0.0867 270.2121 0006128 212.8151 166.5024  1.00271403 26145
HISPASAT-30W-5----------
1 37264U 10070A   21212.83941876 -.00000216  00000-0  00000-0 0  9994
2 37264   0.0133 132.6797 0005992   8.9912  80.1952  1.00272354 35322
KOREASAT-6--------------
1 37265U 10070B   21213.08035354 -.00000361  00000-0  00000+0 0  9998
2 37265   0.0166  32.7809 0001567  91.9033 330.1426  1.00273029 38825
BEIDOU-8----------------
1 37384U 11013A   21212.83145299 -.00000190  00000-0  00000-0 0  9991
2 37384  59.8353  57.4520 0054048 206.9891 102.0956  1.00293695 37805
INTELSAT-NEW-DAWN-------
1 37392U 11016A   21213.06230036  .00000156  00000-0  00000+0 0  9993
2 37392   0.0365 235.0402 0001445 268.9243 221.1223  1.00274044 37650
YAHSAT-1A---------------
1 37393U 11016B   21212.92761428  .00000101  00000-0  00000-0 0  9993
2 37393   0.0190  80.9459 0002027  24.4793 230.7486  1.00270024 24532
SBIRS-GEO-1-(USA-230)---
1 37481U 11019A   21212.90437678 -.00000008  00000-0  00000-0 0  9996
2 37481   1.8062   4.8924 0002212 123.5178 213.0889  1.00272219 37536
TELSTAR-14R-------------
1 37602U 11021A   21213.10674490 -.00000279  00000-0  00000+0 0  9991
2 37602   0.0338 307.8086 0001725 139.8043 197.7178  1.00272112 37926
GSAT-8------------------
1 37605U 11022A   21212.84399910  .00000085  00000-0  00000+0 0  9990
2 37605   0.0123  94.4413 0002592 169.2880  44.8464  1.00272239 37372
ST-2--------------------
1 37606U 11022B   21212.99311858 -.00000211  00000-0  00000+0 0  9994
2 37606   0.0097  86.7060 0001422  69.3271 239.3110  1.00271407 37386
CHINASAT-10-(ZX-10)-----
1 37677U 11026A   21213.15759774 -.00000351  00000-0  00000+0 0  9993
2 37677   0.0534 249.5034 0004684 273.9983 313.7045  1.00275084 37105
TIANLIAN-1-02-----------
1 37737U 11032A   21212.94058946 -.00000018  00000-0  00000-0 0  9997
2 37737   2.4151  74.6594 0019237  91.8437 292.8212  1.00271387 36869
GSAT-12-----------------
1 37746U 11034A   21212.92665469  .00000124  00000-0  00000-0 0  9998
2 37746   0.5772  96.4927 0010862   3.3683 231.4294  1.00274419 25636
SES-3-------------------
1 37748U 11035A   21212.89655831 -.00000102  00000-0  00000+0 0  9995
2 37748   0.0382 300.9631 0003053 186.4548  42.0549  1.00272125 36837
KAZSAT-2----------------
1 37749U 11035B   21213.12063434 -.00000198  00000-0  00000+0 0  9990
2 37749   0.0266 143.3579 0001844  45.4385 251.0608  1.00278018 36710
BEIDOU-9----------------
1 37763U 11038A   21212.32689773 -.00000025  00000-0  00000-0 0  9990
2 37763  54.4693 181.6345 0084358 227.0357 111.3346  1.00256383 36771
ASTRA-1N----------------
1 37775U 11041A   21212.92098435  .00000120  00000-0  00000-0 0  9997
2 37775   0.0424 355.4268 0004197  87.6617 217.3924  1.00270232 26665
BSAT-3C-(JCSAT-110R)----
1 37776U 11041B   21213.08035354 -.00000350  00000-0  00000+0 0  9992
2 37776   0.0122  78.8667 0000211 166.6608 203.2557  1.00279036 36669
PAKSAT-1R---------------
1 37779U 11042A   21212.92445273  .00000154  00000-0  00000-0 0  9995
2 37779   0.0418 242.3729 0004489 186.4928 251.6738  1.00272721 36610
CHINASAT-1A-(ZX-1A)-----
1 37804U 11047A   21212.87835115 -.00000337  00000-0  00000+0 0  9994
2 37804   0.0287 178.5436 0000489  95.7429 121.4631  1.00274820 36216
SES-2-------------------
1 37809U 11049A   21212.89978604 -.00000195  00000-0  00000-0 0  9997
2 37809   0.0575 277.1445 0002719 213.8032  55.6868  1.00272789 36108
ARABSAT-5C--------------
1 37810U 11049B   21212.92115882  .00000123  00000-0  00000-0 0  9994
2 37810   0.0550   6.3027 0006211 147.9359 147.1089  1.00270267 36191
EUTELSAT-7-WEST-A-------
1 37816U 11051A   21213.08452221 -.00000060  00000-0  00000+0 0  9992
2 37816   0.0668  38.2785 0004410 107.7888 186.9610  1.00272035 36109
QUETZSAT-1--------------
1 37826U 11054A   21212.90179247 -.00000241  00000-0  00000-0 0  9992
2 37826   0.0179 346.2892 0002791 153.1205  57.9485  1.00273779 32037
INTELSAT-18-(IS-18)-----
1 37834U 11056A   21212.80949684  .00000053  00000-0  00000+0 0  9991
2 37834   0.0147  27.3662 0001852 105.6078 288.0811  1.00273060 35980
EUTELSAT-16A------------
1 37836U 11057A   21213.07341150  .00000104  00000-0  00000+0 0  9995
2 37836   0.0655   4.8012 0004968 122.2630 225.2556  1.00269865 35937
VIASAT-1----------------
1 37843U 11059A   21213.23218987 -.00000023  00000-0  00000+0 0  9995
2 37843   0.0228  83.0406 0002527  54.6368 140.8481  1.00270501 36414
ASIASAT-7---------------
1 37933U 11069A   21212.93816984 -.00000334  00000-0  00000-0 0  9999
2 37933   0.0142 132.9840 0001656 340.9054 279.0973  1.00274195 35604
BEIDOU-10---------------
1 37948U 11073A   21212.73883322 -.00000159  00000-0  00000-0 0  9993
2 37948  50.8857 293.0957 0077142 215.4145 162.8459  1.00283530 35548
LUCH-5A-----------------
1 37951U 11074B   21213.03556198 -.00000050  00000-0  00000+0 0  9999
2 37951   4.2239 104.3640 0005430   1.7991  23.3856  1.00271235 35336
NIGCOMSAT-1R------------
1 38014U 11077A   21213.06230036  .00000145  00000-0  00000+0 0  9990
2 38014   0.0038 236.1027 0002128 223.6954 275.0105  1.00270319 35173
FENGYUN-2F--------------
1 38049U 12002A   21212.93939115 -.00000358  00000-0  00000-0 0  9994
2 38049   3.0179  81.9207 0002661  62.9396 254.8630  1.00261154 35021
WGS-F4-(USA-233)--------
1 38070U 12003A   21213.01546373 -.00000214  00000-0  00000+0 0  9999
2 38070   0.0165  99.1699 0000238 130.2533 174.3944  1.00269766 34865
SES-4-------------------
1 38087U 12007A   21212.84098903 -.00000168  00000-0  00000-0 0  9991
2 38087   0.0114  25.9199 0002472 106.7803  97.7175  1.00272135 34384
BEIDOU-11---------------
1 38091U 12008A   21212.92883559  .00000056  00000-0  00000-0 0  9990
2 38091   1.6451  68.9051 0007244 340.7444 293.1920  1.00274186 34611
MUOS-1------------------
1 38093U 12009A   21212.89725619 -.00000127  00000-0  00000-0 0  9991
2 38093   2.6470  22.2669 0053843   3.5894 146.9005  1.00271243 34588
INTELSAT-22-(IS-22)-----
1 38098U 12011A   21213.07479903 -.00000058  00000-0  00000+0 0  9994
2 38098   0.0283  89.1216 0002759  41.1975 278.6077  1.00272896 34199
APSTAR-7----------------
1 38107U 12013A   21213.07479903 -.00000101  00000-0  00000+0 0  9996
2 38107   0.0129 112.1497 0003289  28.2686 272.8919  1.00272006 34319
YAHSAT-1B---------------
1 38245U 12016A   21213.01230062  .00000127  00000-0  00000+0 0  9994
2 38245   0.0158  92.6234 0002040  20.4346 248.8061  1.00273450 34063
AEHF-2-(USA-235)--------
1 38254U 12019A   21212.98763985 -.00000276  00000-0  00000+0 0  9993
2 38254   2.7055  57.2354 0008705  58.8946 121.5834  1.00266577 33812
JCSAT-13----------------
1 38331U 12023A   21212.88455083 -.00000356  00000-0  00000+0 0  9999
2 38331   0.0157 108.8149 0002460  39.6200 243.7149  1.00271984 33712
VINASAT-2---------------
1 38332U 12023B   21212.87160883 -.00000329  00000-0  00000-0 0  9991
2 38332   0.0426 273.4122 0002034 220.6422 261.2546  1.00273208 28796
NIMIQ-6-----------------
1 38342U 12026A   21213.18799492 -.00000173  00000-0  00000+0 0  9990
2 38342   0.0371 273.8459 0002060 215.1072 157.6179  1.00272639 33739
CHINASAT-2A-(ZX-2A)-----
1 38352U 12028A   21212.93668683 -.00000293  00000-0  00000-0 0  9996
2 38352   0.0291 159.5907 0001561 263.5183 322.1002  1.00273960 33512
INTELSAT-19-(IS-19)-----
1 38356U 12030A   21213.04355091 -.00000056  00000-0  00000+0 0  9998
2 38356   0.0222  80.5524 0003099  61.0154 349.9739  1.00270746 33653
ECHOSTAR-17-------------
1 38551U 12035A   21212.60868561 -.00000076  00000-0  00000-0 0  9995
2 38551   0.0185  84.5576 0002022  46.3397 290.5522  1.00273004 33199
METEOSAT-10-(MSG-3)-----
1 38552U 12035B   21212.84718275  .00000061  00000-0  00000-0 0  9991
2 38552   1.2166  15.2624 0001498 124.0600 124.5936  1.00276196 32991
SES-5-------------------
1 38652U 12036A   21212.84631042  .00000034  00000-0  00000-0 0  9999
2 38652   0.0516 284.1774 0001956 211.5325 123.6011  1.00272528 26639
TIANLIAN-1-03-----------
1 38730U 12040A   21213.14960225  .00000125  00000-0  00000+0 0  9993
2 38730   1.2149  95.8304 0005470 346.9671 301.3931  1.00272084 33124
INTELSAT-20-(IS-20)-----
1 38740U 12043A   21212.79535778 -.00000025  00000-0  00000-0 0  9999
2 38740   0.0168  99.7353 0001199  91.8059 112.9026  1.00270653 32883
HYLAS-2-----------------
1 38741U 12043B   21213.06230036  .00000155  00000-0  00000+0 0  9992
2 38741   0.0522 267.0041 0001784 224.1385 232.2005  1.00273051 32995
INTELSAT-21-(IS-21)-----
1 38749U 12045A   21213.10674490 -.00000284  00000-0  00000+0 0  9997
2 38749   0.0156  95.8436 0002177  42.9774 151.5341  1.00272727 32777
ASTRA-2F----------------
1 38778U 12051A   21212.92479993  .00000150  00000-0  00000-0 0  9998
2 38778   0.1038 253.2418 0002829 294.1166 123.5188  1.00267382 23251
GSAT-10-----------------
1 38779U 12051B   21213.07479903 -.00000164  00000-0  00000+0 0  9992
2 38779   0.0386 267.7079 0001560 233.1536 278.9725  1.00271198 32437
INTELSAT-23-(IS-23)-----
1 38867U 12057A   21212.91569219 -.00000284  00000-0  00000-0 0  9992
2 38867   0.0582 261.7131 0001910 243.4894  81.1632  1.00270905 32072
BEIDOU-16---------------
1 38953U 12059A   21212.35971426 -.00000176  00000-0  00000-0 0  9995
2 38953   1.2029  83.7195 0011408 299.4806 139.4281  1.00270846 32189
LUCH-5B-----------------
1 38977U 12061A   21212.33965000 -.00000140  00000-0  00000-0 0  9994
2 38977   6.6020  64.9256 0005014  48.4229 301.7499  1.00270765 32300
YAMAL-300K--------------
1 38978U 12061B   21212.93930590  .00000071  00000-0  00000-0 0  9999
2 38978   0.0156  21.7492 0000645 324.1128 124.9941  1.00272202 31785
STAR-ONE-C3-------------
1 38991U 12062A   21213.18243766 -.00000248  00000-0  00000+0 0  9991
2 38991   0.0124   4.6067 0002114 133.6160 162.4611  1.00273396 31994
EUTELSAT-21B------------
1 38992U 12062B   21212.92142053  .00000130  00000-0  00000-0 0  9990
2 38992   0.0654   3.9731 0002872 121.8294 177.2560  1.00269373 31976
ECHOSTAR-16-------------
1 39008U 16039B   21213.10674490 -.00000281  00000-0  00000+0 0  9990
2 39008   0.0171  80.7145 0002016  48.5412 157.5852  1.00271979 31945
CHINASAT-12-(ZX-12)-----
1 39017U 12067A   21212.93938128 -.00000207  00000-0  00000-0 0  9997
2 39017   0.0141 103.3699 0002865  33.3104 238.7398  1.00273603 31640
EUTELSAT-70B------------
1 39020U 12069A   21212.94493581 -.00000043  00000-0  00000-0 0  9991
2 39020   0.0716 331.5212 0004723 198.7601 190.1682  1.00270566 31643
YAMAL-402---------------
1 39022U 12070A   21212.91924574  .00000086  00000-0  00000-0 0  9999
2 39022   0.0248 114.3972 0002333  18.1219 203.0388  1.00271828 31526
SKYNET-5D---------------
1 39034U 12075A   21212.92761428  .00000099  00000-0  00000-0 0  9999
2 39034   0.0745 351.0527 0003202 152.0102 193.4234  1.00268781 31304
MEXSAT-3----------------
1 39035U 12075B   21213.14215885 -.00000024  00000-0  00000+0 0  9994
2 39035   0.0123  65.9264 0001923  80.8342  99.5808  1.00268812 31618
TDRS-11-----------------
1 39070U 13004A   21212.88225163  .00000083  00000-0  00000-0 0  9991
2 39070   3.2754 338.3130 0005460  83.0669  31.5378  1.00274702 28831
AMAZONAS-3--------------
1 39078U 13006A   21212.98779230 -.00000282  00000-0  00000+0 0  9992
2 39078   0.0527 252.3047 0003357 280.6166  71.4883  1.00273641 31103
AZERSPACE-1-------------
1 39079U 13006B   21213.05674597  .00000134  00000-0  00000+0 0  9997
2 39079   0.0405 264.8770 0001437 245.6210 225.7794  1.00270620 31073
SBIRS-GEO-2-(USA-241)---
1 39120U 13011A   21212.92124608  .00000122  00000-0  00000-0 0  9996
2 39120   1.8714   3.6170 0002308 123.7535 174.7293  1.00273830 30677
EUTELSAT-117-WEST-A-----
1 39122U 13012A   21212.89385399 -.00000013  00000-0  00000-0 0  9991
2 39122   0.0255 328.7192 0002820 168.2528  17.7337  1.00273062 30582
ANIK-G1-----------------
1 39127U 13014A   21212.89577318 -.00000074  00000-0  00000-0 0  9999
2 39127   0.0167 134.6018 0002732  11.9998  18.2862  1.00272346 30399
CHINASAT-11-(ZX-11)-----
1 39157U 13020A   21211.50110784 -.00000294  00000-0  00000+0 0  9999
2 39157   0.0538 263.8174 0001613 182.8721 140.0174  1.00269532 30271
EUTELSAT-7B-------------
1 39163U 13022A   21212.84674660  .00000048  00000-0  00000-0 0  9991
2 39163   0.0646   3.7515 0002485  39.5065 218.2276  1.00273450 30113
WGS-F5-(USA-243)--------
1 39168U 13024A   21212.47599976 -.00000285  00000-0  00000+0 0  9996
2 39168   0.0166  94.5472 0000466 125.8212 207.7863  1.00271298 29969
SES-6-------------------
1 39172U 13026A   21212.83723788 -.00000261  00000-0  00000-0 0  9998
2 39172   0.0536 282.9706 0002588 208.9815  78.6099  1.00271807 29868
IRNSS-1A----------------
1 39199U 13034A   21210.75535302  .00000065  00000-0  00000+0 0  9998
2 39199  31.7162  90.3515 0018868 178.5484   5.6843  1.00273281 29768
MUOS-2------------------
1 39206U 13036A   21213.16993878  .00000065  00000-0  00000+0 0  9993
2 39206   2.5463  11.5252 0056682 176.7419   5.8739  1.00273303 29440
ALPHASAT----------------
1 39215U 13038A   21213.06785733  .00000135  00000-0  00000+0 0  9991
2 39215   2.5970  16.6285 0002352 135.0245 207.5062  1.00272845 29401
INSAT-3D----------------
1 39216U 13038B   21212.93938128 -.00000156  00000-0  00000-0 0  9990
2 39216   0.0673 276.0004 0001552 236.0000 218.0233  1.00271722 29239
WGS-F6-(USA-244)--------
1 39222U 13041A   21213.20465918  .00000090  00000-0  00000+0 0  9999
2 39222   0.0184  66.0983 0000333 151.3978  30.9847  1.00272232 29201
ES'HAIL-1---------------
1 39233U 13044A   21212.92220566  .00000144  00000-0  00000-0 0  9991
2 39233   0.0483  29.9976 0001734 106.3197 170.9160  1.00274787 28775
GSAT-7------------------
1 39234U 13044B   21213.07479903 -.00000077  00000-0  00000+0 0  9995
2 39234   0.0527 106.0758 0006143 144.3301 160.4201  1.00272077 29049
AMOS-4------------------
1 39237U 13045A   21212.93005690  .00000007  00000-0  00000-0 0  9994
2 39237   0.0133 234.4498 0001845 236.5012 238.6429  1.00273193 29094
AEHF-3-(USA-246)--------
1 39256U 13050A   21212.88424932 -.00000158  00000-0  00000+0 0  9996
2 39256   0.9969  60.2635 0026742 190.9106 156.6434  1.00924040 28828
ASTRA-2E----------------
1 39285U 13056A   21212.90257726  .00000150  00000-0  00000-0 0  9994
2 39285   0.0598 348.5893 0002816 133.3707 181.1549  1.00269338 28575
FM-6--------------------
1 39360U 13058A   21213.14215885 -.00000016  00000-0  00000+0 0  9998
2 39360   0.0432 265.6812 0000619 112.7699 226.5308  1.00271806 28486
RADUGA-1M-3-------------
1 39375U 13062A   21212.38591036  .00000153  00000-0  00000-0 0  9991
2 39375   1.4302  93.4132 0001070 329.8007  59.8581  1.00273990 28263
SES-8-------------------
1 39460U 13071A   21212.82966043 -.00000270  00000-0  00000-0 0  9990
2 39460   0.0570 256.9956 0002478 214.4017 231.9335  1.00272253 26587
INMARSAT-5-F1-----------
1 39476U 13073A   21212.99424426  .00000029  00000-0  00000+0 0  9991
2 39476   0.0233  77.7388 0000422 170.2534 122.3499  1.00266961 28077
TKSAT-1-(TUPAC-KATARI)--
1 39481U 13075A   21212.89978604 -.00000194  00000-0  00000-0 0  9995
2 39481   0.0063 252.9889 0002334 235.7266  57.7293  1.00273309 27739
EXPRESS-AM5-------------
1 39487U 13077A   21212.64047391 -.00000281  00000-0  00000+0 0  9992
2 39487   0.0422 247.8203 0001035 152.7139 279.5194  1.00270982 28482
GSAT-14-----------------
1 39498U 14001A   21213.07479903 -.00000076  00000-0  00000+0 0  9990
2 39498   0.0161  89.5398 0002920 138.0159 183.2542  1.00272374 27724
THAICOM-6---------------
1 39500U 14002A   21213.07479903 -.00000121  00000-0  00000+0 0  9996
2 39500   0.0430 130.5578 0004974   8.6749 276.0635  1.00273915 27661
TDRS-12-----------------
1 39504U 14004A   21212.85023280 -.00000266  00000-0  00000-0 0  9991
2 39504   4.1723 342.3880 0003794 153.9305  78.5435  1.00275172 26417
ABS-2-------------------
1 39508U 14006A   21212.94493581 -.00000086  00000-0  00000-0 0  9992
2 39508   0.0345 304.9342 0003214 159.1794 260.7229  1.00272415 27425
ATHENA-FIDUS------------
1 39509U 14006B   21212.92445273  .00000154  00000-0  00000-0 0  9991
2 39509   0.0136  96.7572 0000907  19.1942 204.3788  1.00272655 27218
TURKSAT-4A--------------
1 39522U 14007A   21212.92552063  .00000146  00000-0  00000-0 0  9994
2 39522   0.0566 263.3671 0002363 300.2986 121.2461  1.00272313 27128
EXPRESS-AT1-------------
1 39612U 14010A   21213.01177979  .00000079  00000-0  00000+0 0  9992
2 39612   0.0384 253.1760 0000359 340.3928 136.5064  1.00273256 27198
EXPRESS-AT2-------------
1 39613U 14010B   21213.10542147 -.00000281  00000-0  00000+0 0  9992
2 39613   0.0576 251.9976 0000452  19.9714 215.7429  1.00271095 27029
AMAZONAS-4A-------------
1 39616U 14011A   21213.17688337 -.00000252  00000-0  00000+0 0  9993
2 39616   0.1152  83.7962 0003454  64.9840 150.9288  1.00273122 27008
ASTRA-5B----------------
1 39617U 14011B   21212.89146590  .00000155  00000-0  00000-0 0  9994
2 39617   0.0356  55.0068 0003856  81.3026 165.7991  1.00273039 26807
IRNSS-1B----------------
1 39635U 14017A   21210.75535302  .00000101  00000-0  00000+0 0  9996
2 39635  28.9840 270.4676 0022530 188.1797 175.9633  1.00273063 26929
LUCH-5V-----------------
1 39727U 14023A   21212.93938128 -.00000269  00000-0  00000-0 0  9997
2 39727   0.7804  62.2850 0004279  63.9180 256.4527  1.00273963 26494
KAZSAT-3----------------
1 39728U 14023B   21212.69846368  .00000060  00000-0  00000-0 0  9993
2 39728   0.0452 254.8866 0000473 291.9043  72.6530  1.00272528 24582
EUTELSAT-3B-------------
1 39773U 14030A   21212.84596146  .00000020  00000-0  00000-0 0  9990
2 39773   0.0612   4.1740 0004862 150.7761 102.3536  1.00271067 26207
USA-254-----------------
1 40100U 14043B   21211.44466618 -.00000010  00000-0  00000+0 0  9994
2 40100   0.1115 100.1489 0003261 357.5721 185.4431  1.00156151   871
ASIASAT-8-(AMOS-7)------
1 40107U 14046A   21212.84456568 -.00000033  00000-0  00000-0 0  9998
2 40107   0.0586 262.4726 0002329 203.4785 143.8534  1.00272055 84290
ASIASAT-6---------------
1 40141U 14052A   21212.94104862 -.00000362  00000-0  00000-0 0  9996
2 40141   0.0435 263.5739 0000654 219.1175 285.7573  1.00271727 25304
OPTUS-10----------------
1 40146U 14054A   21213.12505109 -.00000146  00000-0  00000+0 0  9992
2 40146   0.0378 317.2425 0003949 187.0114   6.7191  1.00273076 25261
MEASAT-3B---------------
1 40147U 14054B   21212.93938128 -.00000242  00000-0  00000-0 0  9990
2 40147   0.0423 322.6278 0001281 190.4985 226.3278  1.00272581 25042
LUCH-(OLYMP)------------
1 40258U 14058A   21212.90407593  .00000072  00000-0  00000-0 0  9991
2 40258   0.0631 247.6194 0001118 232.7948 211.6927  1.00274873 23139
HIMAWARI-8--------------
1 40267U 14060A   21212.88424932 -.00000275  00000-0  00000-0 0  9993
2 40267   0.0432 263.3341 0000863 255.3039 250.0277  1.00274168 24891
IRNSS-1C----------------
1 40269U 14061A   21212.89546381 -.00000162  00000-0  00000-0 0  9995
2 40269   2.3566 145.5021 0021588  16.0171 193.5433  1.00273378 24828
INTELSAT-30-(IS-30)-----
1 40271U 14062A   21212.61104098 -.00000151  00000-0  00000-0 0  9992
2 40271   0.0114  58.5921 0001707  12.5968   3.1599  1.00273108 24722
ARSAT-1-----------------
1 40272U 14062B   21212.90283931 -.00000260  00000-0  00000+0 0  9999
2 40272   0.0478 269.5880 0001515 229.8719  63.4715  1.00272868 25023
EXPRESS-AM6-------------
1 40277U 14064A   21213.01230063  .00000098  00000-0  00000+0 0  9995
2 40277   0.0420 253.7356 0000797 312.9855 160.5369  1.00274004 24818
GSAT-16-----------------
1 40332U 14078A   21212.91924574  .00000085  00000-0  00000-0 0  9994
2 40332   0.0893 274.2945 0007052 179.6463 241.8027  1.00272549 24243
DIRECTV-14--------------
1 40333U 14078B   21212.89734343 -.00000125  00000-0  00000-0 0  9991
2 40333   0.0285 110.9868 0000288 258.8460 163.6917  1.00272458 24192
YAMAL-401---------------
1 40345U 14082A   21212.23527514 -.00000229  00000-0  00000+0 0  9991
2 40345   0.0243  58.8171 0000406 229.8577 194.9855  1.00268743 24544
ASTRA-2G----------------
1 40364U 14089A   21213.06785733  .00000150  00000-0  00000+0 0  9992
2 40364   0.0272   2.6246 0003685  81.5855 278.2698  1.00273975 24163
FENGYUN-2G--------------
1 40367U 14090A   21212.93703578 -.00000304  00000-0  00000-0 0  9992
2 40367   1.1377  92.2177 0001371 284.2649  10.2588  1.00277547 24177
MUOS-3------------------
1 40374U 15002A   21212.84238479 -.00000129  00000-0  00000-0 0  9992
2 40374   2.5627   0.3274 0057860 176.2191  60.8642  1.00270988 23726
INMARSAT-5-F2-----------
1 40384U 15005A   21212.98793714 -.00000285  00000-0  00000+0 0  9991
2 40384   0.0195  78.6847 0000375 191.3619 340.4206  1.00272113 23811
ABS-3A------------------
1 40424U 15010A   21212.91653532 -.00000026  00000-0  00000-0 0  9992
2 40424   0.0137  66.5654 0002449 340.1675 229.9461  1.00271068 23546
EUTELSAT-115-WEST-B-----
1 40425U 15010B   21212.89420295 -.00000024  00000-0  00000-0 0  9996
2 40425   0.0075 189.6404 0000058 198.7498 128.3357  1.00271300 23547
EXPRESS-AM7-------------
1 40505U 15012A   21212.78243860  .00000150  00000-0  00000-0 0  9995
2 40505   0.0270  69.3543 0003250  59.1422 142.8200  1.00275899 23494
IRNSS-1D----------------
1 40547U 15018A   21213.08035354 -.00000268  00000-0  00000+0 0  9998
2 40547  29.2309 270.4883 0021015 189.1319 351.0681  1.00274669 23385
BEIDOU-17---------------
1 40549U 15019A   21213.21224120 -.00000179  00000-0  00000+0 0  9998
2 40549  52.4230 316.4745 0039793 188.5772 334.9452  1.00256300 23225
THOR-7------------------
1 40613U 15022A   21212.84517633 -.00000008  00000-0  00000-0 0  9998
2 40613   0.0146 144.2331 0002478 350.8275 118.2006  1.00272397 22964
TURKMENALEM52E/MONACOSAT
1 40617U 15023A   21212.89702031  .00000104  00000-0  00000-0 0  9992
2 40617   0.0171  86.3120 0002572  51.8875 186.4611  1.00270185 22970
DIRECTV-15--------------
1 40663U 15026A   21212.89664556 -.00000103  00000-0  00000+0 0  9994
2 40663   0.0167  93.1465 0000453 234.6079 201.8968  1.00273017 22678
SKY-MEXICO-1------------
1 40664U 15026B   21212.90144352 -.00000234  00000-0  00000-0 0  9990
2 40664   0.0146  46.8570 0001967  93.3197  55.2982  1.00271852 22616
METEOSAT-11-(MSG-4)-----
1 40732U 15034A   21212.84526358 -.00000005  00000-0  00000-0 0  9994
2 40732   0.1978 131.2951 0000505 353.5409 128.7797  1.00273959 22162
STAR-ONE-C4-------------
1 40733U 15034B   21212.98758649 -.00000265  00000-0  00000+0 0  9997
2 40733   0.0279 344.1965 0002156 130.7027 120.4368  1.00271434 22159
WGS-F7-(USA-263)--------
1 40746U 15036A   21213.11507865  .00000018  00000-0  00000+0 0  9996
2 40746   0.0146  85.4682 0000186 106.3867 334.5033  1.00272440 22019
INTELSAT-34-(IS-34)-----
1 40874U 15039A   21213.10674490 -.00000285  00000-0  00000+0 0  9996
2 40874   0.0425 267.8974 0000532 110.3480 274.6164  1.00268623 21759
EUTELSAT-8-WEST-B-------
1 40875U 15039B   21213.08452221 -.00000065  00000-0  00000+0 0  9996
2 40875   0.0675 349.7555 0005142 113.4173 229.1601  1.00271183 21821
GSAT-6------------------
1 40880U 15041A   21213.07479903 -.00000160  00000-0  00000+0 0  9996
2 40880   0.1252 277.8334 0004453 228.0642 273.4671  1.00273653 21769
INMARSAT-5-F3-----------
1 40882U 15042A   21212.80940961  .00000050  00000-0  00000-0 0  9994
2 40882   0.0233  79.8424 0000311 217.9315 122.8363  1.00269023 21707
MUOS-4------------------
1 40887U 15044A   21213.00855920 -.00000091  00000-0  00000+0 0  9999
2 40887   2.6286 355.6640 0051506   1.9202  30.3601  1.00272372 21698
TJS-1-------------------
1 40892U 15046A   21212.81193069 -.00000157  00000-0  00000-0 0  9998
2 40892   0.0371 129.2133 0002143 302.0100 325.6728  1.00269836 21699
EXPRESS-AM8-------------
1 40895U 15048A   21212.91435442 -.00000111  00000-0  00000-0 0  9998
2 40895   0.0423 259.1592 0000135 185.0198 180.7195  1.00272428 21517
BEIDOU-20---------------
1 40938U 15053A   21213.16463014 -.00000126  00000-0  00000+0 0  9991
2 40938  51.9930 279.5510 0048484 193.9043 352.3711  1.00273612 21488
SKY-MUSTER-1-(NBN1A)----
1 40940U 15054A   21212.72976319 -.00000279  00000-0  00000-0 0  9993
2 40940   0.0090  74.7993 0001695  57.5994 220.1263  1.00270408 21390
ARSAT-2-----------------
1 40941U 15054B   21212.90100734 -.00000224  00000-0  00000-0 0  9994
2 40941   0.0453 267.8731 0001735 216.0324  69.1692  1.00272742 21461
MORELOS-3---------------
1 40946U 15056A   21212.99424418 -.00000039  00000-0  00000+0 0  9991
2 40946   4.1839 331.0201 0003541 181.6754  41.9414  1.00271987 21411
APSTAR-9----------------
1 40982U 15059A   21213.26716221 -.00000265  00000-0  00000+0 0  9992
2 40982   0.0234 164.1611 0002267 318.3373  65.7524  1.00271010 21294
TURKSAT-4B--------------
1 40984U 15060A   21212.92709087  .00000115  00000-0  00000-0 0  9994
2 40984   0.0155  69.1484 0001962  75.0040 189.3120  1.00273291 21242
CHINASAT-2C-(ZX-2C)-----
1 41021U 15063A   21212.79423054 -.00000324  00000-0  00000-0 0  9995
2 41021   0.0458 255.6285 0001713 202.9181 240.4321  1.00271695 21140
GSAT-15-----------------
1 41028U 15065A   21212.93938128 -.00000258  00000-0  00000-0 0  9999
2 41028   0.1210 277.7995 0003044 177.9845 285.6485  1.00271276 20948
BADR-7-(ARABSAT-6B)-----
1 41029U 15065B   21212.92229289  .00000145  00000-0  00000-0 0  9994
2 41029   0.0402 245.3344 0005066 325.1559  97.2509  1.00273868 20904
LAOSAT-1----------------
1 41034U 15067A   21212.87392152 -.00000343  00000-0  00000+0 0  9996
2 41034   0.0283 211.3150 0001031 277.8129 263.6700  1.00269792 20980
TELSTAR-12V-------------
1 41036U 15068A   21213.08452221 -.00000118  00000-0  00000+0 0  9997
2 41036   0.0095  58.0503 0003832  18.9194 248.3592  1.00273518 20865
CHINASAT-1C-(ZX-1C)-----
1 41103U 15073A   21212.93337186 -.00000152  00000-0  00000-0 0  9992
2 41103   2.6014  88.5229 0002346  17.4640 261.1711  1.00272494 20791
ELEKTRO-L-2-------------
1 41105U 15074A   21212.91426719 -.00000118  00000-0  00000-0 0  9996
2 41105   2.1893  91.9909 0002645  55.6178 116.7062  1.00270065 20659
COSMOS-2513-------------
1 41121U 15075A   21212.94493581 -.00000138  00000-0  00000-0 0  9991
2 41121   0.0510 115.1660 0002453  27.9246 227.0873  1.00272356 20660
EXPRESS-AMU1------------
1 41191U 15082A   21213.06230036  .00000156  00000-0  00000+0 0  9992
2 41191   0.0121  93.4305 0002824  49.1697 225.7784  1.00272862 20654
GAOFEN-4----------------
1 41194U 15083A   21212.90049417 -.00000334  00000-0  00000-0 0  9999
2 41194   0.0399 249.7474 0001868 302.2641 187.5941  1.00269209 20635
BELINTERSAT-1-----------
1 41238U 16001A   21213.05674597  .00000107  00000-0  00000+0 0  9995
2 41238   0.0218 273.1108 0001499 194.4426 274.2345  1.00272168 20394
IRNSS-1E----------------
1 41241U 16003A   21212.58868789 -.00000316  00000-0  00000+0 0  9999
2 41241  29.2674  89.6596 0019291 176.3926   7.0481  1.00275738 20334
EUTELSAT-9B-------------
1 41310U 16005A   21212.91889069  .00000062  00000-0  00000-0 0  9997
2 41310   0.0473  73.0659 0002627 162.9548  53.4994  1.00270981 20258
SES-9-------------------
1 41380U 16013A   21212.71725221 -.00000346  00000-0  00000-0 0  9996
2 41380   0.0473 267.7623 0001854 203.2205 205.0660  1.00271625 19572
EUTELSAT-65-WEST-A------
1 41382U 16014A   21213.17688337 -.00000275  00000-0  00000+0 0  9996
2 41382   0.0478  29.0564 0001779 100.1291 179.2846  1.00271108 19785
IRNSS-1F----------------
1 41384U 16015A   21212.84771406  .00000160  00000-0  00000+0 0  9994
2 41384   1.9528 183.8239 0018504 191.1304 272.4130  1.00278916 19810
BEIDOU-IGSO-6-----------
1 41434U 16021A   21212.93292065 -.00000147  00000-0  00000+0 0  9992
2 41434  57.6204  56.1748 0038469 211.1322 113.0375  1.00260535 19614
IRNSS-1G----------------
1 41469U 16027A   21212.87835115 -.00000334  00000-0  00000-0 0  9997
2 41469   1.9267 187.4205 0005027 279.6921 288.2054  1.00278062 19317
JCSAT-2B----------------
1 41471U 16028A   21212.51717510 -.00000166  00000-0  00000+0 0  9992
2 41471   0.0191  82.8579 0002019  50.8519 155.8145  1.00273418 19228
THAICOM-8---------------
1 41552U 16031A   21213.07479903 -.00000121  00000-0  00000+0 0  9990
2 41552   0.0789  79.4266 0003338  12.5326 323.4230  1.00271821 18922
INTELSAT-31-(IS-31)-----
1 41581U 16035A   21212.43206571 -.00000152  00000-0  00000-0 0  9999
2 41581   0.0291 218.1208 0001457   7.8609 143.7582  1.00273417 18736
BEIDOU-2-G7-------------
1 41586U 16037A   21213.15500284 -.00000354  00000-0  00000+0 0  9997
2 41586   1.7926  68.1274 0008417  19.3306  28.8322  1.00271438 18922
ABS-2A-(MONGOLSAT-1)----
1 41588U 16038A   21213.07479903 -.00000083  00000-0  00000+0 0  9993
2 41588   0.0093  88.3916 0001842 313.3486   9.7746  1.00272462 18846
EUTELSAT-117-WEST-B-----
1 41589U 16038B   21212.89376677 -.00000011  00000-0  00000-0 0  9999
2 41589   0.0020 223.2826 0000203 338.9786 312.2180  1.00271785 18811
BRISAT------------------
1 41591U 16039A   21213.07985552 -.00000195  00000-0  00000+0 0  9994
2 41591   0.0097  65.8066 0001946  64.7329 358.6136  1.00273171 18788
ECHOSTAR-18-------------
1 41592U 16039B   21212.83313778 -.00000282  00000-0  00000-0 0  9991
2 41592   0.0187  86.6978 0001527  51.9938  49.5259  1.00271283 18774
MUOS-5------------------
1 41622U 16041A   21212.39530091 -.00000147  00000-0  00000-0 0  9998
2 41622   6.3504 303.5712 0203238 226.9631 176.0002  1.00272912 19227
TIANTONG-1-1------------
1 41725U 16048A   21212.93729748 -.00000315  00000-0  00000+0 0  9994
2 41725   2.4962 345.1598 0002703 129.8777 273.5269  1.00269328 18400
JCSAT-16----------------
1 41729U 16050A   21212.87204501 -.00000300  00000-0  00000-0 0  9994
2 41729   0.0729  92.7787 0000188  88.6311 215.9332  1.00414840 18205
USA-271-----------------
1 41745U 16052B   21211.43428510 -.00000364  00000-0  00000+0 0  9992
2 41745   1.0455  95.9289 0000469 124.7096   6.5498  1.00082083   866
INTELSAT-36-(IS-36)-----
1 41747U 16053A   21212.79526139 -.00000025  00000-0  00000-0 0  9996
2 41747   0.0080  34.4356 0002709 339.5942 290.3629  1.00271714 18105
INTELSAT-33E-(IS-33E)---
1 41748U 16053B   21213.06854691  .00000050  00000-0  00000+0 0  9991
2 41748   0.0222 358.3089 0001822 142.5835 253.6493  1.00272707 18365
INSAT-3DR---------------
1 41752U 16054A   21213.07479903 -.00000076  00000-0  00000+0 0  9996
2 41752   0.1063  99.3292 0009963 165.0167 146.4642  1.00271800 17945
GSAT-18-----------------
1 41793U 16060A   21213.07479903 -.00000076  00000-0  00000+0 0  9998
2 41793   0.0796  98.4364 0002404 333.8515 338.5148  1.00272189 17673
SKY-MUSTER-2-(NBN1B)----
1 41794U 16060B   21212.94602108 -.00000244  00000-0  00000+0 0  9996
2 41794   0.0034 261.0012 0001429 227.1940 306.9280  1.00270887 17714
HIMAWARI-9--------------
1 41836U 16064A   21212.88424932 -.00000275  00000-0  00000-0 0  9992
2 41836   0.0157  71.3544 0000334  72.1108 265.3143  1.00270930 17329
SHIJIAN-17-(SJ-17)------
1 41838U 16065A   21212.93779471 -.00000364  00000-0  00000-0 0  9991
2 41838   1.2294  92.7165 0003366  28.6536 283.4831  1.00275901 17341
GOES-16-----------------
1 41866U 16071A   21212.90214140 -.00000248  00000-0  00000-0 0  9994
2 41866   0.1069 101.5147 0001364  66.9255  30.8320  1.00270460 17250
TIANLIAN-1-04-----------
1 41869U 16072A   21212.80995431  .00000032  00000-0  00000-0 0  9996
2 41869   0.1924 264.1468 0025385 205.0565 308.8357  1.00273989 17453
WGS-F8-(USA-272)--------
1 41879U 16075A   21212.81344399 -.00000203  00000-0  00000-0 0  9993
2 41879   0.0155  57.7707 0000280  65.4901 269.0320  1.00271651 16967
FENGYUN-4A--------------
1 41882U 16077A   21212.93799537 -.00000329  00000-0  00000-0 0  9999
2 41882   0.0787  81.8773 0002256  50.5378 259.6098  1.00265705 17120
ECHOSTAR-19-------------
1 41893U 16079A   21212.89777961 -.00000138  00000-0  00000-0 0  9993
2 41893   0.0149  91.7121 0001273  45.0221  39.0909  1.00271221 16844
JCSAT-15----------------
1 41903U 16082A   21213.08035354 -.00000350  00000-0  00000+0 0  9999
2 41903   0.0183  88.0289 0001346  49.8934 310.9717  1.00271722 16925
STAR-ONE-D1-------------
1 41904U 16082B   21212.90039670 -.00000211  00000-0  00000+0 0  9991
2 41904   0.0099  31.8955 0002498 104.6302  53.3368  1.00273044 16925
TJS-2-------------------
1 41911U 17001A   21212.92271814 -.00000005  00000-0  00000-0 0  9993
2 41911   0.4379 282.8895 0005598 254.0400 171.4708  1.00270466 16871
SBIRS-GEO-4-(USA-273)---
1 41937U 17004A   21212.81359694  .00000133  00000-0  00000-0 0  9996
2 41937   2.9690 313.9784 0002311 181.9690 307.1766  1.00272814 16741
HISPASAT-36W-1----------
1 41942U 17006A   21213.09563358 -.00000244  00000-0  00000+0 0  9992
2 41942   0.0044  25.0638 0001045 105.7420 177.5345  1.00272532 16666
TELKOM-3S---------------
1 41944U 17007A   21212.94061244 -.00000363  00000-0  00000-0 0  9998
2 41944   0.0204  95.2026 0002261  36.3829 274.8010  1.00272608 16270
INTELSAT-32E-(IS-32E)---
1 41945U 17007B   21213.10118795 -.00000269  00000-0  00000+0 0  9996
2 41945   0.0190  81.0275 0000376 271.7767 310.3616  1.00268772 16382
ECHOSTAR-23-------------
1 42070U 17014A   21212.91394682 -.00000270  00000-0  00000-0 0  9996
2 42070   0.0189  80.8047 0002017  45.8304  84.2135  1.00271506 16073
WGS-F9-(USA-275)--------
1 42075U 17016A   21212.39146454 -.00000097  00000-0  00000-0 0  9994
2 42075   0.0356  94.1175 0000455  95.4347 248.6074  1.00272759 16031
SES-10------------------
1 42432U 17017A   21213.17688337 -.00000272  00000-0  00000+0 0  9994
2 42432   0.0171  38.6569 0002735  90.9911 177.1256  1.00273793 15860
CHINASAT-16-(SJ-13)-----
1 42662U 17018A   21212.97827230 -.00000352  00000-0  00000+0 0  9993
2 42662   0.0157  55.2649 0005569 163.8032 193.4153  1.00275069 15882
KOREASAT-7--------------
1 42691U 17023A   21212.88938491 -.00000362  00000-0  00000-0 0  9995
2 42691   0.0149 359.4593 0000722 113.3170 272.9971  1.00274597 15517
SGDC--------------------
1 42692U 17023B   21212.34915273 -.00000250  00000-0  00000-0 0  9996
2 42692   0.0111  64.5006 0002147  71.9988 223.5058  1.00270791 15542
GSAT-9------------------
1 42695U 17024A   21213.06924194 -.00000285  00000-0  00000+0 0  9999
2 42695   0.0930 280.3742 0002506 205.9347 305.7956  1.00269818 15577
INMARSAT-5-F4-----------
1 42698U 17025A   21212.75099591  .00000075  00000-0  00000-0 0  9999
2 42698   0.0191  77.5560 0000189 150.6523  48.1964  1.00273052 15404
SES-15------------------
1 42709U 17026A   21212.67602587  .00000060  00000-0  00000-0 0  9993
2 42709   0.0154  12.2521 0000455 136.9529 274.5074  1.00268809 16286
QZS-2-(MICHIBIKI-2)-----
1 42738U 17028A   21212.46716039 -.00000163  00000-0  00000-0 0  9997
2 42738  42.3070 268.6976 0755834 269.5672  80.1506  1.00275438 15270
VIASAT-2----------------
1 42740U 17029A   21212.90318823 -.00000265  00000-0  00000-0 0  9992
2 42740   0.0236 293.9244 0000212 304.8896 326.1512  1.00271880 15324
EUTELSAT-172B-----------
1 42741U 17029B   21213.14148858 -.00000005  00000-0  00000+0 0  9990
2 42741   0.0295 202.3198 0000130  30.1539 300.4159  1.00272365 15842
GSAT-19-----------------
1 42747U 17031A   21212.92665469  .00000125  00000-0  00000-0 0  9999
2 42747   0.0506 266.3855 0007183 189.2371 235.5808  1.00271830 15270
ECHOSTAR-21-------------
1 42749U 17032A   21212.91915240  .00000070  00000-0  00000-0 0  9995
2 42749   4.6580 311.2370 0002037 172.7000 166.9571  1.00273707 15241
CHINASAT-9A-(ZX-9A)-----
1 42763U 17035A   21212.90173880 -.00000105  00000-0  00000-0 0  9999
2 42763   0.4153  97.2590 0005176 327.8974  21.0497  0.99793381 15781
BULGARIASAT-1-----------
1 42801U 17038A   21213.09096840  .00000011  00000-0  00000+0 0  9990
2 42801   0.0247  79.6685 0002576  46.1190 218.7702  1.00270564 15044
HELLAS-SAT-3------------
1 42814U 17040A   21212.92490997  .00000152  00000-0  00000-0 0  9996
2 42814   0.0597  24.5671 0003038  48.3252 248.8113  1.00270541 14951
GSAT-17-----------------
1 42815U 17040B   21213.12063434 -.00000257  00000-0  00000+0 0  9998
2 42815   0.0942 100.2978 0002497 140.4843 206.0862  1.00272242 15011
INTELSAT-35E-(IS-35E)---
1 42818U 17041A   21213.09563358 -.00000238  00000-0  00000+0 0  9997
2 42818   0.0355 241.2259 0001423 272.5475 156.0732  1.00267683 14940
COSMOS-2520-------------
1 42907U 17046A   21212.21785534  .00000135  00000-0  00000-0 0  9992
2 42907   0.0476 112.7065 0000626   7.0863 312.7156  1.00275375 14528
TDRS-13-----------------
1 42915U 17047A   21212.69949233 -.00000096  00000-0  00000-0 0  9999
2 42915   4.9476 331.2551 0018137 115.2732 103.2923  1.00272576 14481
QZS-3-(MICHIBIKI-3)-----
1 42917U 17048A   21212.87064924 -.00000348  00000-0  00000-0 0  9997
2 42917   0.0617 221.5502 0001137 322.4144 206.2119  1.00273139 14392
AMAZONAS-5--------------
1 42934U 17053A   21213.10674490 -.00000282  00000-0  00000+0 0  9990
2 42934   0.0349 316.3637 0001524 159.7764 171.2024  1.00272060 14268
ASIASAT-9---------------
1 42942U 17057A   21212.94148480 -.00000360  00000-0  00000-0 0  9997
2 42942   0.0084  94.6516 0002542  31.2834 284.8588  1.00271508 14080
INTELSAT-37E-(IS-37E)---
1 42950U 17059A   21212.84177413 -.00000141  00000-0  00000-0 0  9992
2 42950   0.0230  81.9441 0002852  69.7974  82.9578  1.00269134 14205
BSAT-4A-----------------
1 42951U 17059B   21213.08035354 -.00000350  00000-0  00000+0 0  9998
2 42951   0.0590  60.1342 0002426  33.6689 354.8550  1.00270864 14094
QZS-4-(MICHIBIKI-4)-----
1 42965U 17062A   21212.62955230 -.00000348  00000-0  00000-0 0  9998
2 42965  40.8224   6.2550 0746114 268.6564  38.5980  1.00294585 13940
SES-11-(ECHOSTAR-105)---
1 42967U 17063A   21212.68082383 -.00000089  00000-0  00000-0 0  9999
2 42967   0.0221  81.4309 0001989  32.8346 335.3860  1.00270121 13863
KOREASAT-5A-------------
1 42984U 17067A   21213.12965896 -.00000358  00000-0  00000+0 0  9999
2 42984   0.0335  99.8060 0001144  13.3404 356.6218  1.00273032 13774
ALCOMSAT-1--------------
1 43039U 17078A   21212.84037836 -.00000186  00000-0  00000-0 0  9995
2 43039   0.0476 158.4475 0002225 332.0769  96.8998  1.00271322 13420
SBIRS-GEO-3-(USA-282)---
1 43162U 18009A   21212.81622170 -.00000288  00000-0  00000-0 0  9998
2 43162   4.1616 317.3549 0002317 180.3308 244.7859  1.00271904 12987
AL-YAH-3----------------
1 43174U 18012A   21212.62604557 -.00000156  00000-0  00000-0 0  9997
2 43174   0.0310 273.9370 0001842 215.8669  24.9148  1.00272436 12992
SES-14------------------
1 43175U 18012B   21212.47695935 -.00000279  00000-0  00000+0 0  9996
2 43175   0.0184  58.1272 0000998  82.2240 293.1452  1.00273031 13191
GOES-17-----------------
1 43226U 18022A   21212.67445562  .00000097  00000-0  00000-0 0  9993
2 43226   0.0641 261.2998 0000482 273.1217 240.6673  1.00271944 12542
HISPASAT-30W-6----------
1 43228U 18023A   21212.83941876 -.00000216  00000-0  00000-0 0  9997
2 43228   0.0364  52.9416 0004550  53.4600 115.4571  1.00272362 12609
SUPERBIRD-8-------------
1 43271U 18033A   21212.87762812 -.00000092  00000-0  00000-0 0  9993
2 43271   0.0140 112.8954 0000913   5.0521 309.6848  1.00271809 12188
HYLAS-4-----------------
1 43272U 18033B   21213.09563358 -.00000233  00000-0  00000+0 0  9999
2 43272   0.0533 130.0217 0004438  34.9297 145.8928  1.00272256 12216
IRNSS-1I----------------
1 43286U 18035A   21212.77688131  .00000076  00000-0  00000-0 0  9992
2 43286  29.1759 102.6094 0017991 180.8127   1.0142  1.00268408 12217
USA-283-----------------
1 43339U 18036A   21211.50834841 -.00000322  00000-0  00000+0 0  9997
2 43339   0.0182  92.1417 0001031 109.9968  63.3093  1.00265374   862
COSMOS-2526-------------
1 43432U 18037A   21212.72732058 -.00000345  00000-0  00000-0 0  9990
2 43432   0.0274 105.7366 0000649 103.7383 129.9621  1.00272976 12101
APSTAR-6C---------------
1 43450U 18041A   21212.94384017 -.00000318  00000-0  00000+0 0  9996
2 43450   0.0389 244.0810 0001913 267.1820 272.2807  1.00270201 11987
BANGABANDHUSAT-1--------
1 43463U 18044A   21213.08035354 -.00000362  00000-0  00000+0 0  9995
2 43463   0.0183  94.3705 0002088  56.5236 307.0417  1.00269287 11871
SES-12------------------
1 43488U 18049A   21212.75882488 -.00000270  00000-0  00000-0 0  9997
2 43488   0.0184  63.3540 0001079 172.7907  81.6017  1.00271895 11562
FENGYUN-2H--------------
1 43491U 18050A   21212.94493581 -.00000129  00000-0  00000-0 0  9999
2 43491   0.3508 110.0300 0004361  32.4333 226.7691  1.00272643 11578
BEIDOU-IGSO-7-----------
1 43539U 18057A   21213.07074633 -.00000087  00000-0  00000+0 0  9999
2 43539  55.0640 178.5537 0039024 223.8358  44.6416  1.00255159 11297
TELSTAR-19V-------------
1 43562U 18059A   21212.90458400 -.00000279  00000-0  00000-0 0  9990
2 43562   0.0122 123.1042 0003025  22.5806  66.6812  1.00271450 11295
TELKOM-4-(MERAH-PUTIH)--
1 43587U 18064A   21213.08035354 -.00000343  00000-0  00000+0 0  9993
2 43587   0.0219  95.3324 0001153  44.1486 307.3295  1.00272767 11007
TELSTAR-18V-(APSTAR-5C)-
1 43611U 18069A   21212.86646602 -.00000294  00000-0  00000-0 0  9991
2 43611   0.0195  78.8327 0002023  57.5370 263.2408  1.00271639 10769
AZERSPACE-2-(IS-38)-----
1 43632U 18074A   21212.92613127  .00000136  00000-0  00000-0 0  9997
2 43632   0.0184  85.4234 0001383  54.2751 188.5626  1.00271830 10614
HORIZONS-3E-------------
1 43633U 18074B   21212.73552076 -.00000031  00000-0  00000-0 0  9997
2 43633   0.0023 231.4380 0000391  39.1949 112.7005  1.00270138 10475
AEHF-4-(USA-288)--------
1 43651U 18079A   21212.81534167  .00000132  00000-0  00000-0 0  9993
2 43651   3.0660 312.8327 0007143 171.0309 329.1959  1.00276417 10432
BEIDOU-3-G1-------------
1 43683U 18085A   21212.88424932 -.00000278  00000-0  00000+0 0  9991
2 43683   0.9930 221.5828 0003551   2.8735 183.5528  1.00268541 10183
GSAT-29-----------------
1 43698U 18089A   21212.99424426  .00000085  00000-0  00000+0 0  9996
2 43698   0.0451 102.2232 0001877  11.8570 248.7040  1.00274462  9964
ES'HAIL-2---------------
1 43700U 18090A   21212.92229289  .00000144  00000-0  00000-0 0  9992
2 43700   0.0225  80.9099 0001786  99.0515 127.5815  1.00270245  9819
GEO-KOMPSAT-2A----------
1 43823U 18100A   21212.98521413 -.00000343  00000-0  00000+0 0  9991
2 43823   0.0488 254.6675 0001128 340.4691 197.6027  1.00273529  9804
GSAT-11-----------------
1 43824U 18100B   21213.07479903 -.00000077  00000-0  00000+0 0  9993
2 43824   0.0299 258.3290 0007232 209.6047 302.8937  1.00272786  9772
GSAT-7A-----------------
1 43864U 18105A   21212.92271814  .00000027  00000-0  00000-0 0  9991
2 43864   0.1048 261.3295 0001846 212.6717 230.6976  1.00270624  9603
COSMOS-2533-------------
1 43867U 18107A   21212.94493581 -.00000039  00000-0  00000-0 0  9999
2 43867   0.0248 122.6809 0000143 133.3997 103.8577  1.00273013  9552
TJS-3-------------------
1 43874U 18110A   21212.89340212 -.00000210  00000-0  00000-0 0  9998
2 43874   0.3727  93.2428 0007281  14.7293 251.0237  1.00276746  9551
TJS-3-AKM---------------
1 43917U 18110C   21212.92892282  .00000057  00000-0  00000-0 0  9997
2 43917   0.1834 272.3408 0005688 264.4089 166.3770  1.00272371  9505
CHINASAT-2D-(ZX-2D)-----
1 43920U 19001A   21212.94305506 -.00000337  00000-0  00000-0 0  9993
2 43920   0.0274 163.9503 0001519 249.6970   5.6202  1.00270467  9497
HELLAS-SAT-4-&-SGS-1----
1 44034U 19007A   21212.85311480  .00000152  00000-0  00000-0 0  9998
2 44034   0.0700 120.6540 0006141  26.6605 148.4741  1.00271300  9494
GSAT-31-----------------
1 44035U 19007B   21213.01230062  .00000126  00000-0  00000+0 0  9994
2 44035   0.0032  48.3744 0001528 147.1248 166.6337  1.00271767  9110
NUSANTARA-SATU----------
1 44048U 19009A   21212.94610831 -.00000234  00000-0  00000+0 0  9998
2 44048   0.0136  71.9697 0001942  59.3272 305.0807  1.00272227  8919
CHINASAT-6C-(ZX-6C)-----
1 44067U 19012A   21212.98504052 -.00000336  00000-0  00000+0 0  9997
2 44067   0.0220 229.7334 0001988  82.6985 122.0152  1.00272286  8875
WGS-10-(USA-291)--------
1 44071U 19014A   21212.78535597  .00000046  00000-0  00000-0 0  9998
2 44071   0.0145  85.1208 0000564 115.7992  91.7437  1.00270255  8765
TIANLIAN-2-01-----------
1 44076U 19017A   21212.93302292 -.00000135  00000-0  00000-0 0  9997
2 44076   1.0208 282.6178 0034405 222.0196 221.0268  1.00272072  8758
ARABSAT-6A--------------
1 44186U 19021A   21212.85145733  .00000154  00000-0  00000+0 0  9999
2 44186   0.0484 335.8618 0004332 235.0351  75.7701  1.00275093  8301
BEIDOU-3-IGSO-1---------
1 44204U 19023A   21212.34509679 -.00000213  00000-0  00000+0 0  9996
2 44204  56.0775  56.4385 0019231 188.2385 302.5920  1.00282342  8492
BEIDOU-2-G8-------------
1 44231U 19027A   21212.94593384 -.00000249  00000-0  00000-0 0  9992
2 44231   0.2576  12.0978 0006968 175.1930 247.4313  1.00267279  8217
YAMAL-601---------------
1 44307U 19031A   21212.92691640  .00000120  00000-0  00000-0 0  9990
2 44307   0.0201 104.2537 0002184  29.4764 198.7220  1.00274559  8068
AT&T-T-16---------------
1 44333U 19034A   21212.68143449 -.00000116  00000-0  00000-0 0  9990
2 44333   0.0304 278.8668 0000892 357.8146 177.2844  1.00273924  7787
EUTELSAT-7C-------------
1 44334U 19034B   21212.84674660  .00000048  00000-0  00000-0 0  9996
2 44334   0.0055 218.4051 0003001 260.5089 142.5913  1.00271257  8249
BEIDOU-3-IGSO-2---------
1 44337U 19035A   21213.13595895 -.00000085  00000-0  00000+0 0  9996
2 44337  55.0992 174.5948 0020041 194.0796  97.7377  1.00268495  7837
COSMOS-2539-------------
1 44457U 19048A   21212.91950134  .00000081  00000-0  00000-0 0  9995
2 44457   0.0470 112.4800 0000578 128.1651  52.1141  1.00274073  7361
EDRS-C------------------
1 44475U 19049A   21212.05530315  .00000152  00000-0  00000-0 0  9995
2 44475   0.0942 270.9275 0000611 175.6166 273.4503  1.00269092  7339
INTELSAT-39-(IS-39)-----
1 44476U 19049B   21212.76438216  .00000033  00000-0  00000-0 0  9999
2 44476   0.0108  63.9746 0000785 279.1166 303.6110  1.00271501  7292
AMOS-17-----------------
1 44479U 19050A   21212.92054817  .00000109  00000-0  00000-0 0  9997
2 44479   0.0377 259.0932 0002056 240.2220 158.7963  1.00271809  7321
AEHF-5-(USA-292)--------
1 44481U 19051A   21213.08888418  .00000090  00000-0  00000+0 0  9999
2 44481   5.0974 305.7458 0004626 182.1224 268.5496  1.00269950  7401
EUTELSAT-5-WEST-B-------
1 44624U 19067A   21212.84439122 -.00000042  00000-0  00000-0 0  9991
2 44624   0.0647 359.2137 0006936 123.3732 126.0576  1.00272951  6587
MEV-1-------------------
1 44625U 19067B   21212.40917705 -.00000203  00000-0  00000-0 0  9991
2 44625   0.0579 263.1183 0000840 244.2003 281.7136  1.00271404  5108
TJS-4-------------------
1 44637U 19070A   21212.96031439 -.00000170  00000-0  00000-0 0  9993
2 44637   0.0746 266.1400 0001607 125.1079 347.6984  1.00274697  6699
BEIDOU-3-IGSO-3---------
1 44709U 19073A   21212.74138299 -.00000180  00000-0  00000-0 0  9995
2 44709  57.7718 299.7040 0021138 201.4220 181.5384  1.00264398  6591
TIBA-1------------------
1 44800U 19080A   21212.92479993  .00000156  00000-0  00000-0 0  9996
2 44800   0.0513   2.2469 0002053 141.5069 174.4022  1.00270220  6196
INMARSAT-GX5------------
1 44801U 19080B   21212.84753170  .00000075  00000-0  00000-0 0  9990
2 44801   0.0357   4.3186 0002644 144.4928 116.9493  1.00273395  6249
JCSAT-18-(KACIFIC-1)----
1 44868U 19091A   21212.87527274 -.00000201  00000-0  00000-0 0  9994
2 44868   0.0197 133.0077 0001235  50.1345 231.6391  1.00271906  6152
ELEKTRO-L-3-------------
1 44903U 19095A   21212.94493581 -.00000098  00000-0  00000-0 0  9993
2 44903   0.0444 224.5707 0000968 352.9553 148.5104  1.00272374  5853
SHIJIAN-20-(SJ-20)------
1 44910U 19097A   21212.95884130 -.00000210  00000-0  00000-0 0  9994
2 44910   0.3694  93.5919 0007224  17.0817 272.0002  1.00276760  5835
TJS-5-------------------
1 44978U 20002A   21212.93851878 -.00000342  00000-0  00000-0 0  9993
2 44978   0.4343 282.3023 0003427 200.6668 272.1370  1.00275648  5844
GSAT-30-----------------
1 45026U 20005A   21213.07479903 -.00000164  00000-0  00000+0 0  9993
2 45026   0.0368 102.3616 0005235 358.4319 319.0224  1.00271240  5679
EUTELSAT-KONNECT--------
1 45027U 20005B   21212.84674660  .00000049  00000-0  00000-0 0  9997
2 45027   0.0551 120.6387 0003722 122.8258  18.2207  1.00271059  6472
JCSAT-17----------------
1 45245U 20013A   21212.71926435 -.00000312  00000-0  00000-0 0  9998
2 45245   6.4718 344.3333 0004153 150.8666 209.2761  1.00272159  5375
GEO-KOMPSAT-2B----------
1 45246U 20013B   21212.87392152 -.00000344  00000-0  00000-0 0  9994
2 45246   0.0174  99.3313 0001809  11.2540 281.9774  1.00273441  5391
BEIDOU-3-G2-------------
1 45344U 20017A   21212.93311015 -.00000139  00000-0  00000-0 0  9995
2 45344   2.3726 338.1480 0004441 144.9974 242.5687  1.00271739  5414
AEHF-6-(USA-298)--------
1 45465U 20022B   21212.74957194 -.00000079  00000-0  00000-0 0  9991
2 45465   6.6787 305.5867 0017818 342.8961 108.1608  0.99685282  5156
BEIDOU-3-G3-------------
1 45807U 20040A   21212.93912943 -.00000351  00000-0  00000-0 0  9998
2 45807   2.1800 298.7487 0006538 341.5934 117.9932  1.00276640  4229
APSTAR-6D---------------
1 45863U 20045A   21212.87204501 -.00000318  00000-0  00000-0 0  9995
2 45863   0.0191  96.0369 0002246  19.7047 281.8874  1.00268239  3994
KOREASAT-116------------
1 45920U 20048A   21213.08035354 -.00000361  00000-0  00000+0 0  9991
2 45920   0.0127   1.2434 0000839 157.4755 296.2854  1.00274736  3795
EXPRESS-103-------------
1 45985U 20053A   21212.93633788 -.00000280  00000-0  00000-0 0  9997
2 45985   0.0391 256.0174 0000498  71.8395  55.4707  1.00272034  3780
EXPRESS-80--------------
1 45986U 20053B   21212.94493581 -.00000136  00000-0  00000-0 0  9994
2 45986   0.0410 254.0072 0000690  26.3613  89.5562  1.00272785  3780
BSAT-4B-----------------
1 46112U 20056A   21212.93382698 -.00000350  00000-0  00000-0 0  9992
2 46112   0.0684 129.0936 0003902  11.7250 254.9437  1.00271073  3529
MEV-2-------------------
1 46113U 20056B   21212.34270326 -.00000012  00000-0  00000-0 0  9997
2 46113   0.0485 258.6456 0000814 238.0777 294.8204  1.00271391 62671
GALAXY-30-(G-30)--------
1 46114U 20056C   21212.67689823  .00000037  00000-0  00000-0 0  9996
2 46114   0.0218  84.5821 0002027  62.6943 280.9157  1.00272287  3462
GAOFEN-13---------------
1 46610U 20071A   21213.08017993 -.00000360  00000-0  00000+0 0  9992
2 46610   1.2930 277.6037 0005253 268.5678 270.3498  1.00267624  3041
TIANTONG-1-2------------
1 46916U 20082A   21212.72908934 -.00000351  00000-0  00000-0 0  9998
2 46916   4.8915 297.9842 0004423 207.8517 191.0943  1.00270208  2794
LUCAS-(JDRS-1)----------
1 47202U 20089A   21213.01906500 -.00000235  00000-0  00000+0 0  9994
2 47202   0.0298 108.7215 0002502   4.1041 294.6314  1.00273341  2540
SXM-7-------------------
1 47240U 20096A   21212.89411569 -.00000022  00000-0  00000+0 0  9999
2 47240   0.0188  79.9713 0003088 274.4962 161.8215  1.00272172  2474
CMS-01------------------
1 47256U 20099A   21213.07479903 -.00000165  00000-0  00000+0 0  9994
2 47256   0.0695 106.9062 0004262 142.4799 170.4703  1.00272940  2335
TURKSAT-5A--------------
1 47306U 21001A   21212.85154456  .00000154  00000-0  00000-0 0  9990
2 47306   0.0171  83.3269 0000128 182.9400  20.8776  1.00272501  2119
TIANTONG-1-3------------
1 47321U 21003A   21212.86157669 -.00000149  00000-0  00000-0 0  9994
2 47321   5.1242 309.0922 0003611 187.2703 205.0080  1.00271665  2114
TJS-6-------------------
1 47613U 21010A   21212.88094309  .00000043  00000-0  00000-0 0  9991
2 47613   0.6040 281.3112 0001243 289.7402 234.3163  1.00269047  1971
SBIRS-GEO-5-(USA-315)---
1 48618U 21042A   21212.89280716 -.00000028  00000-0  00000-0 0  9996
2 48618   7.8836 327.5190 0002484 173.3184   8.4742  1.00560497   897
FENGYUN-4B--------------
1 48808U 21047A   21212.94174652 -.00000357  00000-0  00000-0 0  9994
2 48808   0.0659 136.1691 0000473  58.9333 217.3337  1.00277386   710
SXM-8-------------------
1 48838U 21049A   21211.60116747  .00000006  00000-0  00000+0 0  9991
2 48838   0.0395 115.5141 0002221  21.8758 266.9788  1.00273291   759
TIANLIAN-1-05-----------
1 49011U 21063A   21204.52157536  .00000062  00000-0  00000-0 0  9998
2 49011   2.9837 286.7627 0001083 230.4132 342.7310  1.00274565   135