IRNSS-1A                
1 39199U 13034A   19095.59724920  .00000123  00000-0  00000+0 0  9999
2 39199  29.9861 103.8999 0019530 188.3319 171.3392  1.00270368 21273
IRNSS-1B                
1 39635U 14017A   19095.59733642  .00000079  00000-0  00000+0 0  9997
2 39635  28.6433 284.3645 0019932 175.6540   3.7295  1.00268636 18432
IRNSS-1C                
1 40269U 14061A   19096.03362146 -.00000166  00000-0  00000+0 0  9996
2 40269   2.0103 213.9918 0018019   9.8529  65.3947  1.00273364 16461
IRNSS-1D                
1 40547U 15018A   19095.94077057 -.00000303  00000-0  00000-0 0  9995
2 40547  29.3727 284.4623 0022284 181.6367 178.8634  1.00278776 14630
IRNSS-1E                
1 41241U 16003A   19095.94077057 -.00000262  00000-0  00000-0 0  9996
2 41241  29.1379 103.4823 0020527 185.8657 355.0767  1.00275826 11727
IRNSS-1F                
1 41384U 16015A   19095.87999904  .00000153  00000-0  00000-0 0  9991
2 41384   2.8511 243.5268 0021203 177.7519 121.9101  1.00277405 11322
IRNSS-1G                
1 41469U 16027A   19095.88194594 -.00000341  00000-0  00000+0 0  9990
2 41469   2.9019 245.6961 0004995 184.5629 210.6660  1.00275319 10822
IRNSS-1I                
1 43286U 18035A   19095.14477596  .00000129  00000-0  00000-0 0  9999
2 43286  29.1234 116.8881 0021265 189.3357 354.1507  1.00270545  3700
