IRNSS-1A----------------
1 39199U 13034A   23038.68843205  .00000085  00000+0  00000+0 0  9995
2 39199  32.9546  81.8131 0020300 189.8429 168.9543  1.00280346 35075
IRNSS-1B----------------
1 39635U 14017A   23039.67999149  .00000129  00000+0  00000+0 0  9990
2 39635  29.1130 261.1515 0019166 179.2902 357.9415  1.00275571 32511
IRNSS-1C----------------
1 40269U 14061A   23039.74471515 -.00000154  00000+0  00000+0 0  9993
2 40269   3.4805 119.5265 0016697   5.5287   4.6372  1.00272287 30417
IRNSS-1D----------------
1 40547U 15018A   23038.54370278 -.00000253  00000+0  00000+0 0  9996
2 40547  28.4906 261.1787 0018595 176.9833   6.5866  1.00264393 28704
IRNSS-1E----------------
1 41241U 16003A   23038.60193311 -.00000292  00000+0  00000+0 0  9994
2 41241  30.5056  80.9783 0020615 188.5143 196.4298  1.00277304 25798
IRNSS-1F----------------
1 41384U 16015A   23039.88590937  .00000167  00000+0  00000+0 0  9991
2 41384   2.5375 140.8194 0023609 184.0981 165.1134  1.00275088 25382
IRNSS-1G----------------
1 41469U 16027A   23039.83823062 -.00000327  00000+0  00000+0 0  9990
2 41469   2.4463 143.0275 0004290 265.7334 161.1965  1.00268573 24908
IRNSS-1I----------------
1 43286U 18035A   23037.74348134  .00000087  00000+0  00000+0 0  9992
2 43286  28.7749  93.5587 0021319 187.7851 178.0891  1.00279068 17782
