TDRS-3------------------
1 19548U 88091B   21272.38709231 -.00000294  00000-0  00000-0 0  9996
2 19548  13.8973 353.4012 0036352 322.1053 143.0589  1.00264272108129
FLTSATCOM-8-(USA-46)----
1 20253U 89077A   21271.92300678 -.00000075  00000-0  00000-0 0  9994
2 20253  12.9321   2.0209 0005387 133.1162 276.9600  1.00272405243342
SKYNET-4C---------------
1 20776U 90079A   21272.99606368  .00000131  00000-0  00000+0 0  9992
2 20776  13.8767   2.0512 0003127 209.8574 189.3992  1.00272331113683
TDRS-5------------------
1 21639U 91054B   21272.72211661  .00000090  00000-0  00000+0 0  9998
2 21639  14.2519   6.7253 0021414   2.5328  91.8253  1.00277919110444
TDRS-6------------------
1 22314U 93003B   21272.82063130 -.00000290  00000-0  00000+0 0  9995
2 22314  14.1099   9.9351 0008314 124.4980 123.6073  1.00263857105111
UFO-2-(USA-95)----------
1 22787U 93056A   21272.11822410  .00000130  00000-0  00000-0 0  9996
2 22787  11.4043  12.5709 0005683 190.1034 236.6987  1.00271517101282
USA-99-(MILSTAR-1-1)----
1 22988U 94009A   21272.32947758 -.00000190  00000-0  00000-0 0  9991
2 22988  14.9212  45.8925 0003458 141.8511 209.2231  1.00271866 15695
ASTRA-1D----------------
1 23331U 94070A   21272.33279188 -.00000266  00000-0  00000+0 0  9991
2 23331   9.7475  39.4372 0003559 150.0469 225.6859  1.00272269 98903
USA-107-(DSP-17)--------
1 23435U 94084A   21272.38769565 -.00000159  00000-0  00000-0 0  9991
2 23435  14.5869   7.8802 0002008 150.6251 252.7417  1.00268968 15696
UFO-4-(USA-108)---------
1 23467U 95003A   21272.55497432 -.00000018  00000-0  00000-0 0  9992
2 23467   9.8801  18.8468 0005188 127.1717 234.6789  1.00269776 97691
AMSC-1------------------
1 23553U 95019A   21272.41777775 -.00000088  00000-0  00000-0 0  9998
2 23553  11.7037  27.9438 0002913 186.3101 197.0804  1.00271995 96915
TDRS-7------------------
1 23613U 95035B   21273.06224356 -.00000194  00000-0  00000+0 0  9994
2 23613  14.0707   0.6127 0026424  50.2196  65.2945  1.00269019 95893
USA-113-----------------
1 23628U 95038A   21272.29624750 -.00000334  00000-0  00000-0 0  9996
2 23628  11.8501  26.7667 0001653 173.4098  18.5080  1.00272309 15709
USA-115-(MILSTAR-1-2)---
1 23712U 95060A   21272.64041747 -.00000014  00000-0  00000+0 0  9997
2 23712  13.4208  16.2328 0003169 171.1463 291.8006  1.00271870 14387
INMARSAT-3-F1-----------
1 23839U 96020A   21272.58702977  .00000123  00000-0  00000-0 0  9997
2 23839   7.0050  59.7036 0006904 107.1441 262.1102  0.99991130 93047
INMARSAT-3-F2-----------
1 24307U 96053A   21272.50913934 -.00000183  00000-0  00000-0 0  9990
2 24307   5.9294  68.8443 0006047  75.9070 138.7336  0.99979337 91709
AMC-1-(GE-1)------------
1 24315U 96054A   21272.51625652  .00000066  00000-0  00000-0 0  9997
2 24315   5.0038  75.2564 0003093 116.3699 231.8338  1.00272727 29054
INMARSAT-3-F3-----------
1 24674U 96070A   21272.27034370 -.00000229  00000-0  00000-0 0  9999
2 24674   6.5752  63.4280 0006013 111.6580 264.2031  1.00002396 90698
INTELSAT-26-(IS-26)-----
1 24732U 97007A   21272.43230777 -.00000014  00000-0  00000+0 0  9993
2 24732   9.6976  40.2258 0002826 132.6383  57.3139  1.00272309 90014
GALAXY-25-(G-25)--------
1 24812U 97026A   21273.07493933  .00000101  00000-0  00000+0 0  9995
2 24812   3.0459  86.1820 0003648 120.9415 238.1844  1.00402849 89115
INTELSAT-5-(IS-5)-------
1 24916U 97046A   21272.49723764  .00000091  00000-0  00000-0 0  9994
2 24916   6.6741  62.7652 0003011 138.6771 209.0451  1.00270861 88354
AMC-3-(GE-3)------------
1 24936U 97050A   21272.47652736 -.00000260  00000-0  00000-0 0  9998
2 24936   3.9072  81.8293 0003038 120.8422 265.3589  1.00271732 35178
NSS-5-------------------
1 24957U 97053A   21272.57272135  .00000106  00000-0  00000+0 0  9993
2 24957   6.9126  61.0270 0003616 122.1516  82.0384  1.00271429 87975
USA-134-----------------
1 25019U 97065A   21272.52174177 -.00000057  00000-0  00000-0 0  9995
2 25019  10.7532  33.0933 0001082 324.4465  86.6552  1.00271098 15698
ASTRA-1G----------------
1 25071U 97076A   21272.71008991  .00000117  00000-0  00000+0 0  9991
2 25071   5.6502  70.1739 0003543 116.5297  97.0327  1.00270115 87277
INMARSAT-3-F5-----------
1 25153U 98006B   21272.40832278 -.00000288  00000-0  00000-0 0  9996
2 25153   5.8194  67.5315 0004760 131.0103 262.8187  1.00268476 86639
UFO-8-(USA-138)---------
1 25258U 98016A   21272.55483066 -.00000022  00000-0  00000-0 0  9992
2 25258   9.1478  30.9126 0004413 155.9313 193.0904  1.00270633 86588
ASTRA-2A----------------
1 25462U 98050A   21273.07066564  .00000148  00000-0  00000+0 0  9992
2 25462   2.7536  88.2883 0002098  95.7491 238.4751  1.00268159 84481
JCSAT-4A----------------
1 25630U 99006A   21272.37448215 -.00000307  00000-0  00000-0 0  9999
2 25630   5.6355  70.7979 0010741 174.4835  33.8964  1.00275250 33344
SKYNET-4E---------------
1 25639U 99009B   21272.30872736 -.00000029  00000-0  00000-0 0  9994
2 25639  11.1166  18.3281 0002951 186.0292 273.8683  1.00270135 34127
ASIASAT-3S--------------
1 25657U 99013A   21272.63964345 -.00000221  00000-0  00000-0 0  9997
2 25657   5.8147  69.3350 0002813  92.0442 225.4315  1.00273281 82559
NIMIQ-1-----------------
1 25740U 99027A   21273.06306992 -.00000199  00000-0  00000+0 0  9994
2 25740   2.2249  89.7229 0004797 105.6714 109.8510  1.00271619 81940
ABS-7-------------------
1 25894U 99046A   21273.07179948  .00000155  00000-0  00000+0 0  9996
2 25894   2.1077  90.3488 0003988 102.2203 235.7397  1.00275960 79885
ABS-6-------------------
1 25924U 99053A   21272.45088522 -.00000121  00000-0  00000-0 0  9991
2 25924   0.0343  52.0656 0001595 138.8217 138.8777  1.00271793 80580
AMC-4-(GE-4)------------
1 25954U 99060A   21272.67930191  .00000086  00000-0  00000+0 0  9992
2 25954   0.8630  94.6186 0003297 108.6186 275.0812  1.00272115 80225
UFO-10-(USA-146)--------
1 25967U 99063A   21272.25254910 -.00000179  00000-0  00000-0 0  9996
2 25967   8.3983  34.2417 0004626 142.1135 260.6292  1.00271194 80086
GALAXY-11-(G-11)--------
1 26038U 99071A   21272.47234088 -.00000163  00000-0  00000-0 0  9996
2 26038   2.3615  90.8475 0000717 307.8276  46.7442  1.00272049 79816
USA-148-----------------
1 26052U 00001A   21272.56169932  .00000043  00000-0  00000-0 0  9998
2 26052   9.1287  43.9214 0001405 140.5568 206.5293  1.00273736 15693
ASIASTAR----------------
1 26107U 00016A   21272.94244613 -.00000333  00000-0  00000+0 0  9999
2 26107   5.0710  73.9401 0004231 122.8085 256.4938  1.00271483 78896
USA-149-(DSP-20)--------
1 26356U 00024A   21272.57398198  .00000104  00000-0  00000-0 0  9997
2 26356  11.8923  23.2074 0003792 215.5759 171.4400  1.00287357 15658
EUTELSAT-80A------------
1 26369U 00028A   21272.34482799 -.00000101  00000-0  00000-0 0  9999
2 26369   4.4761  77.6977 0006586 146.2074 256.1220  1.00272866 78175
TDRS-8------------------
1 26388U 00034A   21273.05190398 -.00000227  00000-0  00000+0 0  9995
2 26388   9.9579  44.3202 0016411 336.6209  95.8992  1.00266138 77918
INTELSAT-9-(IS-9)-------
1 26451U 00043A   21273.06412601 -.00000285  00000-0  00000+0 0  9995
2 26451   6.6612  62.9407 0002882 141.6504 137.5651  1.00271705 77588
NSS-11-(AAP-1)----------
1 26554U 00059A   21272.55841372  .00000024  00000-0  00000-0 0  9991
2 26554   0.0209  82.0580 0002660 128.8197 174.6990  1.00272413 24033
USA-153-----------------
1 26575U 00065A   21272.84914914 -.00000320  00000-0  00000+0 0  9995
2 26575   8.6621  47.2412 0001293 114.5341 287.0945  1.00276948 14359
AMC-6-(GE-6)------------
1 26580U 00067A   21272.53495590  .00000103  00000-0  00000-0 0  9992
2 26580   0.0214  81.8174 0002715 105.8932 234.3980  1.00272174 76659
INTELSAT-12-(IS-12)-----
1 26590U 00068A   21272.64729285  .00000012  00000-0  00000+0 0  9995
2 26590   4.0386  82.0270 0002538  87.6255 136.2643  1.00272232 76530
INTELSAT-1R-(IS-1R)-----
1 26608U 00072A   21272.54262010 -.00000138  00000-0  00000-0 0  9998
2 26608   3.8076  83.0108 0000756 225.2562  52.6987  1.00271844 24055
ANIK-F1-----------------
1 26624U 00076A   21273.04335750 -.00000063  00000-0  00000+0 0  9994
2 26624   0.7780  95.8480 0007690  55.2617 124.3260  1.00273460 76460
ASTRA-2D----------------
1 26638U 00081A   21272.63953045  .00000123  00000-0  00000+0 0  9998
2 26638   6.7458  61.9817 0001130 162.5895  40.0326  1.00110357 76129
AMC-8-(GE-8)------------
1 26639U 00081B   21272.67930191  .00000087  00000-0  00000+0 0  9999
2 26639   1.7931  91.2847 0002548  98.2496 288.6846  1.00271659 76014
USA-157-(MILSTAR-2-2)---
1 26715U 01009A   21272.50786205  .00000018  00000-0  00000-0 0  9997
2 26715   9.7648  28.3275 0002699 179.6567 219.0207  1.00272810 15694
EUTELSAT-133-WEST-A-----
1 26719U 01011A   21272.53617696  .00000077  00000-0  00000-0 0  9999
2 26719   3.0721  85.1269 0002781 104.0972 239.4947  1.00269992 75279
INTELSAT-10-(IS-10)-----
1 26766U 01019A   21272.55926660  .00000036  00000-0  00000-0 0  9990
2 26766   4.9613  75.4891 0003367 140.5481 171.6647  1.00273978 28355
INTELSAT-901-(IS-901)---
1 26824U 01024A   21272.41364309 -.00000203  00000-0  00000-0 0  9999
2 26824   0.0163 148.4707 0001059  61.7208 279.6363  1.00271604  5714
ASTRA-2C----------------
1 26853U 01025A   21273.06339115 -.00000259  00000-0  00000+0 0  9991
2 26853   3.9347  81.6150 0002625 111.1410 126.6707  1.00272148 74316
USA-159-(DSP-21)--------
1 26880U 01033A   21272.19847319 -.00000292  00000-0  00000-0 0  9991
2 26880  11.1903  27.3681 0002089 219.8516 143.2980  1.00277815 15700
INTELSAT-902-(IS-902)---
1 26900U 01039A   21273.02827337 -.00000283  00000-0  00000+0 0  9990
2 26900   1.7524  91.7897 0003031  99.2517 138.0580  1.00272274 73515
USA-164-(MILSTAR-2-3)---
1 27168U 02001A   21272.56644166  .00000104  00000-0  00000-0 0  9994
2 27168   9.2370  30.0377 0002087 178.1696  23.2210  1.00274422 14380
ECHOSTAR-7--------------
1 27378U 02006A   21272.53896794 -.00000001  00000-0  00000-0 0  9992
2 27378   0.0134 103.3442 0002326  38.7245 301.6850  1.00271422 33330
INTELSAT-904-(IS-904)---
1 27380U 02007A   21272.98745067 -.00000214  00000-0  00000+0 0  9996
2 27380   2.5861  88.6264 0002879 103.8422 142.4917  1.00271340 71828
TDRS-9------------------
1 27389U 02011A   21272.38575032 -.00000284  00000-0  00000-0 0  9995
2 27389   8.4661  63.1588 0022520 286.8017  94.7433  1.00280212 73185
ASTRA-3A----------------
1 27400U 02015B   21272.51993622 -.00000201  00000-0  00000-0 0  9996
2 27400   6.8562  60.7990 0001331 154.2441 253.8096  1.00269660 71463
NSS-7-------------------
1 27414U 02019A   21272.34334528 -.00000156  00000-0  00000-0 0  9999
2 27414   5.2922  73.3553 0002323 125.4009 273.1897  1.00271267 71301
DIRECTV-5-(TEMPO-1)-----
1 27426U 02023A   21272.54071230 -.00000057  00000-0  00000-0 0  9997
2 27426   0.4694  96.0855 0003392 100.7975 256.1864  1.00272375 70854
INTELSAT-905-(IS-905)---
1 27438U 02027A   21272.98035566 -.00000185  00000-0  00000+0 0  9995
2 27438   2.4076  89.4113 0002526 100.3138 147.6869  1.00272585 70707
GALAXY-3C-(G-3C)--------
1 27445U 02030A   21271.39532890 -.00000151  00000-0  00000-0 0  9997
2 27445   0.0281 280.1689 0001586  49.0650  85.4340  1.00270092 29223
EUTELSAT-5-WEST-A-------
1 27460U 02035A   21273.06412427 -.00000043  00000-0  00000+0 0  9997
2 27460   1.6749  92.1450 0005168 105.6593 189.3181  1.00272268 70497
METEOSAT-8-(MSG-1)------
1 27509U 02040B   21272.49919647  .00000138  00000-0  00000-0 0  9994
2 27509   7.5567  51.9531 0001493 178.3373 359.3852  1.00268159 69998
INTELSAT-906-(IS-906)---
1 27513U 02041A   21272.78452005  .00000014  00000-0  00000+0 0  9994
2 27513   1.4182  93.4759 0003210  98.4301 163.4374  1.00272316 69717
HISPASAT-30W-4----------
1 27528U 02044A   21272.67773198  .00000116  00000-0  00000+0 0  9993
2 27528   2.1926  89.5714 0004482 100.0879 279.9903  1.00274522 69684
TDRS-10-----------------
1 27566U 02055A   21272.77845424  .00000092  00000-0  00000+0 0  9993
2 27566   7.7298  51.3395 0005483 336.2741  90.2263  1.00273062 68965
NSS-6-------------------
1 27603U 02057A   21273.10308466  .00000107  00000-0  00000+0 0  9992
2 27603   0.9535  94.5439 0003380  98.9660  43.1765  1.00274095 68770
NIMIQ-2-----------------
1 27632U 02062A   21272.13910788  .00000143  00000-0  00000+0 0  9998
2 27632   5.4001  72.4699 0001382  59.3743 321.9490  1.00011039 68607
USA-167-----------------
1 27691U 03008A   21272.53670027  .00000057  00000-0  00000-0 0  9992
2 27691   7.5325  56.1999 0002229  44.5385 330.8575  1.00274783 15696
USA-169-(MILSTAR-2-4)---
1 27711U 03012A   21272.53847455 -.00000191  00000-0  00000-0 0  9991
2 27711   9.7367  41.8656 0002891 155.9415 156.7356  1.00271552 15688
GALAXY-12-(G-12)--------
1 27715U 03013B   21272.53696192  .00000058  00000-0  00000-0 0  9997
2 27715   2.6198  88.1759 0001872 110.5094 234.1588  1.00271135 34824
ASIASAT-4---------------
1 27718U 03014A   21272.71384028  .00000152  00000-0  00000+0 0  9997
2 27718   0.3146  97.9653 0002319  96.1633 109.7674  1.00275146 67657
HELLAS-SAT-2------------
1 27811U 03020A   21273.04597404 -.00000151  00000-0  00000+0 0  9999
2 27811   3.0386  87.3081 0004409 105.3179  97.7724  1.00272269 67076
THURAYA-2---------------
1 27825U 03026A   21272.49963257  .00000130  00000-0  00000-0 0  9998
2 27825   6.4193  34.0151 0004632 123.0087  75.3293  1.00271315 67089
OPTUS-C1----------------
1 27831U 03028B   21272.84720399 -.00000150  00000-0  00000+0 0  9996
2 27831   2.5484  89.2585 0006032  99.7416 280.5631  1.00272528 67061
GALAXY-23-(G-23)--------
1 27854U 03034A   21272.68209289  .00000012  00000-0  00000+0 0  9996
2 27854   0.0259 233.3854 0002924 309.1637 310.6840  1.00271688 71281
USA-170-----------------
1 27875U 03040A   21272.33889715 -.00000270  00000-0  00000-0 0  9994
2 27875   6.8352  61.5882 0004645 124.4269 262.0401  1.00270227 15701
GALAXY-13-(HORIZONS-1)--
1 27954U 03044A   21273.03978155  .00000046  00000-0  00000+0 0  9990
2 27954   0.0130 127.1381 0000500 227.4938 261.7296  1.00273085 65893
YAMAL-202---------------
1 28089U 03053A   21273.26944360 -.00000079  00000-0  00000+0 0  9993
2 28089   1.9835  90.7020 0006096  67.7493 111.2958  1.00272839 65426
UFO-11-(USA-174)--------
1 28117U 03057A   21272.43396491 -.00000090  00000-0  00000-0 0  9997
2 28117   6.6307  37.8610 0002563  83.0727 118.1466  1.00271871 65185
USA-176-(DSP-22)--------
1 28158U 04004A   21272.36471372 -.00000215  00000-0  00000-0 0  9998
2 28158   9.7542  36.6740 0000939 174.7997  15.4455  1.00276872 15669
ABS-4-(MOBISAT-1)-------
1 28184U 04007A   21272.54414684  .00000040  00000-0  00000-0 0  9998
2 28184   1.6666  91.9493 0005233  96.4663  77.0434  1.00269081 35079
EUTELSAT-7A-------------
1 28187U 04008A   21272.53495590  .00000104  00000-0  00000-0 0  9997
2 28187   1.4547  90.2610 0004206 104.7187 226.9199  1.00273156 64088
AMC-11-(GE-11)----------
1 28252U 04017A   21272.63967678  .00000068  00000-0  00000+0 0  9990
2 28252   0.0311  50.2505 0002710 145.7162 271.9524  1.00273183 63441
INTELSAT-10-02----------
1 28358U 04022A   21272.70607788 -.00000012  00000-0  00000+0 0  9994
2 28358   0.0163 151.5615 0001140  58.5726  51.7475  1.00272330 63366
ANIK-F2-----------------
1 28378U 04027A   21273.04300862 -.00000051  00000-0  00000+0 0  9995
2 28378   0.0479  85.3408 0001250 131.3467  56.7535  1.00272137 63093
AMC-15------------------
1 28446U 04041A   21272.57894161 -.00000090  00000-0  00000-0 0  9998
2 28446   0.0383  32.2627 0002612 160.2150 279.4689  1.00272345 62061
NSS-10-(AMC-12)---------
1 28526U 05003A   21272.48323556 -.00000251  00000-0  00000-0 0  9990
2 28526   2.1387  90.0142 0002932 102.1849 312.8021  1.00272849 35898
XTAR-EUR----------------
1 28542U 05005A   21271.89756382  .00000150  00000-0  00000-0 0  9998
2 28542   0.0199 182.2400 0002423   5.1470 172.6095  1.00270866 60913
XM-3-(RHYTHM)-----------
1 28626U 05008A   21273.04816337 -.00000207  00000-0  00000+0 0  9993
2 28626   0.0224 176.2826 0000700 286.8629 198.0982  1.00270490 60808
INMARSAT-4-F1-----------
1 28628U 05009A   21272.95020854 -.00000260  00000-0  00000+0 0  9995
2 28628   3.4313  32.1628 0002949 167.0072 295.3476  1.00271378 60406
DIRECTV-8---------------
1 28659U 05019A   21272.63828203 -.00000000  00000-0  00000+0 0  9991
2 28659   0.0167 242.3129 0003050 312.5459 284.5047  1.00272127 59923
GALAXY-28-(G-28)--------
1 28702U 05022A   21273.04737840 -.00000186  00000-0  00000+0 0  9991
2 28702   0.0232 143.7514 0000864  53.7100  99.6306  1.00266626 59564
EXPRESS-AM3-------------
1 28707U 05023A   21272.17063366  .00000135  00000-0  00000+0 0  9998
2 28707   2.9286  86.1114 0001343 111.8456 254.6566  1.00276339 59572
THAICOM-4---------------
1 28786U 05028A   21272.94541155 -.00000364  00000-0  00000+0 0  9997
2 28786   0.0173 192.2763 0002658   3.2953 273.2087  1.00271376 59063
GALAXY-14-(G-14)--------
1 28790U 05030A   21273.07171226  .00000154  00000-0  00000+0 0  9994
2 28790   0.6056  94.5254 0002756 111.0208 222.2271  1.00271852 59049
ANIK-F1R----------------
1 28868U 05036A   21272.54132282 -.00000075  00000-0  00000-0 0  9990
2 28868   0.0298  65.8978 0000587 120.4284 269.7637  1.00272108 29199
GALAXY-15-(G-15)--------
1 28884U 05041A   21272.53617696  .00000078  00000-0  00000-0 0  9992
2 28884   0.0196 119.6476 0001838  73.4678 235.4350  1.00273067 58345
SYRACUSE-3A-------------
1 28885U 05041B   21272.50024309  .00000127  00000-0  00000-0 0  9998
2 28885   0.4677  96.4562 0002709  90.7749  48.3594  1.00274690 58480
INMARSAT-4-F2-----------
1 28899U 05044A   21273.07781752  .00000011  00000-0  00000+0 0  9992
2 28899   3.3102  34.7685 0002910 168.2222 257.9855  1.00271216 58245
SPACEWAY-2--------------
1 28903U 05046B   21272.32968175  .00000103  00000-0  00000-0 0  9996
2 28903   1.2925  90.3458 0000630 124.5840 133.1808  1.00272521 34073
METEOSAT-9-(MSG-2)------
1 28912U 05049B   21272.56338902  .00000018  00000-0  00000-0 0  9999
2 28912   5.4339  67.8418 0000610  46.1944 100.6357  1.00273576 57776
EUTELSAT-174A-----------
1 28924U 05052A   21272.55604507  .00000009  00000-0  00000-0 0  9992
2 28924   0.0124   1.1626 0006639 194.4453 187.1040  1.00271780 35065
ECHOSTAR-10-------------
1 28935U 06003A   21272.68409892 -.00000057  00000-0  00000+0 0  9998
2 28935   0.0166 120.9903 0001531  92.0682 291.6899  1.00272749 57258
SPAINSAT----------------
1 28945U 06007A   21272.06093259 -.00000217  00000-0  00000-0 0  9990
2 28945   0.0379 241.7903 0005625 321.5873 156.6194  1.00271312 56956
EUTELSAT-HOTBIRD-13E----
1 28946U 06007B   21273.06770022  .00000086  00000-0  00000+0 0  9994
2 28946   0.0463 154.1927 0007019  38.9935 213.2241  1.00272790 57046
JCSAT-5A----------------
1 29045U 06010A   21272.73259218 -.00000329  00000-0  00000+0 0  9992
2 29045   0.0137 224.9634 0001959 337.1970 202.3566  1.00271581 56681
ASTRA-1KR---------------
1 29055U 06012A   21273.01646709  .00000119  00000-0  00000+0 0  9998
2 29055   0.0226 247.8557 0005145 325.7422 180.5235  1.00272602 56488
EWS-G1-(GOES-13)--------
1 29155U 06018A   21272.57498903  .00000033  00000-0  00000+0 0  9991
2 29155   0.1348 117.5096 0007397  95.1458  64.6772  1.00275921 56243
EUTELSAT-113-WEST-A-----
1 29162U 06020A   21272.54810899 -.00000038  00000-0  00000-0 0  9998
2 29162   0.0235  88.9360 0002968  97.1838 266.7361  1.00272414 56202
GALAXY-16-(G-16)--------
1 29236U 06023A   21272.54297998 -.00000128  00000-0  00000-0 0  9992
2 29236   0.0185 200.6176 0002738 354.1875 270.2038  1.00273358 55712
EUTELSAT-HOTBIRD-13B----
1 29270U 06032A   21272.41785373  .00000086  00000-0  00000-0 0  9997
2 29270   0.0721   5.7988 0001486 230.2531 295.7607  1.00272271 30049
JCSAT-3A----------------
1 29272U 06033A   21273.01884921 -.00000346  00000-0  00000+0 0  9995
2 29272   0.0279 254.2578 0002312 296.4394 313.1006  1.00270781 55505
SYRACUSE-3B-------------
1 29273U 06033B   21273.06403706 -.00000045  00000-0  00000+0 0  9995
2 29273   0.0166 162.5062 0004445  21.9386 202.4537  1.00271876 55494
KOREASAT-5-(MUGUNGWHA-5)
1 29349U 06034A   21273.01588380 -.00000359  00000-0  00000+0 0  9995
2 29349   0.0181 231.0700 0002050 350.1032 266.5967  1.00269982 55371
DIRECTV-9S--------------
1 29494U 06043A   21272.62916017 -.00000114  00000-0  00000+0 0  9993
2 29494   0.0293 237.1901 0002934 312.7698 303.9635  1.00270592 54847
OPTUS-D1----------------
1 29495U 06043B   21272.73817414 -.00000111  00000-0  00000+0 0  9994
2 29495   0.0212 102.1784 0003477  89.3198 242.9711  1.00272158 54885
XM-4-(BLUES)------------
1 29520U 06049A   21273.05037706 -.00000025  00000-0  00000+0 0  9997
2 29520   0.0455 287.6176 0000289 311.0397  33.2877  1.00271907 54730
BADR-4------------------
1 29526U 06051A   21273.07031677  .00000143  00000-0  00000+0 0  9999
2 29526   0.0636 320.5276 0004988 277.9218 181.9473  1.00275533 54638
WILDBLUE-1--------------
1 29643U 06054A   21273.04292140 -.00000050  00000-0  00000+0 0  9991
2 29643   0.0012 176.6342 0001584  21.5109  75.1564  1.00270522 54280
AMC-18------------------
1 29644U 06054B   21272.54611983 -.00000217  00000-0  00000-0 0  9992
2 29644   0.0142 109.6583 0002573  90.9014 281.5848  1.00271100 54294
INSAT-4B----------------
1 30793U 07007A   21273.08217844 -.00000190  00000-0  00000+0 0  9995
2 30793   1.5752  92.5100 0005974 136.6923 254.9547  1.00272552 53307
SKYNET-5A---------------
1 30794U 07007B   21273.01230785 -.00000272  00000-0  00000+0 0  9999
2 30794   1.6936  89.7037 0003684 106.7481 272.1682  1.00269543 53390
ANIK-F3-----------------
1 31102U 07009A   21273.04143869 -.00000002  00000-0  00000+0 0  9995
2 31102   0.0038 147.6492 0001594  45.7472  71.8366  1.00271178 53074
ASTRA-1L----------------
1 31306U 07016A   21273.06892128  .00000118  00000-0  00000+0 0  9997
2 31306   0.0475 332.1888 0003280 268.3029 172.5507  1.00272177 52783
GALAXY-17-(G-17)--------
1 31307U 07016B   21272.54454990 -.00000175  00000-0  00000-0 0  9996
2 31307   0.0199 261.1915 0003184 297.3043 275.0839  1.00271179 52542
ZHONGXING-6B------------
1 31800U 07031A   21272.51393633 -.00000363  00000-0  00000-0 0  9993
2 31800   0.0102 223.2287 0003323 324.6390 121.1706  1.00272507 52167
DIRECTV-10--------------
1 31862U 07032A   21272.62809185 -.00000104  00000-0  00000+0 0  9990
2 31862   0.0378   8.3711 0000082 194.0046 289.5693  1.00270814 52141
SPACEWAY-3--------------
1 32018U 07036A   21273.04597404 -.00000153  00000-0  00000+0 0  9997
2 32018   0.0386   6.2403 0000165 244.5362  39.8556  1.00271819 51861
BSAT-3A-----------------
1 32019U 07036B   21273.01527326 -.00000352  00000-0  00000+0 0  9992
2 32019   0.0322 210.9403 0004241   8.5040 264.9009  1.00270660 51807
OPTUS-D2----------------
1 32252U 07044A   21272.53776615 -.00000184  00000-0  00000-0 0  9997
2 32252   0.0322 280.5957 0003786 271.6553 161.8809  1.00271958 51307
INTELSAT-11-(IS-11)-----
1 32253U 07044B   21273.02271653 -.00000270  00000-0  00000+0 0  9990
2 32253   0.0219 188.8227 0002174  35.3254 110.0239  1.00267978 51272
WGS-F1-(USA-195)--------
1 32258U 07046A   21272.34857837  .00000040  00000-0  00000-0 0  9990
2 32258   0.0174 126.5806 0000946 112.5068 260.7419  1.00270894 35114
STAR-ONE-C1-------------
1 32293U 07056A   21273.05217539 -.00000278  00000-0  00000+0 0  9991
2 32293   0.3121  96.0643 0003157 110.5584 116.2072  1.00271431 50841
SKYNET-5B---------------
1 32294U 07056B   21273.07014233  .00000141  00000-0  00000+0 0  9998
2 32294   0.8738  90.1961 0003678  99.7008 229.5237  1.00274574 50938
ASTRA-4A-(SIRIUS-4)-----
1 32299U 07057A   21272.34831671  .00000032  00000-0  00000-0 0  9996
2 32299   0.0308  69.5448 0002631 122.4776 306.5179  1.00272711 34419
HORIZONS-2--------------
1 32388U 07063B   21273.08200400 -.00000184  00000-0  00000+0 0  9992
2 32388   0.0159 235.7439 0002440 327.5668 280.1335  1.00271967 50629
THURAYA-3---------------
1 32404U 08001A   21272.65409587 -.00000301  00000-0  00000+0 0  9994
2 32404   3.8927  18.5438 0003317 124.6727 199.4103  1.00275019 50261
EXPRESS-AM33------------
1 32478U 08003A   21273.06290322 -.00000089  00000-0  00000+0 0  9991
2 32478   0.4023  95.8643 0000033 181.2133 103.6747  1.00273049 50352
THOR-5------------------
1 32487U 08006A   21272.34718288 -.00000010  00000-0  00000-0 0  9995
2 32487   0.0229 239.3933 0002595 323.9334 289.2464  1.00272849 50046
AMC-14------------------
1 32708U 08011A   21272.56618000  .00000088  00000-0  00000+0 0  9995
2 32708  21.6912  41.4369 0034592   6.1656 182.7808  1.00277763 50830
DIRECTV-11--------------
1 32729U 08013A   21272.54289275 -.00000127  00000-0  00000+0 0  9991
2 32729   0.0248   8.8904 0000265 230.3053 225.5992  1.00272555 49674
ICO-G1------------------
1 32763U 08016A   21272.90302353 -.00000171  00000-0  00000+0 0  9994
2 32763   3.8261  21.8552 0002264 155.9326  63.3479  1.00275246 49205
VINASAT-1---------------
1 32767U 08018A   21272.51725062 -.00000330  00000-0  00000-0 0  9991
2 32767   0.0268 289.1716 0002083 285.0601 112.4332  1.00270949 49339
STAR-ONE-C2-------------
1 32768U 08018B   21272.73404353 -.00000266  00000-0  00000+0 0  9990
2 32768   0.0356 126.1135 0002942  38.8047  38.0706  1.00272748 49286
TIANLIAN-1-01-----------
1 32779U 08019A   21272.93756191 -.00000139  00000-0  00000+0 0  9994
2 32779   5.1520  70.2082 0027071 270.0448  86.2198  1.00271557 49201
AMOS-3------------------
1 32794U 08022A   21273.06429872 -.00000036  00000-0  00000+0 0  9999
2 32794   0.0140 141.1345 0002715  32.0376 214.9044  1.00273206 49195
GALAXY-18-(G-18)--------
1 32951U 08024A   21273.04056652  .00000023  00000-0  00000+0 0  9991
2 32951   0.0163 250.2308 0003537 295.0272  75.3514  1.00272854 48823
CHINASAT-9-(ZX-9)-------
1 33051U 08028A   21273.08348671 -.00000251  00000-0  00000+0 0  9990
2 33051   0.0264 247.9181 0003713 303.4867 299.9482  1.00278513 48757
SKYNET-5C---------------
1 33055U 08030A   21273.01021767 -.00000141  00000-0  00000+0 0  9992
2 33055   0.0694 345.4658 0003542 203.8432 165.5749  1.00271420 48644
TURKSAT-3A--------------
1 33056U 08030B   21273.07345662  .00000145  00000-0  00000+0 0  9995
2 33056   0.0606  86.9228 0004204  81.6654 268.9052  1.00272471 48824
INTELSAT-25-(IS-25)-----
1 33153U 08034A   21272.41285812 -.00000225  00000-0  00000-0 0  9995
2 33153   0.0245 237.8884 0002850 312.4816 295.1563  1.00271043 48436
BADR-6------------------
1 33154U 08034B   21273.07031677  .00000143  00000-0  00000+0 0  9994
2 33154   0.0709  53.6247 0002586 142.0873 224.6501  1.00272437 48498
ECHOSTAR-11-------------
1 33207U 08035A   21272.54071230 -.00000058  00000-0  00000-0 0  9991
2 33207   0.0163  99.0473 0002628  87.1945 266.9500  1.00271991 33960
SUPERBIRD-C2------------
1 33274U 08038A   21272.95029576 -.00000252  00000-0  00000+0 0  9994
2 33274   0.0249 246.9172 0002584 330.8112 277.2585  1.00271460 48126
AMC-21------------------
1 33275U 08038B   21272.53774689  .00000035  00000-0  00000-0 0  9990
2 33275   0.0233  80.5235 0002583 118.2553 238.4451  1.00271994 48222
INMARSAT-4-F3-----------
1 33278U 08039A   21273.04562517 -.00000139  00000-0  00000+0 0  9991
2 33278   3.2336  17.0686 0002915 176.6988  93.6796  1.00270755 48001
NIMIQ-4-----------------
1 33373U 08044A   21273.04877389 -.00000222  00000-0  00000+0 0  9992
2 33373   0.0262 146.8294 0002045  56.8881 100.9002  1.00267664 47579
GALAXY-19-(G-19)--------
1 33376U 08045A   21273.04579959 -.00000141  00000-0  00000+0 0  9998
2 33376   0.0176 176.1364 0003071  14.4928  97.8981  1.00270966 47571
ASTRA-1M----------------
1 33436U 08057A   21272.71008991  .00000119  00000-0  00000+0 0  9998
2 33436   0.0147 145.0463 0004815  22.7471 115.7168  1.00272436 47215
CIEL-2------------------
1 33453U 08063A   21272.53696192  .00000057  00000-0  00000-0 0  9992
2 33453   0.0112 182.3152 0003152  25.3957 225.2762  1.00273083 46873
EUTELSAT-HOTBIRD-13C----
1 33459U 08065A   21272.41785373  .00000086  00000-0  00000-0 0  9999
2 33459   0.0517  27.1453 0004131 142.4138   2.2642  1.00272905 30086
EUTELSAT-48D------------
1 33460U 08065B   21272.34482799 -.00000101  00000-0  00000-0 0  9998
2 33460   0.8026  95.8308 0003322  96.7435 287.3896  1.00272232 46698
FENGYUN-2E--------------
1 33463U 08066A   21272.43640701 -.00000201  00000-0  00000-0 0  9992
2 33463   5.3299  66.6939 0002842 330.6128 214.7819  1.00269600 46823
EXPRESS-AM44------------
1 33595U 09007A   21273.19841041 -.00000090  00000-0  00000+0 0  9993
2 33595   0.0283 304.5696 0000287 328.1791 156.8592  1.00272164 46303
NSS-9-------------------
1 33749U 09008A   21273.10160196  .00000071  00000-0  00000+0 0  9999
2 33749   0.0355  62.4754 0002254 132.1640  34.1013  1.00274096 46303
EUTELSAT-33E------------
1 33750U 09008B   21273.07171226  .00000154  00000-0  00000+0 0  9995
2 33750   0.0562  15.2979 0003960 167.7307 244.9559  1.00269419 46342
TELSTAR-11N-------------
1 34111U 09009A   21273.02271653 -.00000252  00000-0  00000+0 0  9998
2 34111   0.0158 193.7815 0002388 348.0159 157.8201  1.00270630 46161
EUTELSAT-10A------------
1 34710U 09016A   21273.06708969  .00000066  00000-0  00000+0 0  9992
2 34710   0.0672   0.9587 0005364 182.8833 219.3748  1.00268728 45717
WGS-F2-(USA-204)--------
1 34713U 09017A   21272.14346880  .00000066  00000-0  00000-0 0  9995
2 34713   0.0177 118.5404 0000791 159.6136 199.1609  1.00271506 28351
SES-7-(PROTOSTAR-2)-----
1 34941U 09027A   21272.58432135 -.00000346  00000-0  00000-0 0  9998
2 34941   0.0644  91.3785 0002118 144.9845  90.8179  1.00269429 45351
MEASAT-3A---------------
1 35362U 09032A   21273.08339949 -.00000243  00000-0  00000+0 0  9992
2 35362   0.0329 212.9422 0003156 356.2247 281.4398  1.00272566 44979
GOES-14-----------------
1 35491U 09033A   21272.62694465 -.00000096  00000-0  00000+0 0  9998
2 35491   0.3582 280.8542 0015649 293.0500 276.1909  1.00272263 44897
FM-5--------------------
1 35493U 09034A   21272.54550931 -.00000201  00000-0  00000-0 0  9990
2 35493   0.0335 311.1867 0000575  57.7667 109.8194  1.00270711 29393
TERRESTAR-1-------------
1 35496U 09035A   21272.68409892 -.00000056  00000-0  00000+0 0  9995
2 35496   2.8772  32.3090 0002705 154.0056 317.6310  1.00271781 44890
ASIASAT-5---------------
1 35696U 09042A   21272.68244000 -.00000309  00000-0  00000+0 0  9994
2 35696   0.0314 117.5372 0001679  63.4198 173.9007  1.00272928 44410
JCSAT-RA-(JCSAT-12)-----
1 35755U 09044A   21272.88200397 -.00000125  00000-0  00000+0 0  9991
2 35755   0.0336 234.6527 0001784 232.1853  21.1705  1.00137991 44401
OPTUS-D3----------------
1 35756U 09044B   21272.73730197 -.00000148  00000-0  00000+0 0  9997
2 35756   0.0200  53.8652 0002521 141.3850 234.8874  1.00272207 44376
NIMIQ-5-----------------
1 35873U 09050A   21273.05060546 -.00000258  00000-0  00000+0 0  9996
2 35873   0.0145 147.8034 0003286  56.2478 110.5094  1.00271819 44081
AMAZONAS-2--------------
1 35942U 09054A   21272.40692729 -.00000283  00000-0  00000-0 0  9998
2 35942   0.0271 144.6793 0005178  36.1112 273.0986  1.00270616 43919
COMSATBW-1--------------
1 35943U 09054B   21272.57525068  .00000023  00000-0  00000-0 0  9999
2 35943   0.0552  93.0976 0002937  94.6682  90.9047  1.00273127 44042
NSS-12------------------
1 36032U 09058A   21272.57402963  .00000070  00000-0  00000-0 0  9993
2 36032   0.0139 103.5111 0002831  92.7072  76.0002  1.00271463 43659
THOR-6------------------
1 36033U 09058B   21273.06490924 -.00000011  00000-0  00000+0 0  9998
2 36033   0.0104 156.2507 0001733  35.2509 200.0763  1.00271941 43714
INTELSAT-14-(IS-14)-----
1 36097U 09064A   21272.41015435 -.00000274  00000-0  00000-0 0  9995
2 36097   0.0205 253.0796 0002596 309.9551 268.0264  1.00270314 43351
EUTELSAT-36B------------
1 36101U 09065A   21273.07223557  .00000154  00000-0  00000+0 0  9996
2 36101   0.0675 358.6069 0004709 194.8585 237.5222  1.00276190 43554
INTELSAT-15-(IS-15)-----
1 36106U 09067A   21273.08209122 -.00000188  00000-0  00000+0 0  9994
2 36106   0.0154 173.7452 0002378  27.8316 282.1873  1.00276035 43343
WGS-F3-(USA-211)--------
1 36108U 09068A   21272.68183124  .00000016  00000-0  00000+0 0  9994
2 36108   0.0387  99.3870 0002105 160.6918 232.1401  1.00280624 43253
DIRECTV-12--------------
1 36131U 09075A   21272.54219501 -.00000104  00000-0  00000-0 0  9992
2 36131   0.0112 188.1115 0000135  81.6047 191.2669  1.00269125 29304
BEIDOU-3----------------
1 36287U 10001A   21271.55396539 -.00000282  00000-0  00000-0 0  9999
2 36287   1.6560  40.3552 0003207  78.2497 228.7351  1.00267301 42884
RADUGA-1M-2-------------
1 36358U 10002A   21273.08209122 -.00000186  00000-0  00000+0 0  9992
2 36358   0.0820 258.4512 0002844 319.4655 265.7088  1.00272304 42758
SDO---------------------
1 36395U 10005A   21272.52742213 -.00000060  00000-0  00000+0 0  9998
2 36395  31.1524 113.4857 0000138 272.6475  70.5338  1.00274788 42760
INTELSAT-16-(IS-16)-----
1 36397U 10006A   21272.54751531 -.00000246  00000-0  00000+0 0  9992
2 36397   0.0169 178.6324 0002662  26.3741 284.4144  1.00268588 42456
GOES-15-----------------
1 36411U 10008A   21272.60900410  .00000051  00000-0  00000+0 0  9993
2 36411   0.3880 275.7493 0000916 237.7195 306.7479  1.00261067 42402
ECHOSTAR-14-------------
1 36499U 10010A   21273.04143869 -.00000001  00000-0  00000+0 0  9994
2 36499   0.0181 212.7243 0002980 331.9794  80.3501  1.00271688 42274
SES-1-------------------
1 36516U 10016A   21272.62916008 -.00000116  00000-0  00000+0 0  9993
2 36516   0.0313 288.1779 0002463 268.0169 297.9190  1.00272216 41877
ASTRA-3B----------------
1 36581U 10021A   21272.71096208  .00000136  00000-0  00000+0 0  9993
2 36581   0.0634  61.6445 0003906 126.5615  99.9454  1.00275245 41380
COMSATBW-2--------------
1 36582U 10021B   21272.70886885  .00000088  00000-0  00000+0 0  9997
2 36582   0.0169 154.4693 0002873  63.2490  59.4269  1.00277938 41724
BADR-5------------------
1 36592U 10025A   21272.71139817  .00000143  00000-0  00000+0 0  9991
2 36592   0.0276 134.0675 0005338  47.4576 109.2682  1.00271234 41632
COMS-1------------------
1 36744U 10032A   21272.58824617 -.00000345  00000-0  00000-0 0  9998
2 36744   0.4744  95.9617 0000904 114.4818 138.0785  1.00271899 33827
ARABSAT-5A--------------
1 36745U 10032B   21273.07118896  .00000152  00000-0  00000+0 0  9993
2 36745   0.0558  14.2744 0005217 181.6346 229.2664  1.00275268 41378
ECHOSTAR-15-------------
1 36792U 10034A   21272.55013187 -.00000283  00000-0  00000-0 0  9993
2 36792   0.0146 104.2541 0001883  73.0368 327.6644  1.00272323 41078
BEIDOU-5----------------
1 36828U 10036A   21272.64609569 -.00000145  00000-0  00000-0 0  9997
2 36828  54.1822 178.6325 0023222 181.3925 348.4694  1.00273372 40965
NILESAT-201-------------
1 36830U 10037A   21272.34596182 -.00000058  00000-0  00000-0 0  9997
2 36830   0.0384 173.6342 0004857   3.5329 308.7037  1.00272236 41106
RASCOM-QAF-1R-----------
1 36831U 10037B   21272.34796785  .00000018  00000-0  00000-0 0  9994
2 36831   0.0294 124.8047 0005470  78.4745 293.2223  1.00273186 41034
AEHF-1-(USA-214)--------
1 36868U 10039A   21272.34814227  .00000027  00000-0  00000-0 0  9998
2 36868   3.8775  90.2925 0005204  48.0738 359.3127  1.00275270 36396
CHINASAT-6A-(ZX-6A)-----
1 37150U 10042A   21272.58763565 -.00000355  00000-0  00000-0 0  9996
2 37150   0.0248 238.6396 0001618 268.5311 198.0288  1.00273812 40634
QZS-1-(MICHIBIKI-1)-----
1 37158U 10045A   21271.94626865 -.00000145  00000-0  00000-0 0  9994
2 37158  42.0621 137.0200 0746946 270.2076  81.1359  1.00296138 40465
XM-5--------------------
1 37185U 10053A   21273.04816337 -.00000207  00000-0  00000+0 0  9999
2 37185   0.0158 211.6940 0000854  31.4038  58.1773  1.00270847 40182
BSAT-3B-----------------
1 37207U 10056B   21272.58458301 -.00000352  00000-0  00000-0 0  9990
2 37207   0.0547 342.2033 0002832 281.7934  64.8766  1.00270584 34879
BEIDOU-6----------------
1 37210U 10057A   21273.23521247 -.00000114  00000-0  00000+0 0  9993
2 37210   0.7273  36.8917 0004482 143.3881  73.4946  1.00273642 40028
SKYTERRA-1--------------
1 37218U 10061A   21273.04492742 -.00000117  00000-0  00000+0 0  9995
2 37218   2.2117  21.8260 0003584 168.1541  93.9014  1.00269710 39960
ZHONGXING-20A-----------
1 37234U 10064A   21272.58789730 -.00000351  00000-0  00000-0 0  9991
2 37234   1.9956  91.5069 0002340 112.2077 142.9574  1.00271869 39761
HYLAS-1-----------------
1 37237U 10065A   21272.74707039  .00000127  00000-0  00000+0 0  9994
2 37237   1.2608  92.8480 0002379 175.4948 214.1916  1.00592539 39742
INTELSAT-17-(IS-17)-----
1 37238U 10065B   21272.78452005 -.00000003  00000-0  00000+0 0  9993
2 37238   0.0181 179.1618 0003074  25.4364 152.6008  1.00270366 39656
BEIDOU-7----------------
1 37256U 10068A   21270.50268016 -.00000171  00000-0  00000-0 0  9998
2 37256  50.6847 292.7895 0018001 188.7555 174.8776  1.00278124 39519
EUTELSAT-KA-SAT-9A------
1 37258U 10069A   21273.06691525  .00000060  00000-0  00000+0 0  9995
2 37258   0.0728 264.5743 0004272 244.5650 253.0118  1.00271655 39566
HISPASAT-30W-5----------
1 37264U 10070A   21272.98736345 -.00000217  00000-0  00000+0 0  9999
2 37264   0.0418 115.3096 0005407  60.3421 158.7727  1.00272424 39409
KOREASAT-6--------------
1 37265U 10070B   21273.01649432 -.00000363  00000-0  00000+0 0  9997
2 37265   0.0236  90.5952 0002110 131.0126 269.3539  1.00269627 39422
BEIDOU-8----------------
1 37384U 11013A   21273.26038574 -.00000143  00000-0  00000+0 0  9999
2 37384  59.9244  56.8476 0018649 179.8518 332.5436  1.00278155 38414
INTELSAT-NEW-DAWN-------
1 37392U 11016A   21272.71279368  .00000154  00000-0  00000+0 0  9999
2 37392   0.0134 186.3741 0001381 357.1289 114.6103  1.00272207 38257
YAHSAT-1A---------------
1 37393U 11016B   21272.71671848  .00000099  00000-0  00000+0 0  9997
2 37393   0.0138 243.4377 0000679 326.8014 108.9918  1.00272698 38298
SBIRS-GEO-1-(USA-230)---
1 37481U 11019A   21272.57586120 -.00000008  00000-0  00000-0 0  9992
2 37481   1.8061   8.4586 0002296 175.8786  97.7367  1.00272451 38139
TELSTAR-14R-------------
1 37602U 11021A   21272.40657841 -.00000281  00000-0  00000-0 0  9994
2 37602   0.0339  72.1412 0000368 151.6836 227.9485  1.00272026 38557
GSAT-8------------------
1 37605U 11022A   21272.57368076  .00000083  00000-0  00000-0 0  9994
2 37605   0.0181 120.8554 0005736 132.0639  17.2436  1.00271801 35958
ST-2--------------------
1 37606U 11022B   21273.04881146 -.00000213  00000-0  00000+0 0  9991
2 37606   0.0149 169.9472 0002374  51.5338 253.1382  1.00272103 37995
CHINASAT-10-(ZX-10)-----
1 37677U 11026A   21272.73898160 -.00000354  00000-0  00000+0 0  9998
2 37677   0.0475 240.7460 0004913 301.2430 203.3000  1.00273096 37704
TIANLIAN-1-02-----------
1 37737U 11032A   21271.77081065 -.00000015  00000-0  00000-0 0  9998
2 37737   2.5470  74.7682 0020778 102.8463 278.7058  1.00274513 37458
GSAT-12-----------------
1 37746U 11034A   21273.07467767  .00000123  00000-0  00000+0 0  9990
2 37746   0.7219  95.5182 0008315  11.4604 336.9302  1.00272920 37695
SES-3-------------------
1 37748U 11035A   21273.04457854 -.00000103  00000-0  00000+0 0  9995
2 37748   0.0392  33.7015 0003018 166.3386  82.0279  1.00272584 37433
KAZSAT-2----------------
1 37749U 11035B   21273.01056348 -.00000199  00000-0  00000+0 0  9991
2 37749   0.0443 301.5405 0001619 295.6549 222.1072  1.00272156 37312
BEIDOU-9----------------
1 37763U 11038A   21272.51220462 -.00000095  00000-0  00000-0 0  9990
2 37763  54.4704 181.0938 0086575 226.8700 238.6975  1.00288462 37380
ASTRA-1N----------------
1 37775U 11041A   21272.56652887  .00000118  00000-0  00000-0 0  9997
2 37775   0.0227  38.5364 0001461 108.2392  84.8981  1.00270975 27264
BSAT-3C-(JCSAT-110R)----
1 37776U 11041B   21272.73898160 -.00000352  00000-0  00000+0 0  9993
2 37776   0.0393  37.7216 0000037 267.4498  79.5524  1.00270950 37267
PAKSAT-1R---------------
1 37779U 11042A   21273.07267167  .00000152  00000-0  00000+0 0  9999
2 37779   0.0399 348.1259 0000176 292.5392 152.5549  1.00270599 37020
CHINASAT-1A-(ZX-1A)-----
1 37804U 11047A   21273.11125625 -.00000339  00000-0  00000+0 0  9998
2 37804   0.0502 314.1272 0001790 337.4747 247.3856  1.00274214 36817
SES-2-------------------
1 37809U 11049A   21272.54533486 -.00000197  00000-0  00000-0 0  9992
2 37809   0.0202  95.6982 0002923  96.6495 285.5126  1.00271707 36707
ARABSAT-5C--------------
1 37810U 11049B   21272.56670331  .00000122  00000-0  00000-0 0  9994
2 37810   0.0560   8.6910 0006922 179.0409  44.8188  1.00272356 36799
EUTELSAT-7-WEST-A-------
1 37816U 11051A   21272.34587459 -.00000061  00000-0  00000-0 0  9990
2 37816   0.0924  52.5640 0005564 140.7095 292.2708  1.00272809 36637
QUETZSAT-1--------------
1 37826U 11054A   21272.54734088 -.00000242  00000-0  00000-0 0  9999
2 37826   0.0175  86.6505 0002980 111.6848 290.2407  1.00270726 32632
INTELSAT-18-(IS-18)-----
1 37834U 11056A   21272.74209896  .00000052  00000-0  00000+0 0  9993
2 37834   0.0175   7.3646 0001897 183.5017 265.0307  1.00271033 36588
EUTELSAT-16A------------
1 37836U 11057A   21273.06831076  .00000102  00000-0  00000+0 0  9999
2 37836   0.0684  10.9891 0004892 179.7751 218.8654  1.00271956 36537
VIASAT-1----------------
1 37843U 11059A   21272.53975289 -.00000025  00000-0  00000-0 0  9991
2 37843   0.0181 204.4103 0002184 348.7477 254.5775  1.00271302 30055
ASIASAT-7---------------
1 37933U 11069A   21273.19208141 -.00000336  00000-0  00000+0 0  9995
2 37933   0.0295  72.3099 0001566  81.7141  29.8142  1.00272794 36202
BEIDOU-10---------------
1 37948U 11073A   21272.51044760 -.00000114  00000-0  00000-0 0  9991
2 37948  50.7818 292.3903 0078990 217.3971 138.6016  1.00269645 36134
LUCH-5A-----------------
1 37951U 11074B   21272.65560810 -.00000047  00000-0  00000-0 0  9995
2 37951   4.3655 103.0145 0003331  50.0362 258.5735  1.00270329 35928
NIGCOMSAT-1R------------
1 38014U 11077A   21273.07363105  .00000143  00000-0  00000+0 0  9999
2 38014   0.0438 315.8804 0001322 162.6158 319.5515  1.00273037 35773
FENGYUN-2F--------------
1 38049U 12002A   21272.58501910 -.00000357  00000-0  00000-0 0  9998
2 38049   3.1577  81.5014 0002164  12.3007 237.2302  1.00283753 35628
WGS-F4-(USA-233)--------
1 38070U 12003A   21272.58030934 -.00000217  00000-0  00000-0 0  9991
2 38070   0.0077 158.6968 0000475  86.6542  60.5472  1.00272188 26881
SES-4-------------------
1 38087U 12007A   21273.01021767 -.00000169  00000-0  00000+0 0  9991
2 38087   0.0199 261.1655 0002593 290.5983 158.9049  1.00272816 35234
BEIDOU-11---------------
1 38091U 12008A   21272.60489959  .00000057  00000-0  00000-0 0  9998
2 38091   1.7747  70.0182 0003089 329.1571 245.8722  1.00270919 35215
MUOS-1------------------
1 38093U 12009A   21272.54289275 -.00000126  00000-0  00000-0 0  9991
2 38093   2.6887  24.2038 0050765   0.1709  79.5886  1.00270355 35188
INTELSAT-22-(IS-22)-----
1 38098U 12011A   21272.57708226 -.00000060  00000-0  00000-0 0  9991
2 38098   0.0209 236.9431 0003031 319.0524  92.4224  1.00272479 34552
APSTAR-7----------------
1 38107U 12013A   21273.08034685 -.00000103  00000-0  00000+0 0  9999
2 38107   0.0136 151.8056 0002451  51.0076 271.6828  1.00272279 34919
YAHSAT-1B---------------
1 38245U 12016A   21272.21333051  .00000125  00000-0  00000-0 0  9992
2 38245   0.0179 185.9885 0000700  35.3421 271.2799  1.00271587 28334
AEHF-2-(USA-235)--------
1 38254U 12019A   21272.54760253 -.00000214  00000-0  00000-0 0  9999
2 38254   2.8160  58.0530 0001883 131.6277 300.2035  0.99943697 33598
JCSAT-13----------------
1 38331U 12023A   21273.01806425 -.00000358  00000-0  00000+0 0  9993
2 38331   0.0334 258.1693 0002435 302.6093 298.7352  1.00271302 34314
VINASAT-2---------------
1 38332U 12023B   21272.51725062 -.00000330  00000-0  00000-0 0  9996
2 38332   0.0209 276.0103 0001911 282.4828 128.0774  1.00271164 29391
NIMIQ-6-----------------
1 38342U 12026A   21272.97515293 -.00000175  00000-0  00000+0 0  9999
2 38342   0.0229  99.3136 0002185  90.2208  79.3909  1.00272536 34339
CHINASAT-2A-(ZX-2A)-----
1 38352U 12028A   21273.08470777 -.00000295  00000-0  00000+0 0  9995
2 38352   0.0381 342.9855 0001626 323.3260 191.5129  1.00273035 34382
INTELSAT-19-(IS-19)-----
1 38356U 12030A   21272.84365985 -.00000057  00000-0  00000+0 0  9995
2 38356   0.0178 170.9438 0003301  27.6035 280.0159  1.00272921 34258
ECHOSTAR-17-------------
1 38551U 12035A   21273.04379359 -.00000077  00000-0  00000+0 0  9992
2 38551   0.0004 185.5417 0002102 358.5671  93.5903  1.00272288 33868
METEOSAT-10-(MSG-3)-----
1 38552U 12035B   21272.34918889  .00000061  00000-0  00000-0 0  9995
2 38552   1.2451  20.7205 0001788 200.8728 281.7402  1.00276601 33592
SES-5-------------------
1 38652U 12036A   21272.34831671  .00000033  00000-0  00000-0 0  9999
2 38652   0.0600 292.6835 0002107 260.5345 305.5060  1.00273037 27238
TIANLIAN-1-03-----------
1 38730U 12040A   21272.25257678  .00000125  00000-0  00000-0 0  9992
2 38730   1.3575  94.9027 0002537 358.6471  26.0791  1.00276248 33726
INTELSAT-20-(IS-20)-----
1 38740U 12043A   21272.71994556 -.00000026  00000-0  00000+0 0  9990
2 38740   0.0106 182.0429 0002115 356.5018 157.8437  1.00271198 33565
HYLAS-2-----------------
1 38741U 12043B   21272.71244479  .00000153  00000-0  00000+0 0  9993
2 38741   0.0218 164.9852 0001706  13.8593 117.3613  1.00277424 33582
INTELSAT-21-(IS-21)-----
1 38749U 12045A   21272.47931074 -.00000286  00000-0  00000-0 0  9999
2 38749   0.0191 256.0834 0002683 302.2016 284.7341  1.00272293 33275
ASTRA-2F----------------
1 38778U 12051A   21273.07075286  .00000148  00000-0  00000+0 0  9994
2 38778   0.0617 233.5581 0004122 339.4758 209.6787  1.00271297 33031
GSAT-10-----------------
1 38779U 12051B   21273.08165514 -.00000166  00000-0  00000+0 0  9991
2 38779   0.0101 212.4274 0002320   8.8019 260.2537  1.00270797 33030
INTELSAT-23-(IS-23)-----
1 38867U 12057A   21273.07777157 -.00000286  00000-0  00000+0 0  9999
2 38867   0.0231 238.3725 0001824 311.1229 154.5688  1.00272413 32848
BEIDOU-16---------------
1 38953U 12059A   21272.60918103 -.00000177  00000-0  00000-0 0  9993
2 38953   1.3441  84.1126 0009268 284.8416 303.0078  1.00274931 32781
LUCH-5B-----------------
1 38977U 12061A   21272.89285514 -.00000132  00000-0  00000+0 0  9996
2 38977   6.7305  64.4776 0003924  95.4366 154.1061  1.00272496 32916
YAMAL-300K--------------
1 38978U 12061B   21272.74270949  .00000070  00000-0  00000+0 0  9997
2 38978   0.0188 169.7635 0000468 320.9513 328.3067  1.00274928 32616
STAR-ONE-C3-------------
1 38991U 12062A   21273.05016937 -.00000251  00000-0  00000+0 0  9995
2 38991   0.0471  95.0424 0002421 111.3641 105.7064  1.00272110 32590
EUTELSAT-21B------------
1 38992U 12062B   21273.06944458  .00000128  00000-0  00000+0 0  9997
2 38992   0.0685  11.1102 0002503 169.7615 234.7658  1.00271747 32619
ECHOSTAR-16-------------
1 39008U 16039B   21273.05287314 -.00000283  00000-0  00000+0 0  9997
2 39008   0.0031 181.8539 0001872   2.4522 142.2724  1.00271474 32546
CHINASAT-12-(ZX-12)-----
1 39017U 12067A   21273.04881146 -.00000209  00000-0  00000+0 0  9994
2 39017   0.0158 156.6583 0002993  33.5798 283.8842  1.00272495 32457
EUTELSAT-70B------------
1 39020U 12069A   21272.74071767 -.00000045  00000-0  00000+0 0  9994
2 39020   0.0726 339.4361 0006672 222.1008 144.3389  1.00271521 32349
YAMAL-402---------------
1 39022U 12070A   21273.21960808  .00000084  00000-0  00000+0 0  9996
2 39022   0.0163 156.3950 0002567  45.6386 301.1348  1.00273415 32344
SKYNET-5D---------------
1 39034U 12075A   21272.71680569  .00000098  00000-0  00000+0 0  9996
2 39034   0.0715   3.3813 0004045 193.3589 122.7443  1.00271586 32258
MEXSAT-3----------------
1 39035U 12075B   21272.53975289 -.00000027  00000-0  00000-0 0  9997
2 39035   0.0177 162.8590 0002708  41.6968 243.4870  1.00272848 31913
TDRS-11-----------------
1 39070U 13004A   21272.56655836  .00000079  00000-0  00000-0 0  9991
2 39070   3.2062 339.5019 0004162  96.3787 322.3498  1.00266648 29439
AMAZONAS-3--------------
1 39078U 13006A   21272.40692729 -.00000283  00000-0  00000-0 0  9994
2 39078   0.0265 211.3343 0005257   2.9859 239.5927  1.00272604 27638
AZERSPACE-1-------------
1 39079U 13006B   21273.07424159  .00000132  00000-0  00000+0 0  9990
2 39079   0.0167 152.2138 0002125  65.1886 224.3650  1.00272175 31674
SBIRS-GEO-2-(USA-241)---
1 39120U 13011A   21272.56679052  .00000122  00000-0  00000-0 0  9990
2 39120   1.8684   7.0333 0002338 176.6446  49.6230  1.00272495 31277
EUTELSAT-117-WEST-A-----
1 39122U 13012A   21272.53940403 -.00000014  00000-0  00000-0 0  9992
2 39122   0.0360  40.5628 0002843 151.5072 253.8566  1.00271104 31174
ANIK-G1-----------------
1 39127U 13014A   21272.62351625 -.00000076  00000-0  00000+0 0  9998
2 39127   0.0119 180.2915 0002947   8.8264 296.6651  1.00272500 30983
CHINASAT-11-(ZX-11)-----
1 39157U 13020A   21273.20832560 -.00000291  00000-0  00000+0 0  9994
2 39157   0.0479 269.8056 0000730 253.8955  18.3607  1.00269259 30899
EUTELSAT-7B-------------
1 39163U 13022A   21272.34875280  .00000047  00000-0  00000-0 0  9992
2 39163   0.0666   0.9938 0001134 337.8167 162.0931  1.00271034 30716
WGS-F5-(USA-243)--------
1 39168U 13024A   21272.48044458 -.00000286  00000-0  00000+0 0  9994
2 39168   0.0100 172.0749 0000541  85.8054 231.0676  1.00270541 30569
SES-6-------------------
1 39172U 13026A   21273.02271653 -.00000263  00000-0  00000+0 0  9996
2 39172   0.0327 307.7212 0002339 254.1961 134.7732  1.00270628 30469
IRNSS-1A----------------
1 39199U 13034A   21273.07607316  .00000103  00000-0  00000+0 0  9990
2 39199  31.8519  89.3788 0020395 177.9899 184.2090  1.00268217 30398
MUOS-2------------------
1 39206U 13036A   21272.52736792  .00000065  00000-0  00000-0 0  9999
2 39206   2.5612  13.6997 0057477 179.3163 188.2814  1.00271965 29939
ALPHASAT----------------
1 39215U 13038A   21272.56766271  .00000135  00000-0  00000-0 0  9998
2 39215   2.6178  15.9534 0002621 189.7026  32.1149  1.00270603 26756
INSAT-3D----------------
1 39216U 13038B   21272.57908828 -.00000158  00000-0  00000-0 0  9992
2 39216   0.0302 247.5630 0001401 307.5720 104.0028  1.00272154 29834
WGS-F6-(USA-244)--------
1 39222U 13041A   21272.29076486  .00000088  00000-0  00000-0 0  9999
2 39222   0.0182 169.3954 0000397 101.4316  66.9064  1.00272065 28782
ES'HAIL-1---------------
1 39233U 13044A   21272.71131097  .00000142  00000-0  00000+0 0  9991
2 39233   0.0566  10.5655 0001849 175.3616 104.3566  1.00269347 29639
GSAT-7------------------
1 39234U 13044B   21272.43387769 -.00000079  00000-0  00000-0 0  9991
2 39234   0.0179 134.2009 0008311 117.3376 347.0861  1.00272832 28060
AMOS-4------------------
1 39237U 13045A   21272.78452005  .00000006  00000-0  00000+0 0  9997
2 39237   0.0384 260.9580 0001341 296.0926 159.1591  1.00271484 29632
AEHF-3-(USA-246)--------
1 39256U 13050A   21272.58353663  .00000134  00000-0  00000-0 0  9995
2 39256   1.1164  63.6497 0055264 183.8855 176.0180  1.00271543 28405
ASTRA-2E----------------
1 39285U 13056A   21272.71192149  .00000149  00000-0  00000+0 0  9993
2 39285   0.0596   7.5589 0002721 176.5822 109.3454  1.00274832 29325
FM-6--------------------
1 39360U 13058A   21272.68305229 -.00000018  00000-0  00000+0 0  9996
2 39360   0.0417 267.8417 0000458 182.7493  47.8142  1.00270741 29088
RADUGA-1M-3-------------
1 39375U 13062A   21272.56966872  .00000155  00000-0  00000-0 0  9993
2 39375   1.5771  92.5706 0001163 351.0519 164.9693  1.00273685 28868
SES-8-------------------
1 39460U 13071A   21272.58161759 -.00000271  00000-0  00000-0 0  9991
2 39460   0.0163 209.0804 0001769 301.9998 161.8721  1.00270546 27166
INMARSAT-5-F1-----------
1 39476U 13073A   21273.05528372  .00000026  00000-0  00000+0 0  9997
2 39476   0.0025 141.3048 0000518 141.8826 168.3679  1.00271754 28673
TKSAT-1-(TUPAC-KATARI)--
1 39481U 13075A   21273.05814498 -.00000197  00000-0  00000+0 0  9992
2 39481   0.0427 318.1861 0002117 217.4311 127.1677  1.00272550 28584
EXPRESS-AM5-------------
1 39487U 13077A   21270.36557326 -.00000281  00000-0  00000-0 0  9990
2 39487   0.0387 313.3155 0001042  38.4160 286.2908  1.00270884 29063
GSAT-14-----------------
1 39498U 14001A   21273.07982354 -.00000079  00000-0  00000+0 0  9998
2 39498   0.0127 220.6078 0005299  11.0595 240.1423  1.00272470 28320
THAICOM-6---------------
1 39500U 14002A   21273.08078295 -.00000123  00000-0  00000+0 0  9994
2 39500   0.0625 121.2125 0004348  42.2988 313.1546  1.00273036 28261
TDRS-12-----------------
1 39504U 14004A   21272.69805381 -.00000270  00000-0  00000+0 0  9993
2 39504   4.1115 343.1578 0002990 192.9965  42.9503  1.00270686 28189
ABS-2-------------------
1 39508U 14006A   21272.57760557 -.00000088  00000-0  00000-0 0  9999
2 39508   0.0363  38.8724 0002705 140.6738 111.8880  1.00272566 28022
ATHENA-FIDUS------------
1 39509U 14006B   21272.71375307  .00000153  00000-0  00000+0 0  9992
2 39509   0.0015 190.9209 0001583  22.0104  90.5240  1.00273690 28233
TURKSAT-4A--------------
1 39522U 14007A   21272.57106421  .00000145  00000-0  00000-0 0  9993
2 39522   0.0593 270.2414 0003856 313.6179  32.2788  1.00274746 27721
EXPRESS-AT1-------------
1 39612U 14010A   21271.42541917  .00000077  00000-0  00000-0 0  9997
2 39612   0.0397 324.7347 0000092 301.3172 310.5406  1.00273761 27779
EXPRESS-AT2-------------
1 39613U 14010B   21272.51882054 -.00000283  00000-0  00000-0 0  9999
2 39613   0.0336 319.1040 0000402 278.6873  97.3344  1.00270283 27610
AMAZONAS-4A-------------
1 39616U 14011A   21272.54777698 -.00000254  00000-0  00000+0 0  9990
2 39616   0.1080  80.3512 0004537 120.9351 290.4448  1.00270911 27602
ASTRA-5B----------------
1 39617U 14011B   21272.56897097  .00000153  00000-0  00000-0 0  9997
2 39617   0.0090 326.3606 0003953 222.9826  55.5674  1.00273801 27401
IRNSS-1B----------------
1 39635U 14017A   21272.57368076  .00000111  00000-0  00000+0 0  9997
2 39635  29.2787 269.4448 0020918 190.2284 170.4308  1.00274781 27547
LUCH-5V-----------------
1 39727U 14023A   21272.65331089 -.00000270  00000-0  00000+0 0  9996
2 39727   0.9023  66.2080 0002173 121.7813 150.5099  1.00275167545240
KAZSAT-3----------------
1 39728U 14023B   21272.57437850  .00000059  00000-0  00000-0 0  9996
2 39728   0.0090 185.9397 0000315   4.8222  83.0854  1.00272847 25184
EUTELSAT-3B-------------
1 39773U 14030A   21273.06569420  .00000019  00000-0  00000+0 0  9993
2 39773   0.0622   9.4527 0005762 180.3132 206.0259  1.00272288 26963
USA-254-----------------
1 40100U 14043B   21264.75026000  .00000107  00000-0  00000+0 0  9999
2 40100   0.2370  98.5897 0001445 159.4220  68.6583  0.99580380  1405
ASIASAT-8-(AMOS-7)------
1 40107U 14046A   21272.34657236 -.00000034  00000-0  00000-0 0  9995
2 40107   0.0308 249.8301 0002305 288.6322 310.7822  1.00271093 84898
ASIASAT-6---------------
1 40141U 14052A   21273.15075043 -.00000364  00000-0  00000+0 0  9995
2 40141   0.0119 163.7255 0000739  35.9477 343.6343  1.00270351 25907
OPTUS-10----------------
1 40146U 14054A   21272.88087014 -.00000148  00000-0  00000+0 0  9992
2 40146   0.0391 169.6079 0004139  16.3916 295.9736  1.00272053 25863
MEASAT-3B---------------
1 40147U 14054B   21272.58091986 -.00000243  00000-0  00000-0 0  9990
2 40147   0.0426  27.3356 0000657 147.2989 134.5675  1.00272272 25645
LUCH-(OLYMP)------------
1 40258U 14058A   21272.64598458  .00000035  00000-0  00000+0 0  9997
2 40258   0.0152 215.5661 0002209  41.5355  41.6677  1.00443013 25678
HIMAWARI-8--------------
1 40267U 14060A   21272.51899498 -.00000277  00000-0  00000-0 0  9994
2 40267   0.0178 197.4900 0001307  34.2817 104.2395  1.00272585 25497
IRNSS-1C----------------
1 40269U 14061A   21273.08165514 -.00000163  00000-0  00000+0 0  9998
2 40269   2.4529 142.0849 0020527   5.8084 333.5732  1.00274324 25561
INTELSAT-30-(IS-30)-----
1 40271U 14062A   21273.08612622 -.00000153  00000-0  00000+0 0  9998
2 40271   0.0176 223.1063 0002010 207.9244 233.9851  1.00273931 25507
ARSAT-1-----------------
1 40272U 14062B   21273.05077991 -.00000262  00000-0  00000+0 0  9991
2 40272   0.0271 275.9406 0001624 273.4874 126.0841  1.00276399 25622
EXPRESS-AM6-------------
1 40277U 14064A   21272.77636216  .00000096  00000-0  00000+0 0  9991
2 40277   0.0390 285.4862 0001119 196.2180 219.5775  1.00274980 25406
GSAT-16-----------------
1 40332U 14078A   21272.50466133  .00000083  00000-0  00000-0 0  9995
2 40332   0.0113 230.2868 0005243 245.4688 129.4897  1.00270920 24848
DIRECTV-14--------------
1 40333U 14078B   21272.54289275 -.00000126  00000-0  00000-0 0  9999
2 40333   0.0184 136.5367 0000038 329.2125 358.9848  1.00270329 24795
YAMAL-401---------------
1 40345U 14082A   21272.43710476 -.00000230  00000-0  00000-0 0  9993
2 40345   0.0138 191.5957 0000407  47.7924  16.3546  1.00272355 25143
ASTRA-2G----------------
1 40364U 14089A   21273.07075286  .00000148  00000-0  00000+0 0  9991
2 40364   0.0402   6.3421 0002120  92.8906 323.5142  1.00269338 24761
FENGYUN-2G--------------
1 40367U 14090A   21272.58257699 -.00000304  00000-0  00000-0 0  9997
2 40367   1.2809  91.7493 0002414 263.1200 323.1378  1.00275182 24739
MUOS-3------------------
1 40374U 15002A   21272.70328690 -.00000129  00000-0  00000+0 0  9997
2 40374   2.5486   2.5170 0059506 179.2064  64.6248  1.00270587 24550
INMARSAT-5-F2-----------
1 40384U 15005A   21273.05418142 -.00000287  00000-0  00000+0 0  9997
2 40384   0.0211 182.8782 0000107 227.9224 282.7303  1.00269414 24410
ABS-3A------------------
1 40424U 15010A   21272.70564178 -.00000028  00000-0  00000+0 0  9993
2 40424   0.0023 185.0113 0002468 271.3392 163.3776  1.00271877 24133
EUTELSAT-115-WEST-B-----
1 40425U 15010B   21272.68331395 -.00000026  00000-0  00000+0 0  9992
2 40425   0.0250  34.8298 0000167  70.7364  34.1953  1.00271422 24177
EXPRESS-AM7-------------
1 40505U 15012A   21272.57062811  .00000149  00000-0  00000-0 0  9991
2 40505   0.0210 172.9520 0002949  35.9640  45.0321  1.00270954 23745
IRNSS-1D----------------
1 40547U 15018A   21271.43640865 -.00000271  00000-0  00000-0 0  9995
2 40547  29.1152 269.5209 0018958 189.8968 176.9066  1.00271583 23721
BEIDOU-17---------------
1 40549U 15019A   21272.51844882 -.00000132  00000-0  00000-0 0  9999
2 40549  52.3238 315.7874 0038386 189.3769 141.8477  1.00298406 23819
THOR-7------------------
1 40613U 15022A   21273.06499646 -.00000009  00000-0  00000+0 0  9992
2 40613   0.0085 179.3168 0002555  12.5040 199.9848  1.00273660 23562
TURKMENALEM52E/MONACOSAT
1 40617U 15023A   21272.71663126  .00000102  00000-0  00000+0 0  9997
2 40617   0.0165 150.9727 0003104  42.1321 125.5962  1.00272027 23572
DIRECTV-15--------------
1 40663U 15026A   21273.04457854 -.00000104  00000-0  00000+0 0  9990
2 40663   0.0181 118.9607 0000156 126.6508  36.5907  1.00271795 23279
SKY-MEXICO-1------------
1 40664U 15026B   21272.54699201 -.00000235  00000-0  00000-0 0  9995
2 40664   0.0168 174.7668 0002078  23.7061 288.1915  1.00268706 23191
METEOSAT-11-(MSG-4)-----
1 40732U 15034A   21272.56277850 -.00000001  00000-0  00000-0 0  9995
2 40732   0.3277 115.9597 0001493   9.0354  86.7252  1.00262007 22767
STAR-ONE-C4-------------
1 40733U 15034B   21272.72347854 -.00000266  00000-0  00000+0 0  9998
2 40733   0.0136  10.7896 0000899 225.0328 323.3163  1.00271096 22751
WGS-F7-(USA-263)--------
1 40746U 15036A   21272.55726826  .00000017  00000-0  00000-0 0  9999
2 40746   0.0052 193.6682 0000323   7.8900 182.6105  1.00273025 22611
INTELSAT-34-(IS-34)-----
1 40874U 15039A   21272.47983406 -.00000286  00000-0  00000-0 0  9993
2 40874   0.0420 284.8523 0000962  86.5768 114.2935  1.00270976 22360
EUTELSAT-8-WEST-B-------
1 40875U 15039B   21273.06351375 -.00000067  00000-0  00000+0 0  9990
2 40875   0.0673 359.4849 0002941 144.3569 240.0764  1.00271657 22435
GSAT-6------------------
1 40880U 15041A   21272.72273653 -.00000162  00000-0  00000+0 0  9999
2 40880   0.0282 113.8117 0004175  68.9995 168.5754  1.00273497 22349
INMARSAT-5-F3-----------
1 40882U 15042A   21272.74201175  .00000049  00000-0  00000+0 0  9997
2 40882   0.0007 147.0793 0000158 184.6295 123.7402  1.00271089 22293
MUOS-4------------------
1 40887U 15044A   21273.08017243 -.00000094  00000-0  00000+0 0  9994
2 40887   2.6026 357.7097 0050355 356.8886 118.3512  1.00272364 22296
TJS-1-------------------
1 40892U 15046A   21272.33411639 -.00000157  00000-0  00000-0 0  9997
2 40892   0.0291 296.2655 0003116  65.6870 281.6809  1.00272028 22296
EXPRESS-AM8-------------
1 40895U 15048A   21272.84702949 -.00000113  00000-0  00000+0 0  9996
2 40895   0.0353 323.4553 0000825 319.9578  16.3543  1.00272120 22114
BEIDOU-20---------------
1 40938U 15053A   21272.49355000 -.00000082  00000-0  00000-0 0  9999
2 40938  51.9073 278.8693 0048319 195.9592 166.1362  1.00260269 22093
SKY-MUSTER-1-(NBN1A)----
1 40940U 15054A   21272.73416212 -.00000280  00000-0  00000+0 0  9992
2 40940   0.0120 235.6904 0001647 317.9506 219.6298  1.00271400 21993
ARSAT-2-----------------
1 40941U 15054B   21273.04894833 -.00000226  00000-0  00000+0 0  9997
2 40941   0.0252 271.8496 0001771 278.2198 115.5817  1.00271348 22063
MORELOS-3---------------
1 40946U 15056A   21272.68366281 -.00000045  00000-0  00000+0 0  9993
2 40946   4.0980 331.5656 0002634 183.9400 346.1667  1.00278527 22015
APSTAR-9----------------
1 40982U 15059A   21272.75922174 -.00000266  00000-0  00000+0 0  9998
2 40982   0.0236 202.8120 0002285 311.6769 269.6047  1.00273211 21892
TURKSAT-4B--------------
1 40984U 15060A   21272.57263413  .00000113  00000-0  00000-0 0  9997
2 40984   0.0171 222.9878 0002239 329.3016  72.4285  1.00274943 21847
CHINASAT-2C-(ZX-2C)-----
1 41021U 15063A   21269.64049914 -.00000325  00000-0  00000-0 0  9991
2 41021   0.0180 171.3427 0000932 105.9524  62.3120  1.00267699 21719
GSAT-15-----------------
1 41028U 15065A   21273.08357392 -.00000260  00000-0  00000+0 0  9992
2 41028   0.0292  99.1918 0002364  74.4380 319.0327  1.00272378 21602
BADR-7-(ARABSAT-6B)-----
1 41029U 15065B   21273.07031677  .00000143  00000-0  00000+0 0  9996
2 41029   0.0548 252.8092 0006321 334.1412 193.4350  1.00269624 21652
LAOSAT-1----------------
1 41034U 15067A   21272.51655287 -.00000344  00000-0  00000-0 0  9996
2 41034   0.0471 324.9394 0001785 212.2544 145.7933  1.00273150 21599
TELSTAR-12V-------------
1 41036U 15068A   21273.06211825 -.00000120  00000-0  00000+0 0  9997
2 41036   0.0215 174.3741 0001730  24.4101 177.6208  1.00270195 21474
CHINASAT-1C-(ZX-1C)-----
1 41103U 15073A   21272.57891383 -.00000151  00000-0  00000-0 0  9991
2 41103   2.7451  87.9071 0001901  65.3825 145.1264  1.00272262 21392
ELEKTRO-L-2-------------
1 41105U 15074A   21272.84694228 -.00000116  00000-0  00000+0 0  9993
2 41105   2.3338  91.2031 0002892  91.1851 116.8577  1.00271108 21259
COSMOS-2513-------------
1 41121U 15075A   21273.08113182 -.00000140  00000-0  00000+0 0  9991
2 41121   0.0456 116.8817 0003145 101.1744 260.4622  1.00270356 21345
EXPRESS-AMU1------------
1 41191U 15082A   21272.71349141  .00000154  00000-0  00000+0 0  9995
2 41191   0.0214 259.1539 0002898 305.3104  97.2062  1.00275428 21246
GAOFEN-4----------------
1 41194U 15083A   21273.08592882 -.00000336  00000-0  00000+0 0  9995
2 41194   0.0732 296.0660 0003862 287.1572 282.4828  1.00271698 21239
BELINTERSAT-1-----------
1 41238U 16001A   21272.71654404  .00000105  00000-0  00000+0 0  9996
2 41238   0.0430  77.2433 0001758  64.2437 176.6863  1.00271242 20985
IRNSS-1E----------------
1 41241U 16003A   21270.93400155 -.00000286  00000-0  00000-0 0  9998
2 41241  29.3948  88.7287 0021473 175.4256 190.8708  1.00273749 20802
EUTELSAT-9B-------------
1 41310U 16005A   21272.34910167  .00000061  00000-0  00000-0 0  9993
2 41310   0.0836  80.0383 0005256 169.0236 253.9425  1.00272525 20854
SES-9-------------------
1 41380U 16013A   21272.73793485 -.00000347  00000-0  00000+0 0  9991
2 41380   0.0352 276.4372 0001450 220.7029 245.5450  1.00272991 20492
EUTELSAT-65-WEST-A------
1 41382U 16014A   21273.05208817 -.00000278  00000-0  00000+0 0  9993
2 41382   0.0492 357.3550 0001924 201.6334 123.5809  1.00269511 20384
IRNSS-1F----------------
1 41384U 16015A   21272.56914542  .00000158  00000-0  00000-0 0  9997
2 41384   1.9661 178.5656 0017528 187.2861 240.1745  1.00280700 20406
BEIDOU-IGSO-6-----------
1 41434U 16021A   21272.55876755 -.00000117  00000-0  00000+0 0  9997
2 41434  57.7183  55.5521 0043239 210.3820  37.2883  1.00292292 20212
IRNSS-1G----------------
1 41469U 16027A   21272.58850782 -.00000336  00000-0  00000-0 0  9990
2 41469   1.9306 182.0906 0003461 313.2329 214.5727  1.00275773 19918
JCSAT-2B----------------
1 41471U 16028A   21272.73695309 -.00000166  00000-0  00000+0 0  9993
2 41471   0.0116 205.7684 0001730 352.4978 229.7735  1.00272439 19821
THAICOM-8---------------
1 41552U 16031A   21272.72186435 -.00000123  00000-0  00000+0 0  9994
2 41552   0.0850  74.8118 0001373  62.3313 209.9513  1.00271120 19523
INTELSAT-31-(IS-31)-----
1 41581U 16035A   21273.07394653 -.00000152  00000-0  00000+0 0  9994
2 41581   0.0116 207.5801 0001788   1.4686  91.5768  1.00270670 19437
BEIDOU-2-G7-------------
1 41586U 16037A   21273.15713816 -.00000355  00000-0  00000+0 0  9991
2 41586   1.9209  69.0967 0007423  13.0349  94.1307  1.00270106 19528
ABS-2A-(MONGOLSAT-1)----
1 41588U 16038A   21272.57760557 -.00000086  00000-0  00000-0 0  9995
2 41588   0.0179 173.9247 0001671 285.3110 191.9815  1.00271193 19449
EUTELSAT-117-WEST-B-----
1 41589U 16038B   21273.04178757 -.00000013  00000-0  00000+0 0  9993
2 41589   0.0304  34.8305 0000516  77.0063 155.2279  1.00270931 19446
BRISAT------------------
1 41591U 16039A   21272.73625535 -.00000197  00000-0  00000+0 0  9996
2 41591   0.0162 227.1893 0002140 324.8517 232.2394  1.00272040 19382
ECHOSTAR-18-------------
1 41592U 16039B   21273.05287314 -.00000283  00000-0  00000+0 0  9998
2 41592   0.0220 174.2342 0001473  26.3354 126.1440  1.00268971 19358
MUOS-5------------------
1 41622U 16041A   21272.54132282 -.00000146  00000-0  00000-0 0  9990
2 41622   6.2189 303.0440 0203585 229.7210 285.6138  1.00272202 19822
TIANTONG-1-1------------
1 41725U 16048A   21272.65470639 -.00000319  00000-0  00000+0 0  9995
2 41725   2.4456 347.2206 0002730 263.9394  94.5771  1.00274251 19009
JCSAT-16----------------
1 41729U 16050A   21272.32620243 -.00000252  00000-0  00000-0 0  9991
2 41729   0.0401  93.9725 0000984  16.9746 158.7507  1.00273079 18808
USA-270-----------------
1 41744U 16052A   21264.74589909  .00000135  00000-0  00000+0 0  9998
2 41744   0.0228 209.5737 0001472  42.3351  51.0122  1.00130986  1391
USA-271-----------------
1 41745U 16052B   21264.68545692 -.00000229  00000-0  00000+0 0  9998
2 41745   1.1752  95.0788 0003661  48.1472 194.8242  1.00176531  1395
INTELSAT-36-(IS-36)-----
1 41747U 16053A   21272.71985833 -.00000025  00000-0  00000+0 0  9993
2 41747   0.0115 198.0076 0002656 177.4475 320.8814  1.00269531 18706
INTELSAT-33E-(IS-33E)---
1 41748U 16053B   21272.57464015  .00000047  00000-0  00000-0 0  9996
2 41748   0.0424   0.3716 0002082 196.9632  78.0953  1.00272643 18984
INSAT-3DR---------------
1 41752U 16054A   21272.57743115 -.00000079  00000-0  00000-0 0  9999
2 41752   0.0850  94.2035 0012007 168.8813  27.3716  1.00271598 18549
GSAT-18-----------------
1 41793U 16060A   21272.57743115 -.00000079  00000-0  00000-0 0  9991
2 41793   0.0562  96.5428 0001050 299.6647 254.2226  1.00272547 18271
SKY-MUSTER-2-(NBN1B)----
1 41794U 16060B   21272.95047021 -.00000246  00000-0  00000+0 0  9992
2 41794   0.0122 235.3754 0001588 318.5189 302.0145  1.00270811 18316
HIMAWARI-9--------------
1 41836U 16064A   21272.51899498 -.00000276  00000-0  00000-0 0  9992
2 41836   0.0151 192.2695 0000939  21.6771 122.1596  1.00270578 17925
SHIJIAN-17-(SJ-17)------
1 41838U 16065A   21272.69002852 -.00000364  00000-0  00000+0 0  9991
2 41838   1.3726  92.0530 0000549  98.0096 184.5354  1.00277081 17974
GOES-16-----------------
1 41866U 16071A   21273.05016937 -.00000251  00000-0  00000+0 0  9994
2 41866   0.1065  84.7929 0000752 129.6880  97.4238  1.00279532 17848
TIANLIAN-1-04-----------
1 41869U 16072A   21272.55834293  .00000030  00000-0  00000-0 0  9990
2 41869   0.0611 228.2733 0023303 249.0273 269.0460  1.00272913 18059
WGS-F8-(USA-272)--------
1 41879U 16075A   21272.95142959 -.00000204  00000-0  00000+0 0  9992
2 41879   0.0165 138.6468 0000139 337.4100  25.2094  1.00271491 17667
FENGYUN-4A--------------
1 41882U 16077A   21273.01422664 -.00000332  00000-0  00000+0 0  9992
2 41882   0.2325 284.7319 0003847 113.1647  80.9459  1.00273361 17721
ECHOSTAR-19-------------
1 41893U 16079A   21273.04579959 -.00000141  00000-0  00000+0 0  9997
2 41893   0.0173 165.3704 0002066  30.3456  92.7094  1.00274957 17474
JCSAT-15----------------
1 41903U 16082A   21272.91768615 -.00000352  00000-0  00000+0 0  9991
2 41903   0.0011 186.7826 0001327  21.2106 241.3522  1.00272617 17524
STAR-ONE-D1-------------
1 41904U 16082B   21272.54594539 -.00000212  00000-0  00000-0 0  9999
2 41904   0.0189 126.5552 0001872  37.3654 317.1510  1.00270035 17510
TJS-2-------------------
1 41911U 17001A   21272.57594844 -.00000008  00000-0  00000-0 0  9994
2 41911   0.2964 284.7023 0005493 265.6029  92.1100  1.00270561 17469
SBIRS-GEO-4-(USA-273)---
1 41937U 17004A   21272.47642175  .00000128  00000-0  00000-0 0  9997
2 41937   2.8538 314.6263 0002453 235.9202 190.0328  1.00273279 17343
HISPASAT-36W-1----------
1 41942U 17006A   21272.41198594 -.00000245  00000-0  00000-0 0  9991
2 41942   0.0031 342.6583 0001021 198.3061 299.7607  1.00271740 16974
TELKOM-3S---------------
1 41944U 17007A   21273.01684319 -.00000364  00000-0  00000+0 0  9997
2 41944   0.0155 235.1054 0002405 321.1440 296.8165  1.00270115 16956
INTELSAT-32E-(IS-32E)---
1 41945U 17007B   21273.02271653 -.00000270  00000-0  00000+0 0  9998
2 41945   0.0022  87.1959 0000148 271.5107 335.2954  1.00270943 16985
ECHOSTAR-23-------------
1 42070U 17014A   21272.47739954 -.00000271  00000-0  00000-0 0  9999
2 42070   0.0213 172.9865 0002087  13.6177 285.8161  1.00269417 16672
WGS-F9-(USA-275)--------
1 42075U 17016A   21273.06272878 -.00000098  00000-0  00000+0 0  9995
2 42075   0.0162 150.7394 0000219 109.0351 119.8269  1.00269031 16677
SES-10------------------
1 42432U 17017A   21273.05182653 -.00000274  00000-0  00000+0 0  9999
2 42432   0.0155 243.9410 0002780 311.7632 125.0867  1.00269571 16468
CHINASAT-16-(SJ-13)-----
1 42662U 17018A   21272.60445885 -.00000354  00000-0  00000-0 0  9994
2 42662   0.0249  79.7760 0006807 146.1809 110.7689  1.00273087 16471
KOREASAT-7--------------
1 42691U 17023A   21272.72936510 -.00000363  00000-0  00000+0 0  9994
2 42691   0.0143 115.8815 0001670  82.5850 188.7149  1.00270637 16183
SGDC--------------------
1 42692U 17023B   21272.18522924 -.00000250  00000-0  00000+0 0  9990
2 42692   0.0123 162.6763 0002259  33.8052 163.5111  1.00269381 16185
GSAT-9------------------
1 42695U 17024A   21272.58214090 -.00000288  00000-0  00000-0 0  9992
2 42695   0.0581  90.7946 0002185  98.2731 126.3923  1.00272249 16047
INMARSAT-5-F4-----------
1 42698U 17025A   21272.57394241  .00000074  00000-0  00000-0 0  9994
2 42698   0.0210 186.3955 0000226  97.1318 348.1191  1.00270947 16004
SES-15------------------
1 42709U 17026A   21273.03934546  .00000058  00000-0  00000+0 0  9999
2 42709   0.0066 160.6291 0001020  39.4464  53.9440  1.00271196 16924
QZS-2-(MICHIBIKI-2)-----
1 42738U 17028A   21272.32698852 -.00000148  00000-0  00000-0 0  9993
2 42738  42.2128 267.8531 0749585 270.3524  87.4201  1.00259632 15880
VIASAT-2----------------
1 42740U 17029A   21272.54873637 -.00000266  00000-0  00000-0 0  9998
2 42740   0.0270 258.4453 0000329  21.7829 215.9593  1.00271963 15922
EUTELSAT-172B-----------
1 42741U 17029B   21273.09942150 -.00000007  00000-0  00000+0 0  9999
2 42741   0.0185 198.5352 0000132  85.4815 292.8653  1.00271062 16443
GSAT-19-----------------
1 42747U 17031A   21272.57219806  .00000124  00000-0  00000-0 0  9995
2 42747   0.0378  96.0457 0004530  25.1698 141.2116  1.00270345 15877
ECHOSTAR-21-------------
1 42749U 17032A   21272.27767003  .00000063  00000-0  00000-0 0  9994
2 42749   4.5384 311.1479 0002183 235.9208 291.4316  1.00271770 15840
BULGARIASAT-1-----------
1 42801U 17038A   21272.70660118  .00000010  00000-0  00000+0 0  9997
2 42801   0.0267 119.0184 0002671  66.1572  79.7887  1.00271563 15646
HELLAS-SAT-3------------
1 42814U 17040A   21273.11859887  .00000151  00000-0  00000+0 0  9999
2 42814   0.0665  24.7346 0000716 105.7321 320.3189  1.00272789 15601
GSAT-17-----------------
1 42815U 17040B   21273.08357392 -.00000260  00000-0  00000+0 0  9992
2 42815   0.0565  99.3398 0004573 147.6786 245.6404  1.00272557 15614
INTELSAT-35E-(IS-35E)---
1 42818U 17041A   21273.05828066 -.00000239  00000-0  00000+0 0  9990
2 42818   0.0143 206.9687 0001787 348.2981 160.2740  1.00271696 15557
COSMOS-2520-------------
1 42907U 17046A   21272.57167473  .00000135  00000-0  00000-0 0  9993
2 42907   0.0174 152.0126 0000343 132.2971 335.0504  1.00273213 15126
TDRS-13-----------------
1 42915U 17047A   21272.34508963 -.00000101  00000-0  00000-0 0  9995
2 42915   4.8620 331.5380 0015172 119.0030  30.4885  1.00272412 15087
QZS-3-(MICHIBIKI-3)-----
1 42917U 17048A   21272.94689426 -.00000349  00000-0  00000+0 0  9991
2 42917   0.0538 169.2571 0002625  35.0846 272.4898  1.00276255 15108
AMAZONAS-5--------------
1 42934U 17053A   21272.40692729 -.00000283  00000-0  00000-0 0  9995
2 42934   0.0419 331.5755 0002355 252.7514 229.5592  1.00273110 14822
ASIASAT-9---------------
1 42942U 17057A   21272.29991065 -.00000361  00000-0  00000-0 0  9997
2 42942   0.0043 204.2023 0002285 340.6183  53.5492  1.00270083 14672
INTELSAT-37E-(IS-37E)---
1 42950U 17059A   21273.01021767 -.00000142  00000-0  00000+0 0  9998
2 42950   0.0154 197.3250 0002858   2.3361 155.0150  1.00272024 14782
BSAT-4A-----------------
1 42951U 17059B   21273.01527326 -.00000352  00000-0  00000+0 0  9994
2 42951   0.0723  41.9935 0000524  84.4694 357.8865  1.00272017 14694
QZS-4-(MICHIBIKI-4)-----
1 42965U 17062A   21272.54656619 -.00000310  00000-0  00000+0 0  9992
2 42965  40.8152   5.4837 0748455 269.6771  69.7022  1.00277470 14544
SES-11-(ECHOSTAR-105)---
1 42967U 17063A   21272.62579990 -.00000091  00000-0  00000+0 0  9996
2 42967   0.0308 267.2474 0002529 296.1673 285.5407  1.00272405 14541
KOREASAT-5A-------------
1 42984U 17067A   21273.01588380 -.00000360  00000-0  00000+0 0  9995
2 42984   0.0185 173.1157 0001842  19.2614 295.4990  1.00270858 14370
ALCOMSAT-1--------------
1 43039U 17078A   21272.95674236 -.00000187  00000-0  00000+0 0  9994
2 43039   0.0245 209.4435 0002227 338.3442 140.7811  1.00271336 14021
SBIRS-GEO-3-(USA-282)---
1 43162U 18009A   21272.94924914 -.00000294  00000-0  00000+0 0  9995
2 43162   4.0498 317.5544 0002483 233.7432 298.3619  1.00272167 13573
AL-YAH-3----------------
1 43174U 18012A   21273.01021767 -.00000157  00000-0  00000+0 0  9993
2 43174   0.0110 237.7783 0001985 318.5115 156.2769  1.00272242 13579
SES-14------------------
1 43175U 18012B   21272.48140399 -.00000279  00000-0  00000-0 0  9993
2 43175   0.0163 226.2982 0001185 334.0188 293.9698  1.00272230 13800
GOES-17-----------------
1 43226U 18022A   21272.53513034  .00000096  00000-0  00000-0 0  9993
2 43226   0.0578 294.2533 0000446 306.2002 183.5201  1.00273473 13140
HISPASAT-30W-6----------
1 43228U 18023A   21272.41311977 -.00000217  00000-0  00000-0 0  9991
2 43228   0.0476  30.0653 0002473 140.5373 316.5589  1.00271403 13205
SUPERBIRD-8-------------
1 43271U 18033A   21272.45149574 -.00000093  00000-0  00000-0 0  9998
2 43271   0.0093 198.1356 0001104 350.7849 144.0789  1.00271781 12784
HYLAS-4-----------------
1 43272U 18033B   21273.05845510 -.00000234  00000-0  00000+0 0  9995
2 43272   0.0316 181.1198 0004565   1.7822 173.6532  1.00276451 12825
IRNSS-1I----------------
1 43286U 18035A   21269.63073072  .00000103  00000-0  00000-0 0  9992
2 43286  29.2952 101.6703 0020232 178.2501   7.9037  1.00275919 12783
USA-283-----------------
1 43339U 18036A   21272.51768671 -.00000318  00000-0  00000+0 0  9997
2 43339   0.0140 274.2704 0000972   0.4610  54.2395  1.00270535  1477
COSMOS-2526-------------
1 43432U 18037A   21272.73180722 -.00000346  00000-0  00000+0 0  9992
2 43432   0.0192 127.7577 0000375  46.0526 226.4229  1.00272600 12709
APSTAR-6C---------------
1 43450U 18041A   21272.94828975 -.00000319  00000-0  00000+0 0  9999
2 43450   0.0056 179.4271 0002768  36.0984 268.7696  1.00269302 12586
BANGABANDHUSAT-1--------
1 43463U 18044A   21272.51463407 -.00000364  00000-0  00000-0 0  9995
2 43463   0.0030 151.2095 0002424  51.1166 110.5463  1.00270220 12445
SES-12------------------
1 43488U 18049A   21272.58161759 -.00000271  00000-0  00000-0 0  9996
2 43488   0.0369  61.6346 0002144 184.9653  66.3576  1.00272154 12165
FENGYUN-2H--------------
1 43491U 18050A   21272.57839053 -.00000127  00000-0  00000-0 0  9990
2 43491   0.4915 105.3116 0003810  41.6734 148.6708  1.00276728 12174
BEIDOU-IGSO-7-----------
1 43539U 18057A   21272.90596214 -.00000152  00000-0  00000+0 0  9993
2 43539  55.0623 178.0222 0041181 224.0291  45.0297  1.00290052 11899
TELSTAR-19V-------------
1 43562U 18059A   21273.05252427 -.00000281  00000-0  00000+0 0  9996
2 43562   0.0091 182.0681 0002822 343.1876 159.6978  1.00270825 11905
TELKOM-4-(MERAH-PUTIH)--
1 43587U 18064A   21273.01483719 -.00000346  00000-0  00000+0 0  9997
2 43587   0.0152 235.4731 0001643 337.8959 268.9806  1.00273011 11602
TELSTAR-18V-(APSTAR-5C)-
1 43611U 18069A   21272.73372602 -.00000295  00000-0  00000+0 0  9999
2 43611   0.0109 217.4039 0002083 333.2651 220.2057  1.00273266 11354
AZERSPACE-2-(IS-38)-----
1 43632U 18074A   21273.07415437  .00000135  00000-0  00000+0 0  9992
2 43632   0.0184 169.6361 0001506  36.7684 234.4646  1.00271989 11201
HORIZONS-3E-------------
1 43633U 18074B   21272.55269767 -.00000031  00000-0  00000-0 0  9995
2 43633   0.0194   7.6880 0001002 276.2684  92.5698  1.00272908 11079
AEHF-4-(USA-288)--------
1 43651U 18079A   21273.05165208 -.00000278  00000-0  00000+0 0  9993
2 43651   2.9476 313.3514 0002922 246.0626 120.5868  1.00276976 11033
BEIDOU-3-G1-------------
1 43683U 18085A   21272.94951080 -.00000280  00000-0  00000+0 0  9996
2 43683   0.9199 213.0748 0004838  29.0720 248.6507  1.00270698 10794
GSAT-29-----------------
1 43698U 18089A   21272.57368076  .00000083  00000-0  00000-0 0  9993
2 43698   0.0482  92.3568 0002021 115.5738  62.2564  1.00272343 10529
ES'HAIL-2---------------
1 43700U 18090A   21273.07022955  .00000143  00000-0  00000+0 0  9994
2 43700   0.0183 175.6573 0002426  46.8491 197.6196  1.00272704 10663
GEO-KOMPSAT-2A----------
1 43823U 18100A   21272.58815896 -.00000345  00000-0  00000-0 0  9997
2 43823   0.0397 312.3703 0001724 284.4573 111.7572  1.00271929 10351
GSAT-11-----------------
1 43824U 18100B   21273.07991076 -.00000079  00000-0  00000+0 0  9991
2 43824   0.0420 255.1368 0005919 232.1484 344.5491  1.00272931 10373
GSAT-7A-----------------
1 43864U 18105A   21272.57525068  .00000025  00000-0  00000-0 0  9999
2 43864   0.0520 132.8429 0002345  74.1038  71.4891  1.00271214 10201
COSMOS-2533-------------
1 43867U 18107A   21273.11330306 -.00000040  00000-0  00000+0 0  9991
2 43867   0.0132 151.2809 0000367 359.3579 329.2452  1.00272898 10172
TJS-3-------------------
1 43874U 18110A   21272.68657212  .00000040  00000-0  00000+0 0  9991
2 43874   0.0535 297.7152 0002991 243.0516 140.7449  1.00052528 10212
TJS-3-AKM---------------
1 43917U 18110C   21272.60489959  .00000054  00000-0  00000+0 0  9997
2 43917   0.0459 252.0617 0006602 303.4431  90.0471  1.00272678 10071
CHINASAT-2D-(ZX-2D)-----
1 43920U 19001A   21272.94750478 -.00000338  00000-0  00000+0 0  9991
2 43920   0.0207 331.6330 0001520  37.5853 110.8361  1.00273222 10096
HELLAS-SAT-4-&-SGS-1----
1 44034U 19007A   21273.11859887  .00000151  00000-0  00000+0 0  9990
2 44034   0.0624 129.0593 0006030  32.9267 288.8230  1.00270392 10091
GSAT-31-----------------
1 44035U 19007B   21273.07467767  .00000123  00000-0  00000+0 0  9997
2 44035   0.0126 183.5295 0004097  48.5824 211.7110  1.00273733  9717
NUSANTARA-SATU----------
1 44048U 19009A   21272.73538316 -.00000236  00000-0  00000+0 0  9990
2 44048   0.0199 159.1486 0001758  34.8482 225.4590  1.00267868  9515
CHINASAT-6C-(ZX-6C)-----
1 44067U 19012A   21272.73215609 -.00000338  00000-0  00000+0 0  9995
2 44067   0.0265 254.8513 0003208  20.6557 126.7772  1.00269799  9477
WGS-10-(USA-291)--------
1 44071U 19014A   21273.05220493  .00000045  00000-0  00000+0 0  9999
2 44071   0.0184 166.4854 0000281 101.0993 180.5840  1.00271656  9350
TIANLIAN-2-01-----------
1 44076U 19017A   21272.93747469 -.00000139  00000-0  00000+0 0  9995
2 44076   0.8768 282.3949 0033828 228.0763 275.9986  1.00272015  9352
ARABSAT-6A--------------
1 44186U 19021A   21272.71235758  .00000152  00000-0  00000+0 0  9995
2 44186   0.0551 333.4773 0005450 256.4182  65.7698  1.00271053  8893
BEIDOU-3-IGSO-1---------
1 44204U 19023A   21272.41740083 -.00000184  00000-0  00000-0 0  9994
2 44204  56.1751  55.7905 0022564 184.9700  35.9363  1.00289913  9090
BEIDOU-2-G8-------------
1 44231U 19027A   21272.53212131 -.00000248  00000-0  00000-0 0  9990
2 44231   0.3091  37.2663 0007250 162.7642 144.6076  1.00270667  8801
YAMAL-601---------------
1 44307U 19031A   21269.60396606  .00000118  00000-0  00000-0 0  9998
2 44307   0.0070 183.5818 0002174 348.7585  99.7339  1.00274234  8635
AT&T-T-16---------------
1 44333U 19034A   21272.54254389 -.00000116  00000-0  00000-0 0  9997
2 44333   0.0180 211.7732 0000066 158.2062  93.0091  1.00270175  8370
EUTELSAT-7C-------------
1 44334U 19034B   21273.06647917  .00000047  00000-0  00000+0 0  9990
2 44334   0.0373 249.6997 0002930 288.6534 221.5973  1.00271897  8876
BEIDOU-3-IGSO-2---------
1 44337U 19035A   21272.39680793 -.00000152  00000-0  00000-0 0  9997
2 44337  55.0980 174.0600 0020221 182.1654 274.3695  1.00280921  8436
COSMOS-2539-------------
1 44457U 19048A   21269.92202491  .00000080  00000-0  00000-0 0  9993
2 44457   0.0292 132.9957 0000885 147.6126  69.2817  1.00274438  7934
EDRS-C------------------
1 44475U 19049A   21271.89157688  .00000153  00000-0  00000-0 0  9991
2 44475   0.0890 270.6626 0000796 270.5797 178.7799  1.00271378  7937
INTELSAT-39-(IS-39)-----
1 44476U 19049B   21272.57507625  .00000032  00000-0  00000-0 0  9994
2 44476   0.0176 216.8954 0000726 153.4037 267.2386  1.00271723  7895
AMOS-17-----------------
1 44479U 19050A   21272.70965382  .00000108  00000-0  00000+0 0  9995
2 44479   0.0167 228.2918 0002041 330.4595  82.4171  1.00273259  7911
AEHF-5-(USA-292)--------
1 44481U 19051A   21273.04911326  .00000080  00000-0  00000+0 0  9995
2 44481   4.9666 305.4624 0004113 237.5100 258.4057  1.00265098  8005
EUTELSAT-5-WEST-B-------
1 44624U 19067A   21273.06412427 -.00000043  00000-0  00000+0 0  9991
2 44624   0.0642  11.7480 0005706 131.2738 244.1208  1.00271893  7186
MEV-1-------------------
1 44625U 19067B   21270.76279237 -.00000202  00000-0  00000-0 0  9994
2 44625   0.0175 157.3498 0001078  56.3653  40.1803  1.00273222 74306
TJS-4-------------------
1 44637U 19070A   21272.72291097 -.00000172  00000-0  00000+0 0  9992
2 44637   0.0739 106.6291 0002259 187.2806  58.6302  1.00271832  7296
BEIDOU-3-IGSO-3---------
1 44709U 19073A   21272.66019291 -.00000138  00000-0  00000-0 0  9995
2 44709  57.6801 299.0879 0020445 185.0526 241.6742  1.00285584  7195
TIBA-1------------------
1 44800U 19080A   21272.56975594  .00000154  00000-0  00000-0 0  9998
2 44800   0.0520   2.1979 0002184 195.4960  51.4623  1.00272413  6795
INMARSAT-GX5------------
1 44801U 19080B   21273.06735134  .00000074  00000-0  00000+0 0  9999
2 44801   0.0138   0.4009 0001597 207.4376 196.4723  1.00273917  6834
JCSAT-18-(KACIFIC-1)----
1 44868U 19091A   21272.87973630 -.00000201  00000-0  00000+0 0  9990
2 44868   0.0276 290.1114 0001289 304.5670 240.8796  1.00274805  6830
ELEKTRO-L-3-------------
1 44903U 19095A   21272.57786722 -.00000099  00000-0  00000-0 0  9991
2 44903   0.0595 346.8282 0001737 251.3236  54.4272  1.00273348  6451
SHIJIAN-20-(SJ-20)------
1 44910U 19097A   21272.58013488 -.00000209  00000-0  00000+0 0  9996
2 44910   0.5130  93.5390 0004695  44.2620 167.1702  1.00274420  6437
TJS-5-------------------
1 44978U 20002A   21273.01474995 -.00000344  00000-0  00000+0 0  9991
2 44978   0.2919 283.8934 0004636 226.4948 331.4436  1.00273340  6433
GSAT-30-----------------
1 45026U 20005A   21272.57926271 -.00000166  00000-0  00000-0 0  9991
2 45026   0.0257 119.4853 0003630 352.5918 188.0245  1.00270904  6253
EUTELSAT-KONNECT--------
1 45027U 20005B   21273.06656639  .00000048  00000-0  00000+0 0  9992
2 45027   0.0486 114.2435 0001065 182.9871 102.9561  1.00270018  7073
JCSAT-17----------------
1 45245U 20013A   21272.55527297 -.00000315  00000-0  00000+0 0  9991
2 45245   6.4133 344.4497 0003868 194.4425 165.5214  1.00270470  5985
GEO-KOMPSAT-2B----------
1 45246U 20013B   21273.01884921 -.00000345  00000-0  00000+0 0  9997
2 45246   0.0426  16.0441 0000838 147.9242 340.0714  1.00272397  5992
BEIDOU-3-G2-------------
1 45344U 20017A   21271.43021617 -.00000141  00000-0  00000-0 0  9994
2 45344   2.3030 339.6328 0003721 163.5448  99.1339  1.00270647  5992
AEHF-6-(USA-298)--------
1 45465U 20022B   21272.94898750 -.00000303  00000-0  00000+0 0  9990
2 45465   6.5487 305.0591 0047414 349.8274 193.3065  1.00266954  5720
BEIDOU-3-G3-------------
1 45807U 20040A   21272.60445885 -.00000357  00000-0  00000-0 0  9990
2 45807   2.0465 299.0370 0010086 336.5976  61.1303  1.00273261  4827
APSTAR-6D---------------
1 45863U 20045A   21272.73294105 -.00000319  00000-0  00000+0 0  9995
2 45863   0.0493 101.2699 0001721  80.6087 224.7326  1.00271866  4597
KOREASAT-116------------
1 45920U 20048A   21273.01649432 -.00000363  00000-0  00000+0 0  9990
2 45920   0.0174 224.0424 0000998 337.1517 289.9652  1.00273230  4390
EXPRESS-103-------------
1 45985U 20053A   21272.70788910 -.00000282  00000-0  00000+0 0  9997
2 45985   0.0305 300.7184 0000317  26.3771  32.9254  1.00272256  4386
EXPRESS-80--------------
1 45986U 20053B   21272.93756191 -.00000138  00000-0  00000+0 0  9999
2 45986   0.0378 340.5083 0001281 317.4638 128.4770  1.00272046  4385
BSAT-4B-----------------
1 46112U 20056A   21272.44102957 -.00000352  00000-0  00000-0 0  9994
2 46112   0.0567 121.5667 0003395  46.2008 109.2790  1.00273139  4123
MEV-2-------------------
1 46113U 20056B   21271.19215921 -.00000011  00000-0  00000-0 0  9994
2 46113   0.0181 158.3886 0001055  53.9161 223.0658  1.00272998 63263
GALAXY-30-(G-30)--------
1 46114U 20056C   21273.04021764  .00000035  00000-0  00000+0 0  9995
2 46114   0.0132 237.5392 0002777 320.2987  60.6638  1.00272578  4149
GAOFEN-13---------------
1 46610U 20071A   21273.01684319 -.00000365  00000-0  00000+0 0  9998
2 46610   1.1496 276.5342 0003398 272.6412 303.7022  1.00276138  3644
TIANTONG-1-2------------
1 46916U 20082A   21272.21937755 -.00000359  00000-0  00000+0 0  9998
2 46916   4.7567 297.4885 0003206 234.4407  40.1439  1.00270236  3381
LUCAS-(JDRS-1)----------
1 47202U 20089A   21272.43719198 -.00000236  00000-0  00000-0 0  9992
2 47202   0.0198 139.4345 0001215  37.8622  79.2617  1.00269352  3149
SXM-7-------------------
1 47240U 20096A   21272.25263841 -.00000023  00000-0  00000-0 0  9995
2 47240   0.0210 177.2040 0001348 165.3735   1.3023  1.00270352  3056
CMS-01------------------
1 47256U 20099A   21273.08165514 -.00000167  00000-0  00000+0 0  9993
2 47256   0.0549 100.7307 0006489 147.9927 232.7770  1.00273816  2938
TURKSAT-5A--------------
1 47306U 21001A   21272.71244479  .00000153  00000-0  00000+0 0  9994
2 47306   0.0180 168.7149 0000423 120.6550   6.7454  1.00278584  2727
TIANTONG-1-3------------
1 47321U 21003A   21272.74245219 -.00000158  00000-0  00000+0 0  9995
2 47321   4.9985 308.8607 0003753 251.7016 156.9657  1.00271708  2711
TJS-6-------------------
1 47613U 21010A   21272.45920613  .00000041  00000-0  00000-0 0  9994
2 47613   0.4619 281.5548 0002074 337.1755  93.5793  1.00268404  2575
SBIRS-GEO-5-(USA-315)---
1 48618U 21042A   21273.07599159 -.00000294  00000-0  00000+0 0  9991
2 48618   7.7878 327.2303 0002541 219.0418 150.3854  1.00551211  1477
FENGYUN-4B--------------
1 48808U 21047A   21271.36715745 -.00000358  00000-0  00000-0 0  9990
2 48808   0.1932 108.8064 0000819  28.2112 126.2719  1.00268109  1293
SXM-8-------------------
1 48838U 21049A   21273.20465985 -.00000206  00000-0  00000+0 0  9999
2 48838   0.1115 103.5128 0001991 276.8131 337.3246  1.00270841  1360
TIANLIAN-1-05-----------
1 49011U 21063A   21272.70834556  .00000069  00000-0  00000+0 0  9993
2 49011   2.8214 286.0316 0003425 325.0244  23.2971  1.00275437   816
STAR-ONE-D2-------------
1 49055U 21069A   21272.17177806 -.00000266  00000-0  00000-0 0  9997
2 49055   0.0158 184.6370 0002856  29.0644 146.3032  1.00271143   642
EUTELSAT-QUANTUM--------
1 49056U 21069B   21272.71575909  .00000125  00000-0  00000+0 0  9996
2 49056   0.0125 205.2817 0002385  43.7824  65.0190  1.00271171   657
CHINASAT-2E-(ZX-2E)-----
1 49062U 21071A   21272.58222813 -.00000293  00000-0  00000-0 0  9992
2 49062   0.2078 267.9154 0000918  16.4195  31.8750  1.00269909   794
TJS-7-------------------
1 49115U 21077A   21273.27150841 -.00000232  00000-0  00000+0 0  9997
2 49115   0.9395 275.5514 0001225 291.6510  46.3204  1.00273240   559
CHINASAT-9B-------------
1 49125U 21080A   21272.58292587 -.00000314  00000-0  00000-0 0  9991
2 49125   0.0537 263.2850 0004065 274.3247 142.2170  1.00272078   372
