FLTSATCOM 7 (USA 20)    
1 17181U 86096A   19072.47922388 -.00000317  00000-0  00000+0 0  9990
2 17181  14.6308   0.0038 0001677 304.4832 138.9098  1.00262057125670
TDRS 3                  
1 19548U 88091B   19072.19007749 -.00000298  00000-0  00000+0 0  9998
2 19548  14.3689   1.6768 0037869 318.9072 229.3375  1.00279437 98765
FLTSATCOM 8 (USA 46)    
1 20253U 89077A   19072.24284387 -.00000143  00000-0  00000+0 0  9998
2 20253  13.0603   9.2812 0006911 327.9333 265.3097  1.00271723234000
SKYNET 4C               
1 20776U 90079A   19071.97470230  .00000127  00000-0  00000+0 0  9996
2 20776  13.9798  10.0037 0003380 328.7511 215.9791  1.00275061104330
TDRS 5                  
1 21639U 91054B   19071.77084406  .00000086  00000-0  00000+0 0  9997
2 21639  14.6578  14.9625 0025077 343.9156 281.3060  1.00264704101100
TDRS 6                  
1 22314U 93003B   19072.49216786 -.00000293  00000-0  00000+0 0  9993
2 22314  14.2498  18.0147 0006606 339.8524 304.3061  1.00275318 95777
UFO 2 (USA 95)          
1 22787U 93056A   19072.54799132  .00000126  00000-0  00000+0 0  9996
2 22787  11.1218  18.3989 0003454 357.2794  21.1214  1.00272626 92067
USA 99 (MILSTAR-1 1)    
1 22988U 94009A   19072.82173752 -.00000267  00000-0  00000+0 0  9990
2 22988  13.3633  56.4764 0001796 317.9134  53.7750  1.00270032  5055
ASTRA 1D                
1 23331U 94070A   19071.88166464 -.00000268  00000-0  00000-0 0  9990
2 23331   8.4729  45.0117 0004025 311.9014  57.6984  1.00273183 89687
USA 107 (DSP 17)        
1 23435U 94084A   19072.74749979 -.00000301  00000-0  00000+0 0  9991
2 23435  14.4544  16.1803 0001000  10.9869   2.5472  1.00256893  5104
UFO 4 (USA 108)         
1 23467U 95003A   19072.43744758 -.00000024  00000-0  00000+0 0  9996
2 23467   9.9314  23.4314 0003889 341.6765 135.4200  1.00268949 88366
AMSC 1                  
1 23553U 95019A   19072.48869942 -.00000098  00000-0  00000+0 0  9998
2 23553  10.8037  34.6249 0009254 342.4831 223.1514  1.00271847 87566
TDRS 7                  
1 23613U 95035B   19072.48070244 -.00000199  00000-0  00000+0 0  9994
2 23613  14.3805   8.7056 0036367  28.3656  31.3424  1.00277530 86555
USA 113                 
1 23628U 95038A   19071.83118104 -.00000338  00000-0  00000-0 0  9995
2 23628  10.9992  33.5331 0001884 286.1409 253.5866  1.00271088  6369
USA 115 (MILSTAR-1 2)   
1 23712U 95060A   19071.87826244 -.00000199  00000-0  00000-0 0  9994
2 23712  12.9537  23.8669 0003000 314.5532  57.9687  1.00274082  6310
INMARSAT 3-F1           
1 23839U 96020A   19072.48346204  .00000002  00000-0  00000+0 0  9993
2 23839   5.1835  64.5757 0006048 293.0346  51.7327  1.00271035 84026
ASTRA 1F                
1 23842U 96021A   19072.12047348  .00000134  00000-0  00000+0 0  9992
2 23842   0.0488 328.8876 0004603  18.5131 270.6956  1.00271780 83726
MSAT M1                 
1 23846U 96022A   19072.55152407 -.00000088  00000-0  00000+0 0  9996
2 23846   8.6571  44.4193 0007014 320.6804 256.8336  1.00272225 83838
INMARSAT 3-F2           
1 24307U 96053A   19072.38872388 -.00000289  00000-0  00000+0 0  9994
2 24307   3.9264  74.4930 0007426 280.9601 264.7161  0.99994831 82429
AMC-1 (GE-1)            
1 24315U 96054A   19072.73162286  .00000060  00000-0  00000+0 0  9998
2 24315   2.9132  81.6798 0002844 268.6530 313.2058  1.00272397 82420
INMARSAT 3-F3           
1 24674U 96070A   19072.34812587  .00000031  00000-0  00000+0 0  9995
2 24674   4.6769  68.6822 0005546 290.0084 115.3779  1.00272989 81361
AMC-2 (GE-2)            
1 24713U 97002A   19072.52539723 -.00000217  00000-0  00000+0 0  9990
2 24713   5.5047  62.7378 0005358 289.1604 283.2529  1.00272576 31728
INTELSAT 26 (IS-26)     
1 24732U 97007A   19072.48293862  .00000016  00000-0  00000+0 0  9998
2 24732   8.3906  45.7740 0004637 330.1409  30.9346  1.00271903 80683
USA 130 (DSP 18)        
1 24737U 97008A   19071.61062273  .00000030  00000-0  00000+0 0  9994
2 24737  13.3114  23.8350 0000937 257.8284 116.0886  1.00264704  5003
GALAXY 25 (G-25)        
1 24812U 97026A   19072.16487656 -.00000168  00000-0  00000+0 0  9998
2 24812   0.8588  94.0166 0003517 263.8429 138.8857  1.00271969 79757
INTELSAT 5 (IS-5)       
1 24916U 97046A   19072.51484168  .00000087  00000-0  00000+0 0  9998
2 24916   4.7844  67.9765 0003426 287.7563 223.4475  1.00271577 79018
AMC-3 (GE-3)            
1 24936U 97050A   19072.81519484 -.00000266  00000-0  00000+0 0  9998
2 24936   1.7496  89.0028 0002939 264.1363  39.4717  1.00271152 78856
NSS-5                   
1 24957U 97053A   19072.48067050  .00000102  00000-0  00000+0 0  9992
2 24957   5.0589  66.1670 0004223 300.4417  27.7330  1.00270781 78634
USA 134                 
1 25019U 97065A   19071.94493562 -.00000060  00000-0  00000+0 0  9990
2 25019   9.6775  39.1948 0008975 282.9484  76.3364  1.00271735  5003
ASTRA 1G                
1 25071U 97076A   19072.10634269  .00000063  00000-0  00000+0 0  9992
2 25071   3.6293  75.6938 0003699 266.6887 283.5455  1.00270456 77931
INMARSAT 3-F5           
1 25153U 98006B   19072.38371444 -.00000293  00000-0  00000+0 0  9996
2 25153   3.8497  72.3007 0004892 285.9631 256.6085  1.00270130 77285
UFO 8 (USA 138)         
1 25258U 98016A   19072.34867222 -.00000026  00000-0  00000+0 0  9997
2 25258   8.1949  34.7102 0006699 312.1231 120.9302  1.00270156 76973
THOR III                
1 25358U 98035A   19072.75683403 -.00000049  00000-0  00000+0 0  9996
2 25358   6.4866  55.6371 0002586 308.4301  75.1771  1.00271379 76115
INTELSAT 805 (IS-805)   
1 25371U 98037A   19072.50431140 -.00000036  00000-0  00000+0 0  9991
2 25371   1.3922  91.2623 0003375 258.1369 172.0738  1.00272509 75963
ASTRA 2A                
1 25462U 98050A   19072.49052815 -.00000310  00000-0  00000+0 0  9998
2 25462   0.5548  99.1959 0002844 236.5156 111.6726  1.00268907 75145
JCSAT-4A                
1 25630U 99006A   19072.85942344 -.00000210  00000-0  00000+0 0  9991
2 25630   3.6104  76.7384 0002489 296.2787 257.5564  1.00269382 73400
SKYNET 4E               
1 25639U 99009B   19071.60887802 -.00000032  00000-0  00000-0 0  9995
2 25639  10.6061  24.0083 0003134 311.5189  52.3962  1.00272347 73415
ASIASAT 3S              
1 25657U 99013A   19072.85863830 -.00000243  00000-0  00000+0 0  9996
2 25657   3.8113  75.1139 0003909 275.0383 276.2021  1.00271464 73227
NIMIQ 1                 
1 25740U 99027A   19072.16618508 -.00000204  00000-0  00000+0 0  9995
2 25740   0.0267  99.9114 0004371 239.2235 164.6448  1.00270707 72601
ASTRA 1H                
1 25785U 99033A   19072.45720404 -.00000281  00000-0  00000+0 0  9997
2 25785   5.0425  66.3131 0003110 287.4471 274.4915  1.00268446 72184
ABS-7                   
1 25894U 99046A   19072.06733493 -.00000367  00000-0  00000+0 0  9996
2 25894   0.0284 111.4235 0002581 218.2782 341.0528  1.00274136 70539
ABS-6                   
1 25924U 99053A   19072.50230498 -.00000126  00000-0  00000+0 0  9997
2 25924   0.0328 295.3188 0002192  66.8351 148.5328  1.00270318 71276
TELSTAR 12 (ORION 2)    
1 25949U 99059A   19071.86239174 -.00000067  00000-0  00000+0 0  9992
2 25949   2.2636  87.4596 0003166 252.6584  31.3399  1.00271631 70924
AMC-4 (GE-4)            
1 25954U 99060A   19072.49162633  .00000081  00000-0  00000+0 0  9990
2 25954   0.0514 288.8374 0002597  68.7716 215.2929  1.00272822 70882
UFO 10 (USA 146)        
1 25967U 99063A   19072.24370594 -.00000183  00000-0  00000+0 0  9991
2 25967   7.3471  36.9899 0004359 319.5916 239.6276  1.00270607 70737
GALAXY 11 (G-11)        
1 26038U 99071A   19071.76084293  .00000146  00000-0  00000+0 0  9992
2 26038   0.1435 110.3965 0002935 271.3565 103.0884  1.00023766 70474
USA 148                 
1 26052U 00001A   19072.14760385  .00000040  00000-0  00000+0 0  9992
2 26052   7.7104  49.3054 0002896 310.7547  43.7964  1.00270146  5024
ASIASTAR                
1 26107U 00016A   19072.49148773 -.00000339  00000-0  00000+0 0  9990
2 26107   3.0047  79.6992 0004424 274.4479  98.6119  1.00272528 69551
USA 149 (DSP 20)        
1 26356U 00024A   19071.70499828  .00000100  00000-0  00000+0 0  9993
2 26356  11.1635  29.8629 0001455 248.4052 339.9688  1.00280441  4995
EUTELSAT 80A            
1 26369U 00028A   19072.84354648 -.00000049  00000-0  00000+0 0  9990
2 26369   2.3628  83.7254 0005997 266.5854 194.8205  1.00272027 68884
TDRS 8                  
1 26388U 00034A   19072.47905215 -.00000231  00000-0  00000+0 0  9992
2 26388   8.5139  50.8241 0015526 291.7207  89.7484  1.00265754 68578
INTELSAT 9 (IS-9)       
1 26451U 00043A   19072.12483528 -.00000011  00000-0  00000+0 0  9999
2 26451   4.7711  68.1809 0003320 284.9392 288.4204  1.00271475 68242
BRASILSAT B4            
1 26469U 00046A   19072.16505102 -.00000175  00000-0  00000+0 0  9999
2 26469   2.9798  81.3823 0003570 288.0234 128.5226  1.00270748 68033
ASTRA 2B                
1 26494U 00054A   19072.82324059  .00000111  00000-0  00000+0 0  9998
2 26494   3.5252  76.3385 0005294 276.1169 134.4546  1.00264263 67642
AMC-7 (GE-7)            
1 26495U 00054B   19072.49162740  .00000082  00000-0  00000+0 0  9996
2 26495   0.2539  95.2803 0002601 261.9978 215.5166  1.00270501 67651
NSS-11 (AAP-1)          
1 26554U 00059A   19071.85959397  .00000020  00000-0  00000+0 0  9990
2 26554   0.0437 305.6882 0003242  62.9005 287.0495  1.00271076 67577
USA 153                 
1 26575U 00065A   19071.90049497 -.00000325  00000-0  00000-0 0  9997
2 26575   7.1500  52.4536 0002126 297.7456 278.6590  1.00271908  6322
AMC-6 (GE-6)            
1 26580U 00067A   19072.81292670 -.00000223  00000-0  00000+0 0  9995
2 26580   0.0388 315.5845 0002645  23.3262  41.8675  1.00273136 67397
INTELSAT 12 (IS-12)     
1 26590U 00068A   19072.70097738  .00000007  00000-0  00000+0 0  9992
2 26590   1.8615  88.7578 0002927 227.2918 171.5523  1.00272939 67201
INTELSAT 1R (IS-1R)     
1 26608U 00072A   19072.14298035 -.00000143  00000-0  00000+0 0  9990
2 26608   1.6561  89.3609 0000160 162.8298 126.8448  1.00271661 67056
ANIK F1                 
1 26624U 00076A   19072.36401937 -.00000080  00000-0  00000+0 0  9993
2 26624   0.0203 146.9947 0000865 232.4221 175.0213  1.00272105 67125
ASTRA 2D                
1 26638U 00081A   19072.75875323  .00000025  00000-0  00000+0 0  9999
2 26638   4.8784  67.0662 0002008 274.3454 107.9876  1.00272535 66795
AMC-8 (GE-8)            
1 26639U 00081B   19072.52209877  .00000098  00000-0  00000+0 0  9990
2 26639   0.0237 137.1471 0001768 195.5620 247.0611  1.00272838 66671
SKYNET 4F               
1 26695U 01005B   19072.75090199 -.00000252  00000-0  00000+0 0  9992
2 26695   9.5566  32.4229 0003501 310.1168  64.8707  1.00272301 66282
USA 157 (MILSTAR-2 2)   
1 26715U 01009A   19072.41259662 -.00000366  00000-0  00000+0 0  9990
2 26715   8.9038  32.7850 0002089 324.2002  73.3276  1.00270407  5046
EUTELSAT 33C            
1 26719U 01011A   19072.48945003  .00000072  00000-0  00000+0 0  9998
2 26719   0.9109  90.7797 0005087 261.2680 222.0881  1.00271550 65971
INTELSAT 10 (IS-10)     
1 26766U 01019A   19072.19287928  .00000120  00000-0  00000+0 0  9995
2 26766   2.8653  81.8828 0001244 219.5508 346.0329  1.00269375 65325
INTELSAT 901 (IS-901)   
1 26824U 01024A   19072.46470633 -.00000220  00000-0  00000+0 0  9995
2 26824   0.8387  93.7772 0002958 261.5519 313.2548  1.00271841 64996
ASTRA 2C                
1 26853U 01025A   19072.16438201  .00000132  00000-0  00000+0 0  9991
2 26853   1.7738  88.7344 0002852 255.1229 269.5079  1.00273763 64972
USA 159 (DSP 21)        
1 26880U 01033A   19071.74278510 -.00000295  00000-0  00000+0 0  9999
2 26880  10.3276  33.5249 0001370 294.5388  60.0014  1.00278482  5009
INTELSAT 902 (IS-902)   
1 26900U 01039A   19072.09563312  .00000027  00000-0  00000+0 0  9996
2 26900   0.0157 145.3410 0003064 219.8252 261.6715  1.00273080 64168
EUTELSAT 12 WEST B      
1 26927U 01042A   19072.82705891 -.00000107  00000-0  00000+0 0  9990
2 26927   0.0369  35.6039 0006484 323.4008  97.3883  1.00271204 63930
DIRECTV 4S              
1 26985U 01052A   19072.58045128 -.00000120  00000-0  00000+0 0  9993
2 26985   0.0183 187.5124 0002736 164.7944 286.3669  1.00271591 63392
USA 164 (MILSTAR-2 3)   
1 27168U 02001A   19072.11532656  .00000101  00000-0  00000+0 0  9996
2 27168   8.3064  33.8818 0001978 297.7394 259.2876  1.00270771  5047
ECHOSTAR 7              
1 27378U 02006A   19072.56376740 -.00000007  00000-0  00000+0 0  9999
2 27378   0.0406 301.5705 0001352  39.9870 273.5081  1.00269970 62465
INTELSAT 904 (IS-904)   
1 27380U 02007A   19072.47866407  .00000146  00000-0  00000+0 0  9990
2 27380   0.3872  98.7488 0002940 209.0008  75.9389  1.00164316 62494
TDRS 9                  
1 27389U 02011A   19072.39011964 -.00000284  00000-0  00000+0 0  9999
2 27389   6.5411  71.8543 0013467 263.3267 293.0229  1.00080299 63832
JCSAT 2A                
1 27399U 02015A   19072.53239806 -.00000313  00000-0  00000+0 0  9990
2 27399   1.8537  88.6628 0007563 196.7696 213.0973  1.00273238 62020
ASTRA 3A                
1 27400U 02015B   19072.82016729 -.00000288  00000-0  00000+0 0  9993
2 27400   5.0214  65.7803 0002957 283.4600  70.1407  1.00268159 62124
INTELSAT 903 (IS-903)   
1 27403U 02016A   19072.87656788 -.00000231  00000-0  00000+0 0  9995
2 27403   1.2245  92.3281 0001687 288.3746  74.5603  1.00271717 62051
NSS-7                   
1 27414U 02019A   19072.39474316 -.00000162  00000-0  00000+0 0  9995
2 27414   3.2276  79.5885 0002436 269.4419 303.7920  1.00271982 61957
DIRECTV 5 (TEMPO 1)     
1 27426U 02023A   19072.66401505 -.00000062  00000-0  00000+0 0  9992
2 27426   0.0198 247.4705 0003259 111.1190 301.3217  1.00270408 61717
INTELSAT 905 (IS-905)   
1 27438U 02027A   19072.39387079 -.00000191  00000-0  00000+0 0  9991
2 27438   0.2074 101.6513 0002735 252.5331 293.8183  1.00270471 61366
EXPRESS-A4              
1 27441U 02029A   19072.73280168 -.00000251  00000-0  00000+0 0  9993
2 27441   7.0996  52.7294 0009807  64.6609 102.7696  1.00277044 61378
GALAXY 3C (G-3C)        
1 27445U 02030A   19072.59518594 -.00000159  00000-0  00000+0 0  9997
2 27445   0.0287 281.4998 0002632  64.5025 304.1405  1.00282110 61354
EUTELSAT 5 WEST A       
1 27460U 02035A   19072.37410576 -.00000048  00000-0  00000+0 0  9993
2 27460   0.0586 319.0640 0005766  34.6912 306.6314  1.00270750 61149
N-STAR C                
1 27461U 02035B   19071.92688237 -.00000314  00000-0  00000+0 0  9991
2 27461   5.7919  61.4078 0004394 335.5129 242.9862  1.00276331 61055
METEOSAT-8 (MSG-1)      
1 27509U 02040B   19072.55069564  .00000133  00000-0  00000+0 0  9994
2 27509   5.9260  55.9478 0001922 315.2647  39.8190  1.00284166 60652
INTELSAT 906 (IS-906)   
1 27513U 02041A   19072.48337480  .00000009  00000-0  00000+0 0  9999
2 27513   0.0285 235.5369 0002241 126.2425  47.1876  1.00271876 60370
HISPASAT 30W-4          
1 27528U 02044A   19072.17735128 -.00000223  00000-0  00000+0 0  9994
2 27528   0.0388  27.1532 0005751 324.7132 212.2814  1.00273454 60344
TDRS 10                 
1 27566U 02055A   19071.77444431  .00000091  00000-0  00000+0 0  9999
2 27566   6.1146  55.6658 0010627 268.4018 313.7343  1.00276718 59624
NSS-6                   
1 27603U 02057A   19072.84843170 -.00000277  00000-0  00000+0 0  9992
2 27603   0.0159 123.8821 0002629 182.5979 265.1234  1.00272117 59491
NIMIQ 2                 
1 27632U 02062A   19072.55919069  .00000018  00000-0  00000+0 0  9991
2 27632   3.3353  78.8009 0001699 279.9051 250.3634  1.00271959 59279
INTELSAT 907 (IS-907)   
1 27683U 03007A   19072.89465514 -.00000210  00000-0  00000+0 0  9990
2 27683   0.0230 213.2202 0002556 135.6287 116.9291  1.00271184 58797
USA 167                 
1 27691U 03008A   19071.56793185  .00000055  00000-0  00000+0 0  9997
2 27691   5.7884  61.2833 0003825 301.3151 241.6112  1.00272314  5017
USA 169 (MILSTAR-2 4)   
1 27711U 03012A   19072.49874104 -.00000009  00000-0  00000+0 0  9999
2 27711   8.3812  47.9069 0003062 324.5269 217.9785  1.00274837  5049
GALAXY 12 (G-12)        
1 27715U 03013B   19072.73197181  .00000052  00000-0  00000+0 0  9991
2 27715   0.4250  96.3172 0001885 257.0534 312.1728  1.00273098 58402
ASIASAT 4               
1 27718U 03014A   19072.47814065  .00000147  00000-0  00000+0 0  9998
2 27718   0.0162 148.4974 0000695 248.4665 344.1508  1.00271200 58324
HELLAS-SAT 2            
1 27811U 03020A   19072.59649447 -.00000134  00000-0  00000+0 0  9999
2 27811   0.8440  97.9459 0002438 238.0326 321.2898  0.99834541 57739
THURAYA-2               
1 27825U 03026A   19071.84256491  .00000127  00000-0  00000+0 0  9991
2 27825   5.4751  31.4823 0005022 321.2531 164.7450  1.00271072 57734
OPTUS C1                
1 27831U 03028B   19071.83675000 -.00000155  00000-0  00000+0 0  9992
2 27831   0.3459 102.8677 0005829 252.7690 271.4867  1.00272221 57712
ECHOSTAR 12 (RAINBOW 1) 
1 27852U 03033A   19071.87904757 -.00000204  00000-0  00000-0 0  9995
2 27852   0.0351 291.4055 0001466  83.9686  24.9075  1.00271174 57347
GALAXY 23 (G-23)        
1 27854U 03034A   19072.21473247  .00000008  00000-0  00000+0 0  9992
2 27854   0.0215 136.1100 0002952 219.2461 131.4897  1.00270742 61947
USA 170                 
1 27875U 03040A   19072.82103965 -.00000277  00000-0  00000+0 0  9995
2 27875   4.9750  66.7953 0002134 286.8271  70.6240  1.00275434  5039
GALAXY 13 (HORIZONS 1)  
1 27954U 03044A   19072.55695257  .00000042  00000-0  00000+0 0  9996
2 27954   0.0186 140.6886 0001791 239.3803 224.3031  1.00271971 56568
YAMAL 202               
1 28089U 03053A   19072.55217865  .00000113  00000-0  00000+0 0  9990
2 28089   0.0572 103.6557 0003451 202.9902 112.0124  1.00273779 56083
UFO 11 (USA 174)        
1 28117U 03057A   19072.48564295 -.00000106  00000-0  00000+0 0  9993
2 28117   5.5857  36.6523 0007376 299.5706  85.0971  1.00271856 55827
USA 176 (DSP 22)        
1 28158U 04004A   19071.98194008 -.00000218  00000-0  00000+0 0  9990
2 28158   8.5764  41.8651 0000604 332.6049 236.6837  1.00275443  5004
ABS-4 (MOBISAT-1)       
1 28184U 04007A   19072.09563312  .00000036  00000-0  00000+0 0  9990
2 28184   0.0045 194.9890 0001844 170.4468 260.4207  1.00272084 54971
EUTELSAT 7A             
1 28187U 04008A   19072.32835664  .00000042  00000-0  00000+0 0  9999
2 28187   0.0777  35.9797 0002991 310.8518 309.0270  1.00270210 54975
DIRECTV 7S              
1 28238U 04016A   19072.56376737 -.00000005  00000-0  00000+0 0  9992
2 28238   0.0186 103.9203 0003071 254.8091 256.0415  1.00272183 54453
AMC-11 (GE-11)          
1 28252U 04017A   19072.73162286  .00000062  00000-0  00000+0 0  9992
2 28252   0.0413 333.9322 0002627  18.3481 311.1492  1.00271270 54107
INTELSAT 10-02          
1 28358U 04022A   19071.89610278 -.00000016  00000-0  00000-0 0  9991
2 28358   0.0150 169.9487 0003145 178.3651 143.5142  1.00272846 54056
APSTAR 5 (TELSTAR 18)   
1 28364U 04024A   19072.78527292 -.00000301  00000-0  00000+0 0  9998
2 28364   0.3517  98.8692 0001291 266.8016 226.1166  1.00270318 53953
ANIK F2                 
1 28378U 04027A   19072.36118860 -.00000055  00000-0  00000+0 0  9993
2 28378   0.0191 145.4090 0000499 139.2371 264.9993  1.00270883 53753
AMC-15                  
1 28446U 04041A   19072.55373399 -.00000095  00000-0  00000+0 0  9990
2 28446   0.0430 336.4268 0002683  23.6169 265.1310  1.00271806 52775
AMC-16                  
1 28472U 04048A   19072.81249052 -.00000213  00000-0  00000+0 0  9995
2 28472   0.0418 324.1746 0002537  15.7698  38.6744  1.00270080 52229
NSS-10 (AMC-12)         
1 28526U 05003A   19072.82238869 -.00000258  00000-0  00000+0 0  9991
2 28526   0.0170 165.1847 0002949 181.5766  83.0071  1.00269128 51726
XTAR-EUR                
1 28542U 05005A   19072.44505535  .00000145  00000-0  00000+0 0  9990
2 28542   0.0192 113.2418 0003187 236.1034  10.6375  1.00272862 51582
XM-3 (RHYTHM)           
1 28626U 05008A   19072.16644679 -.00000211  00000-0  00000+0 0  9993
2 28626   0.0286  18.2295 0000267 274.1740 212.9130  1.00269530 51469
INMARSAT 4-F1           
1 28628U 05009A   19072.49916449 -.00000265  00000-0  00000+0 0  9998
2 28628   2.9634  21.0305 0003128 338.3193 134.6867  1.00272108 51065
APSTAR 6                
1 28638U 05012A   19072.49724530 -.00000325  00000-0  00000+0 0  9998
2 28638   0.6162  96.0964 0002844 272.3828 115.2158  1.00273316 75815
SPACEWAY 1              
1 28644U 05015A   19072.14632569  .00000098  00000-0  00000+0 0  9996
2 28644   0.0830  99.5535 0000150 261.7007  82.9948  1.00272134 50917
DIRECTV 8               
1 28659U 05019A   19072.58045128 -.00000122  00000-0  00000+0 0  9992
2 28659   0.0196 155.9819 0003045 189.9768 293.1481  1.00272520 50581
GALAXY 28 (G-28)        
1 28702U 05022A   19072.59640723 -.00000192  00000-0  00000+0 0  9995
2 28702   0.0233 118.9424 0001338 282.4614 255.2046  1.00270947 50223
EXPRESS-AM3             
1 28707U 05023A   19072.22194847 -.00000327  00000-0  00000+0 0  9992
2 28707   0.7720  93.6540 0001340 170.3394  89.4662  1.00270711 50238
THAICOM 4               
1 28786U 05028A   19072.49436652 -.00000369  00000-0  00000+0 0  9992
2 28786   0.0155 131.5261 0002260 214.9964 121.7709  1.00271923 49722
GALAXY 14 (G-14)        
1 28790U 05030A   19072.55843171  .00000030  00000-0  00000+0 0  9999
2 28790   0.0397 300.8056 0002684  47.2635 258.8505  1.00270672 49704
ANIK F1R                
1 28868U 05036A   19072.08275310 -.00000079  00000-0  00000+0 0  9997
2 28868   0.0105 145.5280 0002933 227.4719  79.9070  1.00271436 49553
GALAXY 15 (G-15)        
1 28884U 05041A   19072.45590194  .00000073  00000-0  00000+0 0  9995
2 28884   0.0279 255.1994 0001778 101.2261 205.4653  1.00270562 49024
SYRACUSE 3A             
1 28885U 05041B   19072.85118870  .00000122  00000-0  00000+0 0  9992
2 28885   0.0341 138.4355 0003285 242.0152 144.0930  1.00274181 49136
INMARSAT 4-F2           
1 28899U 05044A   19072.48328757  .00000006  00000-0  00000+0 0  9997
2 28899   2.7946  24.0069 0003221 347.1748  37.5173  1.00272876 48909
TELKOM 2                
1 28902U 05046A   19072.14280588 -.00000144  00000-0  00000+0 0  9990
2 28902   0.0122 204.7937 0001817 246.4482 287.6071  1.00271288 48649
SPACEWAY 2              
1 28903U 05046B   19072.66602147 -.00000133  00000-0  00000+0 0  9995
2 28903   0.0351  14.2129 0000254 167.5495 129.9190  1.00269747 48896
INSAT-4A                
1 28911U 05049A   19072.48712595 -.00000172  00000-0  00000+0 0  9999
2 28911   0.0916 275.7973 0005480  38.0920 115.3157  1.00273714 48491
METEOSAT-9 (MSG-2)      
1 28912U 05049B   19072.32765875  .00000013  00000-0  00000+0 0  9995
2 28912   3.4653  71.4144 0000789 325.1054 255.3430  1.00270807 48470
EUTELSAT 174A           
1 28924U 05052A   19072.22076646  .00000004  00000-0  00000+0 0  9992
2 28924   0.0665   5.0960 0005895 347.9083  71.0066  1.00271533 48380
ECHOSTAR 10             
1 28935U 06003A   19072.23896230 -.00000061  00000-0  00000+0 0  9995
2 28935   0.0397 294.4777 0001449  78.1950 133.7148  1.00271739 47914
HIMAWARI-7 (MTSAT-2)    
1 28937U 06004A   19072.85846383 -.00000250  00000-0  00000+0 0  9990
2 28937   0.0342 289.5143 0003483  62.3811 273.3420  1.00272964 47756
SPAINSAT                
1 28945U 06007A   19072.60836279 -.00000222  00000-0  00000+0 0  9997
2 28945   0.0409 242.4942 0003793  85.0138  32.4580  1.00272064 47631
EUTELSAT HOT BIRD 13E   
1 28946U 06007B   19071.87982605  .00000082  00000-0  00000+0 0  9994
2 28946   0.0898 255.1384 0001653  97.4015 147.4027  1.00269750 47696
JCSAT-5A                
1 29045U 06010A   19072.85584676 -.00000335  00000-0  00000+0 0  9996
2 29045   0.0191 232.3741 0002219 152.6411 226.3070  1.00270484 47343
ASTRA 1KR               
1 29055U 06012A   19072.21507773  .00000114  00000-0  00000+0 0  9996
2 29055   0.0634 270.5059 0003196  25.6691 330.9824  1.00270279 47145
GOES 13                 
1 29155U 06018A   19072.45319843 -.00000290  00000-0  00000+0 0  9994
2 29155   0.4244 283.2060 0011433 136.0745 214.7388  1.00276471 46918
EUTELSAT 113 WEST A     
1 29162U 06020A   19072.21835678 -.00000043  00000-0  00000+0 0  9994
2 29162   0.0350 291.7009 0003034  65.1677 139.2656  1.00272261 46867
THAICOM 5               
1 29163U 06020B   19072.12727788 -.00000126  00000-0  00000+0 0  9999
2 29163   0.0114 185.4120 0005688 145.9695 323.3974  1.00267917 46921
GALAXY 16 (G-16)        
1 29236U 06023A   19071.57836514 -.00000132  00000-0  00000+0 0  9996
2 29236   0.0194 241.9642 0002670 106.7430 290.4041  1.00272718 46651
EUTELSAT HOT BIRD 13B   
1 29270U 06032A   19072.32957794  .00000081  00000-0  00000+0 0  9994
2 29270   0.1059 318.2585 0004876  21.7850 322.2603  1.00269647 46257
JCSAT-3A                
1 29272U 06033A   19072.85506163 -.00000352  00000-0  00000+0 0  9997
2 29272   0.0357 262.7712 0002102  99.4946 244.7300  1.00272098 46168
SYRACUSE 3B             
1 29273U 06033B   19072.39770918 -.00000050  00000-0  00000+0 0  9993
2 29273   0.0137 206.3135 0004475 156.5175 305.8583  1.00272054 46144
KOREASAT 5 (MUGUNGWHA 5)
1 29349U 06034A   19072.49314522 -.00000364  00000-0  00000+0 0  9992
2 29349   0.0182 164.4195 0001598 260.6863  36.3029  1.00270720 46039
DIRECTV 9S              
1 29494U 06043A   19072.16321906 -.00000119  00000-0  00000+0 0  9999
2 29494   0.0138 183.0690 0003036 164.3895 140.6988  1.00272019 45509
OPTUS D1                
1 29495U 06043B   19072.50247946 -.00000117  00000-0  00000+0 0  9997
2 29495   0.0196 255.3266 0003536  95.8096 160.5734  1.00271394 45541
XM-4 (BLUES)            
1 29520U 06049A   19072.55459392 -.00000029  00000-0  00000+0 0  9999
2 29520   0.0283 336.7291 0000128 322.0318 316.4790  1.00269178 45399
BADR-4                  
1 29526U 06051A   19072.35743809  .00000138  00000-0  00000+0 0  9995
2 29526   0.0577 346.1423 0005614 353.0982 346.1038  1.00271071 45287
WILDBLUE-1              
1 29643U 06054A   19072.66375334 -.00000056  00000-0  00000+0 0  9996
2 29643   0.0314 247.6981 0001973  88.5557 322.5105  1.00271364 44942
AMC-18                  
1 29644U 06054B   19072.51466722  .00000098  00000-0  00000+0 0  9998
2 29644   0.0451 284.6495 0001526 104.2844 188.1655  1.00270664 44954
MEASAT-3                
1 29648U 06056A   19072.07896729 -.00000247  00000-0  00000+0 0  9996
2 29648   0.0305 144.6096 0001156 261.2620 244.4761  1.00272893 44953
INSAT-4B                
1 30793U 07007A   19072.49279627 -.00000360  00000-0  00000+0 0  9990
2 30793   0.0394 259.6447 0003821  86.9713 112.9245  1.00271217 43962
SKYNET 5A               
1 30794U 07007B   19072.48956855 -.00000277  00000-0  00000+0 0  9992
2 30794   0.0671   9.8614 0003432 346.8208  85.5401  1.00272727 44054
ANIK F3                 
1 31102U 07009A   19072.66227032 -.00000008  00000-0  00000+0 0  9998
2 31102   0.0193 247.9437 0002047 104.9007 297.8478  1.00274986 43731
ASTRA 1L                
1 31306U 07016A   19072.21507773  .00000114  00000-0  00000+0 0  9993
2 31306   0.0729 301.2706 0004813  18.6509 307.2421  1.00270290 43431
GALAXY 17 (G-17)        
1 31307U 07016B   19071.87808799 -.00000179  00000-0  00000-0 0  9990
2 31307   0.0187 164.2105 0003437 198.8912  32.2216  1.00271802 43347
ZHONGXING-6B            
1 31800U 07031A   19072.85253178 -.00000368  00000-0  00000+0 0  9998
2 31800   0.0254 252.2073 0003339 105.9830 235.3755  1.00268030 42871
DIRECTV 10              
1 31862U 07032A   19072.16287014 -.00000108  00000-0  00000+0 0  9999
2 31862   0.0481 320.4061 0000276 303.2156 222.6365  1.00271418 42800
SPACEWAY 3              
1 32018U 07036A   19072.38428328 -.00000158  00000-0  00000+0 0  9991
2 32018   0.0012  84.2783 0000380 211.0758 278.7557  1.00272067 42525
BSAT-3A                 
1 32019U 07036B   19072.90877318 -.00000357  00000-0  00000+0 0  9998
2 32019   0.0693 247.6547 0002134  37.4321 323.1566  1.00271530 42461
INSAT-4CR               
1 32050U 07037A   19072.46229858  .00000119  00000-0  00000+0 0  9990
2 32050   0.2658  97.0930 0007533 195.9918  92.0112  1.00272715 42254
OPTUS D2                
1 32252U 07044A   19072.50090920 -.00000189  00000-0  00000+0 0  9991
2 32252   0.0451 287.7502 0003598  61.9676 153.4470  1.00271859 41841
INTELSAT 11 (IS-11)     
1 32253U 07044B   19072.82095240 -.00000276  00000-0  00000+0 0  9994
2 32253   0.0133 235.5966 0001745 141.5716  46.5228  1.00269802 41934
WGS F1 (USA 195)        
1 32258U 07046A   19072.83072281  .00000034  00000-0  00000+0 0  9993
2 32258   0.0132 164.1780 0000634 135.3649 176.6530  1.00271219 41724
STAR ONE C1             
1 32293U 07056A   19072.52941008 -.00000283  00000-0  00000+0 0  9998
2 32293   0.0166 121.1978 0002561 231.3896 303.8526  1.00274779 41503
SKYNET 5B               
1 32294U 07056B   19071.90124969  .00000137  00000-0  00000-0 0  9997
2 32294   0.0676   4.7887 0003975 350.2663 164.6601  1.00271775 41597
ASTRA 4A (SIRIUS 4)     
1 32299U 07057A   19072.83046111  .00000025  00000-0  00000+0 0  9993
2 32299   0.0107 167.3379 0003107 182.0675 125.5274  1.00270146 41362
HORIZONS 2              
1 32388U 07063B   19072.84642528 -.00000189  00000-0  00000+0 0  9996
2 32388   0.0203 110.1941 0002434 251.4402 199.0803  1.00272685 41285
THURAYA-3               
1 32404U 08001A   19072.84912958 -.00000306  00000-0  00000+0 0  9996
2 32404   3.8221   2.0647 0004915 345.8040 227.4889  1.00273151 40939
EXPRESS-AM33            
1 32478U 08003A   19072.90606660 -.00000288  00000-0  00000+0 0  9995
2 32478   0.0418 302.1845 0001290 145.6162 146.0944  1.00270706 41016
THOR 5                  
1 32487U 08006A   19072.75761914 -.00000016  00000-0  00000+0 0  9994
2 32487   0.0446 263.4021 0002517  92.5429  87.1213  1.00272526 40588
KIZUNA (WINDS)          
1 32500U 08007A   19072.49899002 -.00000271  00000-0  00000+0 0  9995
2 32500   2.2028  86.4720 0002241 271.1299 135.2921  1.00261827 40434
AMC-14                  
1 32708U 08011A   19072.61778002  .00000089  00000-0  00000+0 0  9996
2 32708  20.2191  53.6793 0044487 355.3271   2.3078  1.00274192 41497
DIRECTV 11              
1 32729U 08013A   19072.16365524 -.00000131  00000-0  00000+0 0  9991
2 32729   0.0017  90.7765 0000062 223.0508 176.3977  1.00271732 40338
ICO G1                  
1 32763U 08016A   19072.45205712 -.00000175  00000-0  00000+0 0  9994
2 32763   3.6431   4.4362 0001952   2.5530 233.6638  1.00273051 39867
VINASAT-1               
1 32767U 08018A   19071.87709458 -.00000334  00000-0  00000+0 0  9998
2 32767   0.0446 314.8967 0001871  73.2246 229.7818  1.00270855 39995
STAR ONE C2             
1 32768U 08018B   19072.81554378 -.00000272  00000-0  00000+0 0  9994
2 32768   0.0165 200.6233 0001036 153.4125  40.6932  1.00270329 39951
TIANLIAN 1-01           
1 32779U 08019A   19072.12753959 -.00000142  00000-0  00000+0 0  9993
2 32779   3.1452  73.8544 0037442 246.2087 336.2217  1.00274411 39865
AMOS-3                  
1 32794U 08022A   19072.82871639 -.00000042  00000-0  00000+0 0  9996
2 32794   0.0286 244.4422 0001643 129.1015  91.8043  1.00272058 39853
GALAXY 18 (G-18)        
1 32951U 08024A   19072.66139797  .00000019  00000-0  00000+0 0  9990
2 32951   0.0231 157.1178 0003081 190.4185 298.5430  1.00270346 39486
CHINASAT 9 (ZX 9)       
1 33051U 08028A   19072.12989497 -.00000253  00000-0  00000+0 0  9998
2 33051   0.0148 197.2191 0004036 162.9437 309.2783  1.00272333 39401
SKYNET 5C               
1 33055U 08030A   19072.47757550 -.00000146  00000-0  00000+0 0  9997
2 33055   0.0587 350.7880 0003060  11.3709 322.7081  1.00271002 39298
TURKSAT 3A              
1 33056U 08030B   19072.20952046  .00000140  00000-0  00000+0 0  9999
2 33056   0.0411  87.0140 0004427 285.4848 275.4445  1.00273610 39475
INTELSAT 25 (IS-25)     
1 33153U 08034A   19072.87290674 -.00000231  00000-0  00000+0 0  9998
2 33153   0.0103 179.7393 0002845 130.6363 143.5628  1.00271985 39049
BADR-6                  
1 33154U 08034B   19072.35743809  .00000139  00000-0  00000+0 0  9991
2 33154   0.0557  22.7630 0006168   0.4895 302.1132  1.00274183 39147
ECHOSTAR 11             
1 33207U 08035A   19071.65895141 -.00000061  00000-0  00000+0 0  9995
2 33207   0.0329 259.7601 0002676  79.1088 318.3505  1.00271924 39042
SUPERBIRD-C2            
1 33274U 08038A   19072.85820212 -.00000258  00000-0  00000+0 0  9990
2 33274   0.0334 252.3717 0001115  93.1371 278.5548  1.00271520 38783
AMC-21                  
1 33275U 08038B   19072.73275692  .00000029  00000-0  00000+0 0  9999
2 33275   0.0435 321.4850 0002676  30.4313 318.0170  1.00271401 38863
INMARSAT 4-F3           
1 33278U 08039A   19072.50153135 -.00000144  00000-0  00000+0 0  9994
2 33278   3.0218   7.9732 0002687 355.5451 249.8688  1.00271998 38663
NIMIQ 4                 
1 33373U 08044A   19072.81310118 -.00000227  00000-0  00000+0 0  9998
2 33373   0.0252 157.5272 0002555 216.8094   7.5508  1.00267494 38241
GALAXY 19 (G-19)        
1 33376U 08045A   19072.50247597 -.00000145  00000-0  00000+0 0  9997
2 33376   0.0153 206.2472 0003066 155.1089 253.3598  1.00272045 38232
VENESAT-1               
1 33414U 08055A   19072.45502314 -.00000244  00000-0  00000+0 0  9996
2 33414   0.0486 314.0484 0002006  62.9187 239.5931  1.00270567 37954
ASTRA 1M                
1 33436U 08057A   19072.82028501  .00000113  00000-0  00000+0 0  9998
2 33436   0.0285 243.0395 0001396 161.9041  80.7097  1.00275677 37885
CIEL-2                  
1 33453U 08063A   19072.73205904  .00000051  00000-0  00000+0 0  9999
2 33453   0.0099 172.2369 0002984 173.9960 319.5031  1.00272705 37552
EUTELSAT HOT BIRD 13C   
1 33459U 08065A   19072.81134022  .00000080  00000-0  00000+0 0  9990
2 33459   0.0660 315.8476 0004349  61.6199  98.7483  1.00269720 37651
EUTELSAT 48D            
1 33460U 08065B   19072.89513944  .00000117  00000-0  00000+0 0  9995
2 33460   0.0704 325.3926 0001618  13.1420 203.0662  1.00268633 37510
FENGYUN 2E              
1 33463U 08066A   19072.12893537 -.00000207  00000-0  00000+0 0  9995
2 33463   3.4023  69.2468 0004460 264.0669 330.3486  1.00270275 37488
EXPRESS-AM44            
1 33595U 09007A   19072.82732061 -.00000096  00000-0  00000+0 0  9994
2 33595   0.0311 296.8369 0000857 152.3855   8.7557  1.00272476 36969
NSS-9                   
1 33749U 09008A   19072.86605337  .00000065  00000-0  00000+0 0  9990
2 33749   0.0439 335.0663 0002224  19.2695 311.6997  1.00273798 36969
EUTELSAT 33E            
1 33750U 09008B   19072.83613144  .00000149  00000-0  00000+0 0  9997
2 33750   0.0476   1.3279 0004603 348.3860 155.5202  1.00271868 37007
TELSTAR 11N             
1 34111U 09009A   19072.46304884 -.00000257  00000-0  00000+0 0  9998
2 34111   0.0188 163.0094 0002613 171.2320 325.6824  1.00270802 36818
EUTELSAT 10A            
1 34710U 09016A   19072.32888007  .00000062  00000-0  00000+0 0  9993
2 34710   0.0665   6.7959 0005224 350.3299 301.8948  1.00271790 36362
WGS F2 (USA 204)        
1 34713U 09017A   19072.09563312  .00000042  00000-0  00000+0 0  9998
2 34713   0.0122 174.9785 0000131  23.6037  66.4789  1.00272374 36333
SES-7 (PROTOSTAR 2)     
1 34941U 09027A   19072.49218563 -.00000351  00000-0  00000+0 0  9995
2 34941   0.0416 103.9175 0001981 194.7835 157.5636  1.00270746 36027
MEASAT-3A               
1 35362U 09032A   19071.92121292 -.00000247  00000-0  00000-0 0  9993
2 35362   0.0485 233.9080 0001594  57.2652 302.2218  1.00270388 35644
GOES 14                 
1 35491U 09033A   19072.55373356 -.00000100  00000-0  00000+0 0  9994
2 35491   0.0669 108.5508 0008556 134.4980  22.8376  1.00271400 35556
SIRIUS FM-5             
1 35493U 09034A   19072.59675618 -.00000207  00000-0  00000+0 0  9995
2 35493   0.0316 279.3433 0001169  79.4160 300.8378  1.00270258 35373
TERRESTAR-1             
1 35496U 09035A   19072.21793508 -.00000060  00000-0  00000+0 0  9994
2 35496   2.5284   1.3738 0003161   3.0349 133.5530  1.00272439 35558
ASIASAT 5               
1 35696U 09042A   19072.22407233 -.00000313  00000-0  00000+0 0  9993
2 35696   0.0258 123.1684 0001659 220.0757   8.4729  1.00273221 35067
JCSAT-RA (JCSAT-12)     
1 35755U 09044A   19072.50422417 -.00000038  00000-0  00000+0 0  9997
2 35755   0.0290 245.1396 0001630 106.2330 169.8617  1.00273711 35067
OPTUS D3                
1 35756U 09044B   19072.86064473 -.00000155  00000-0  00000+0 0  9991
2 35756   0.0135 355.9800 0004557   0.1317 280.9149  1.00269306 35031
PALAPA D                
1 35812U 09046A   19072.21256187 -.00000363  00000-0  00000+0 0  9991
2 35812   0.0214 156.5585 0002491 222.9474 340.5036  1.00267424 35071
NIMIQ 5                 
1 35873U 09050A   19071.88175188 -.00000262  00000-0  00000-0 0  9995
2 35873   0.0360 274.3582 0002961  86.3447  54.2402  1.00271337 34758
AMAZONAS 2              
1 35942U 09054A   19072.81737573 -.00000290  00000-0  00000+0 0  9992
2 35942   0.0251 145.1419 0001686 258.2793   1.0001  1.00271994 34580
COMSATBW-1              
1 35943U 09054B   19072.77026834  .00000016  00000-0  00000+0 0  9994
2 35943   0.0216 100.0977 0002663 274.3926 136.9338  1.00276474 34662
NSS-12                  
1 36032U 09058A   19072.80952017  .00000064  00000-0  00000+0 0  9996
2 36032   0.0429 330.8216 0002799  17.5508 171.1742  1.00271933 34339
THOR 6                  
1 36033U 09058B   19072.17549369 -.00000015  00000-0  00000+0 0  9996
2 36033   0.0144 209.6461 0001809 145.4429 237.7528  1.00272002 34365
INTELSAT 14 (IS-14)     
1 36097U 09064A   19072.19007749 -.00000279  00000-0  00000+0 0  9998
2 36097   0.0106 161.9098 0002422 187.2583 204.7875  1.00272640 34093
EUTELSAT 36B            
1 36101U 09065A   19071.83777894  .00000150  00000-0  00000+0 0  9997
2 36101   0.0662   2.4520 0004571 351.6123 153.5865  1.00271212 34206
INTELSAT 15 (IS-15)     
1 36106U 09067A   19072.48756213 -.00000191  00000-0  00000+0 0  9994
2 36106   0.0155 247.9074 0002322 111.1256  72.4536  1.00271423 34002
WGS F3 (USA 211)        
1 36108U 09068A   19072.47757550 -.00000103  00000-0  00000+0 0  9994
2 36108   0.0202 158.1638 0000137 116.8592  55.7210  1.00269115 33910
DIRECTV 12              
1 36131U 09075A   19072.66541083 -.00000110  00000-0  00000+0 0  9999
2 36131   0.0394 318.9693 0000120  46.5220 302.2398  1.00271017 33780
BEIDOU 3                
1 36287U 10001A   19072.42667148 -.00000289  00000-0  00000+0 0  9994
2 36287   1.5149  20.3731 0002361 166.6509 277.3607  1.00271172 33570
RADUGA-1M 2             
1 36358U 10002A   19072.81577266 -.00000191  00000-0  00000+0 0  9990
2 36358   0.0333 241.3779 0002319 143.9706 164.4690  1.00271198 33414
SDO                     
1 36395U 10005A   19072.16304459 -.00000070  00000-0  00000+0 0  9990
2 36395  29.5853 129.2297 0000834  47.6598 309.9621  1.00276447 33429
INTELSAT 16 (IS-16)     
1 36397U 10006A   19072.81432248 -.00000252  00000-0  00000+0 0  9995
2 36397   0.0153 213.8092 0001955 136.9876  37.2903  1.00270775 33148
GOES 15                 
1 36411U 10008A   19072.55111701  .00000049  00000-0  00000+0 0  9996
2 36411   0.0224 154.9864 0002095 120.1349 325.7932  1.00272208 33074
ECHOSTAR 14             
1 36499U 10010A   19072.66227032 -.00000007  00000-0  00000+0 0  9997
2 36499   0.0160 201.3268 0002819 148.1605 301.0133  1.00272834 32932
SES-1                   
1 36516U 10016A   19072.66575977 -.00000121  00000-0  00000+0 0  9994
2 36516   0.0429 308.0983 0002478  37.2770 324.2816  1.00271587 32536
ASTRA 3B                
1 36581U 10021A   19071.90090074  .00000132  00000-0  00000-0 0  9990
2 36581   0.0423  57.0459 0003141 296.8027 164.1780  1.00272438 32275
COMSATBW-2              
1 36582U 10021B   19072.30605094  .00000082  00000-0  00000+0 0  9993
2 36582   0.0148 214.0068 0002147 151.0459 288.9309  1.00270149 32388
BEIDOU 4                
1 36590U 10024A   19072.55828515 -.00000145  00000-0  00000+0 0  9998
2 36590   1.5485  35.3559 0000931  23.9935  32.5423  1.00271698 32189
BADR-5                  
1 36592U 10025A   19072.16438201  .00000139  00000-0  00000+0 0  9999
2 36592   0.0123 167.8183 0000627 182.2766 265.5788  1.00277010 32299
COMS 1                  
1 36744U 10032A   19072.05674104 -.00000350  00000-0  00000+0 0  9994
2 36744   0.0132 196.0064 0000742 209.6564 273.3056  1.00270300 32041
ARABSAT-5A              
1 36745U 10032B   19072.18947708  .00000148  00000-0  00000+0 0  9996
2 36745   0.0602  35.0068 0003153 356.9771 237.2202  1.00270860 32026
ECHOSTAR 15             
1 36792U 10034A   19072.14632722 -.00000287  00000-0  00000+0 0  9998
2 36792   0.0389 279.6774 0002029  47.4531 194.3771  1.00272061 31799
NILESAT 201             
1 36830U 10037A   19072.18104826 -.00000063  00000-0  00000+0 0  9999
2 36830   0.0429 184.4525 0004917 186.0062 218.2233  1.00271725 31684
RASCOM-QAF 1R           
1 36831U 10037B   19072.32757152  .00000012  00000-0  00000+0 0  9995
2 36831   0.0184 136.5727 0005367 216.5963 298.2896  1.00271146 31684
AEHF-1 (USA 214)        
1 36868U 10039A   19072.32774600  .00000021  00000-0  00000+0 0  9994
2 36868   1.6756 108.4341 0003759 246.1293 298.0920  1.00269219 31835
CHINASAT 6A (ZX 6A)     
1 37150U 10042A   19071.15257552 -.00000358  00000-0  00000-0 0  9990
2 37150   0.0213 211.2892 0003302 291.7257 206.4333  1.00269417 31285
QZS-1 (MICHIBIKI-1)     
1 37158U 10045A   19072.62606427 -.00000187  00000-0  00000+0 0  9992
2 37158  41.2528 150.1736 0749228 269.9663 109.5075  1.00303692 31122
XM-5                    
1 37185U 10053A   19072.16644679 -.00000210  00000-0  00000+0 0  9998
2 37185   0.0217 154.6964 0000509 123.7901 226.7248  1.00269033 30848
BSAT-3B                 
1 37207U 10056B   19072.06785576 -.00000356  00000-0  00000+0 0  9998
2 37207   0.0859 306.4819 0004987  25.3475 332.8536  1.00271125 30662
BEIDOU 6                
1 37210U 10057A   19072.50247946 -.00000118  00000-0  00000+0 0  9992
2 37210   0.9726  54.1868 0003883 189.8727 267.6408  1.00273835 30684
SKYTERRA 1              
1 37218U 10061A   19072.66558529 -.00000122  00000-0  00000+0 0  9999
2 37218   2.4898 342.9304 0004405  11.9191 314.4259  1.00271928 30634
ZHONGXING-20A           
1 37234U 10064A   19072.85541058 -.00000344  00000-0  00000+0 0  9996
2 37234   0.0389  64.7423 0005824 350.2632 194.1371  1.00270836 30430
HYLAS 1                 
1 37237U 10065A   19071.89898156  .00000086  00000-0  00000-0 0  9990
2 37237   0.0994 289.8506 0002036  48.7896 169.0035  1.00271273 30388
INTELSAT 17 (IS-17)     
1 37238U 10065B   19072.09563312 -.00000007  00000-0  00000+0 0  9990
2 37238   0.0158 190.1706 0002517 171.4817 269.1844  1.00272454 30313
EUTELSAT KA-SAT 9A      
1 37258U 10069A   19072.83133346  .00000054  00000-0  00000+0 0  9999
2 37258   0.0232  76.5408 0004921 301.0618 101.8258  1.00270808 30227
HISPASAT 30W-6          
1 37264U 10070A   19072.46461910 -.00000222  00000-0  00000+0 0  9996
2 37264   0.0227 133.1068 0002990 255.2612 279.6800  1.00271178 30068
KOREASAT 6              
1 37265U 10070B   19072.85261903 -.00000369  00000-0  00000+0 0  9992
2 37265   0.0155 222.6078 0001858 115.0013 256.5034  1.00270975 30083
BEIDOU 8                
1 37384U 11013A   19072.73317015 -.00000150  00000-0  10000-3 0  9998
2 37384  58.6499  66.3315 0041046 209.5905 278.7494  1.00283668 29081
INTELSAT NEW DAWN       
1 37392U 11016A   19072.11811811  .00000150  00000-0  00000+0 0  9999
2 37392   0.0343 239.2437 0000868  56.5445 309.9717  1.00270299 28913
YAHSAT 1A               
1 37393U 11016B   19072.12213097  .00000096  00000-0  00000+0 0  9992
2 37393   0.0137 169.6284 0002354 179.2461 278.0416  1.00269825 28953
SBIRS GEO-1 (USA 230)   
1 37481U 11019A   19072.48381098 -.00000013  00000-0  00000+0 0  9999
2 37481   2.6494 329.6845 0002390  38.1589  43.3274  1.00270363 28741
TELSTAR 14R             
1 37602U 11021A   19072.81693955 -.00000287  00000-0  00000+0 0  9995
2 37602   0.0413 337.1652 0003782  29.0258  36.0353  1.00271485 29190
GSAT-8                  
1 37605U 11022A   19071.90726896  .00000080  00000-0  00000-0 0  9990
2 37605   0.0199 137.0977 0006507 155.8348 258.9849  1.00271635 26613
ST-2                    
1 37606U 11022B   19072.07896729 -.00000216  00000-0  00000+0 0  9994
2 37606   0.0098 203.8197 0001522 186.1661 256.8497  1.00269414 28648
CHINASAT 10 (ZX 10)     
1 37677U 11026A   19072.20419965 -.00000357  00000-0  00000+0 0  9990
2 37677   0.0529 272.0738 0001196 283.7430 158.6728  1.00267886 28365
TIANLIAN 1-02           
1 37737U 11032A   19072.86282563 -.00000057  00000-0  00000+0 0  9995
2 37737   2.7097  75.1709 0026720 197.5922  16.0160  1.00269844 28126
GSAT-12                 
1 37746U 11034A   19072.89443250 -.00000171  00000-0  00000+0 0  9999
2 37746   0.0341  98.2997 0014137 337.8596 140.0405  1.00270003 28364
SES-3                   
1 37748U 11035A   19072.11160453 -.00000107  00000-0  00000+0 0  9997
2 37748   0.0425 335.2218 0002261   5.1706 127.2279  1.00271302 28091
KAZSAT-2                
1 37749U 11035B   19072.12884814 -.00000203  00000-0  00000+0 0  9990
2 37749   0.0153 243.7304 0000538 173.6328 245.9775  1.00272447 27960
BEIDOU 9                
1 37763U 11038A   19072.77715998 -.00000090  00000-0  10000-3 0  9995
2 37763  54.4424 189.7584 0058864 221.3818 135.4974  1.00267402 28048
ASTRA 1N                
1 37775U 11041A   19072.82039628  .00000113  00000-0  00000+0 0  9997
2 37775   0.0514 338.3818 0004851  38.3640 108.9526  1.00274371 27800
BSAT-3C (JCSAT-110R)    
1 37776U 11041B   19072.85379937 -.00000358  00000-0  00000+0 0  9993
2 37776   0.0403 285.1333 0000064  67.5144 235.8539  1.00275060 27927
PAKSAT-1R               
1 37779U 11042A   19072.20952046  .00000148  00000-0  00000+0 0  9990
2 37779   0.0224  59.8467 0002588 290.6731 293.4399  1.00275590 27673
CHINASAT 1A (ZX 1A)     
1 37804U 11047A   19072.49646017 -.00000344  00000-0  00000+0 0  9992
2 37804   0.0197 160.0649 0001796 196.0029 123.3480  1.00268845 27472
COSMOS 2473             
1 37806U 11048A   19072.82679720 -.00000115  00000-0  00000+0 0  9995
2 37806   0.0572 116.4598 0001807 267.8477  70.9905  1.00272283 27476
SES-2                   
1 37809U 11049A   19072.16609785 -.00000201  00000-0  00000+0 0  9996
2 37809   0.0351 295.3951 0002542  43.1759 164.7179  1.00271526 27406
ARABSAT-5C              
1 37810U 11049B   19072.82039705  .00000116  00000-0  00000+0 0  9994
2 37810   0.0617 359.5207 0002788 353.6943 133.2597  1.00274976 27313
EUTELSAT 7 WEST A       
1 37816U 11051A   19072.18104826 -.00000066  00000-0  00000+0 0  9994
2 37816   0.0724  33.2840 0002461 168.0690  27.0417  1.00271740 27364
QUETZSAT 1              
1 37826U 11054A   19072.45519762 -.00000248  00000-0  00000+0 0  9999
2 37826   0.0428 336.2563 0002779  33.0100 248.3748  1.00270642 27492
INTELSAT 18 (IS-18)     
1 37834U 11056A   19072.86544271  .00000046  00000-0  00000+0 0  9993
2 37834   0.0184 153.7877 0002285 208.5697 300.3845  1.00272267 27258
EUTELSAT 16A            
1 37836U 11057A   19072.81593310  .00000097  00000-0  00000+0 0  9995
2 37836   0.0673 357.6678 0004503 358.9467 124.2542  1.00274071 27192
VIASAT-1                
1 37843U 11059A   19072.66296823 -.00000030  00000-0  00000+0 0  9995
2 37843   0.0236 153.8589 0002678 192.7408 307.9568  1.00269451 27679
ASIASAT 7               
1 37933U 11069A   19072.49157498 -.00000340  00000-0  00000+0 0  9995
2 37933   0.0200 244.6535 0001639  96.7268 111.8797  1.00268346 26861
BEIDOU 10               
1 37948U 11073A   19071.90198377 -.00000136  00000-0  10000-3 0  9990
2 37948  52.3041 303.3482 0056012 208.1797  79.4319  1.00275718 26797
LUCH 5A                 
1 37951U 11074B   19072.86256392 -.00000063  00000-0  00000+0 0  9997
2 37951   2.2995 133.0232 0003750 219.4873 295.0017  1.00271365 26598
NIGCOMSAT 1R            
1 38014U 11077A   19072.83796339  .00000137  00000-0  00000+0 0  9999
2 38014   0.0317 313.2321 0002003  73.5612 128.5295  1.00274433 26434
FENGYUN 2F              
1 38049U 12002A   19071.90851075 -.00000363  00000-0  00000-0 0  9995
2 38049   1.0300  80.7377 0001721  69.2233  99.5925  1.00275629 26287
WGS F4 (USA 233)        
1 38070U 12003A   19072.48817278 -.00000220  00000-0  00000+0 0  9992
2 38070   0.0221 150.4575 0000440 129.6028 154.8866  1.00269474 26120
SES-4                   
1 38087U 12007A   19071.96362334 -.00000173  00000-0  00000+0 0  9991
2 38087   0.0150  97.6820 0002464 260.6357 136.8664  1.00272838 25889
BEIDOU 11               
1 38091U 12008A   19072.19514742  .00000051  00000-0  00000+0 0  9999
2 38091   1.9353  68.4847 0004988 291.6442 299.3432  1.00273565 25871
MUOS-1                  
1 38093U 12009A   19072.14804003  .00000062  00000-0  00000+0 0  9991
2 38093   2.7024 352.6533 0050821 180.3325 233.7346  1.00274467 25854
INTELSAT 22 (IS-22)     
1 38098U 12011A   19072.48494505 -.00000065  00000-0  00000+0 0  9992
2 38098   0.0137 144.3628 0002727 212.2762  60.8430  1.00272160 25455
APSTAR 7                
1 38107U 12013A   19072.59856183 -.00000108  00000-0  00000+0 0  9999
2 38107   0.0261 126.9914 0002763 235.4600 100.4530  1.00272147 25576
YAHSAT 1B               
1 38245U 12016A   19072.72448106  .00000120  00000-0  00000+0 0  9995
2 38245   0.0098 154.1181 0002026 180.1025 145.2320  1.00269700 25323
AEHF-2 (USA 235)        
1 38254U 12019A   19072.81597997 -.00000280  00000-0  00000+0 0  9999
2 38254   1.5267  23.1953 0004015 336.2282  37.7456  1.00265429 25080
JCSAT-13                
1 38331U 12023A   19072.85427650 -.00000363  00000-0  00000+0 0  9994
2 38331   0.0348 261.6242 0001596 156.0391 185.0473  1.00271566 24972
VINASAT-2               
1 38332U 12023B   19071.87709448 -.00000334  00000-0  00000+0 0  9992
2 38332   0.0437 300.7310 0002539  64.6798 252.3933  1.00271635 25007
NIMIQ 6                 
1 38342U 12026A   19072.59597105 -.00000180  00000-0  00000+0 0  9990
2 38342   0.0438 292.6533 0002858  52.8060 308.9176  1.00271931 24993
CHINASAT 2A (ZX 2A)     
1 38352U 12028A   19072.84912958 -.00000299  00000-0  00000+0 0  9999
2 38352   0.0204 155.3734 0003223 224.0341 195.6891  1.00267025 25046
INTELSAT 19 (IS-19)     
1 38356U 12030A   19072.86265116 -.00000064  00000-0  00000+0 0  9995
2 38356   0.0110 163.7853 0003077 186.1797 297.7772  1.00270554 24919
ECHOSTAR 17             
1 38551U 12035A   19072.65683588 -.00000082  00000-0  00000+0 0  9991
2 38551   0.0223 158.0432 0002001 192.2659 310.0396  1.00270171 24525
METEOSAT-10 (MSG-3)     
1 38552U 12035B   19072.32879282  .00000056  00000-0  00000+0 0  9994
2 38552   0.9925  12.2319 0000665  28.4283 257.5728  1.00274994 24617
SES-5                   
1 38652U 12036A   19072.83054834  .00000027  00000-0  00000+0 0  9998
2 38652   0.0216 133.7175 0002043 210.7784 130.6296  1.00271635 24479
TIANLIAN 1-03           
1 38730U 12040A   19072.21507773  .00000102  00000-0  00000+0 0  9991
2 38730   0.1253 265.8395 0004247 149.3637 209.4852  1.00272017 24389
INTELSAT 20 (IS-20)     
1 38740U 12043A   19072.77140241 -.00000031  00000-0  00000+0 0  9991
2 38740   0.0184 152.8261 0002306  29.7431 334.7142  1.00271339 24230
HYLAS 2                 
1 38741U 12043B   19072.83830976  .00000147  00000-0  00000+0 0  9997
2 38741   0.0212 258.6666 0001911  70.7124 174.6048  1.00269797 24256
INTELSAT 21 (IS-21)     
1 38749U 12045A   19072.81798638 -.00000292  00000-0  00000+0 0  9995
2 38749   0.0185 163.6342 0002131 184.5969  59.3778  1.00270562 24043
ASTRA 2F                
1 38778U 12051A   19072.83368626  .00000143  00000-0  00000+0 0  9990
2 38778   0.0665 229.5932 0002366  41.5710 228.3234  1.00274520 23694
GSAT-10                 
1 38779U 12051B   19072.89443684 -.00000172  00000-0  00000+0 0  9998
2 38779   0.0230 148.7023 0001357 236.6281 190.8703  1.00270353 23699
INTELSAT 23 (IS-23)     
1 38867U 12057A   19072.81894597 -.00000292  00000-0  00000+0 0  9990
2 38867   0.0146 142.6329 0001757 205.3129  65.0255  1.00272974 23510
BEIDOU 16               
1 38953U 12059A   19072.55907028 -.00000180  00000-0  00000+0 0  9999
2 38953   1.6637  83.0704 0006640 225.5754 147.4115  1.00268823 23458
LUCH 5B                 
1 38977U 12061A   19072.82627378 -.00000138  00000-0  00000+0 0  9998
2 38977   4.8104  70.4870 0006500 296.4384  85.3941  1.00273504 23586
YAMAL 300K              
1 38978U 12061B   19072.43530782  .00000064  00000-0  00000+0 0  9995
2 38978   0.0128 188.3664 0001088 244.3095  77.7353  1.00267721 23270
STAR ONE C3             
1 38991U 12062A   19072.45563380 -.00000255  00000-0  00000+0 0  9996
2 38991   0.0291 269.5945 0002537 100.0770 250.1479  1.00271846 23255
EUTELSAT 21B            
1 38992U 12062B   19072.21507773  .00000124  00000-0  00000+0 0  9999
2 38992   0.0676 356.5531 0002248   0.7944 272.2036  1.00274416 23260
ECHOSTAR 16             
1 39008U 12065A   19072.45287409 -.00000288  00000-0  00000+0 0  9990
2 39008   0.0159 156.6947 0001950 194.3385 281.2701  1.00271268 23208
CHINASAT 12 (ZX 12)     
1 39017U 12067A   19072.84694869 -.00000213  00000-0  00000+0 0  9995
2 39017   0.0170 175.3480 0002754 181.7265 206.4857  1.00270140 23110
EUTELSAT 70B            
1 39020U 12069A   19072.09563312 -.00000049  00000-0  00000+0 0  9993
2 39020   0.0638  10.0070 0001606 331.3451 294.0252  1.00271843 23009
YAMAL 402               
1 39022U 12070A   19072.09042365  .00000080  00000-0  00000+0 0  9991
2 39022   0.0192 135.0264 0003085 230.0981 252.7465  1.00272478 22994
SKYNET 5D               
1 39034U 12075A   19072.12213097  .00000094  00000-0  00000+0 0  9990
2 39034   0.0750 354.5235 0003978 351.6280 280.9951  1.00273504 22912
MEXSAT 3                
1 39035U 12075B   19072.39809782 -.00000032  00000-0  00000+0 0  9995
2 39035   0.0117 210.6120 0002193 142.0939 206.5266  1.00275272 22878
TDRS 11                 
1 39070U 13004A   19071.90465993  .00000075  00000-0  00000-0 0  9992
2 39070   4.5118 329.3063 0003483 356.4034 355.9481  1.00266910 22373
AMAZONAS 3              
1 39078U 13006A   19072.14077266 -.00000288  00000-0  00000+0 0  9997
2 39078   0.0416 234.4939 0002366  74.7086 210.9609  1.00272428 22369
AZERSPACE 1             
1 39079U 13006B   19072.85118870  .00000126  00000-0  00000+0 0  9993
2 39079   0.0161 213.2702 0001318 137.6876 172.6328  1.00275820 22330
SBIRS GEO-2 (USA 241)   
1 39120U 13011A   19072.35743809  .00000116  00000-0  00000+0 0  9996
2 39120   2.7156 330.0835 0001886  32.2823 317.5800  1.00272895 21981
EUTELSAT 117 WEST A     
1 39122U 13012A   19072.66261927 -.00000020  00000-0  00000+0 0  9994
2 39122   0.0441 328.8730 0002928  20.9581 302.8898  1.00272547 21868
ANIK G1                 
1 39127U 13014A   19071.85764868 -.00000079  00000-0  00000+0 0  9997
2 39127   0.0430 279.0107 0002663  35.7339  56.8930  1.00272038 21652
CHINASAT 11 (ZX 11)     
1 39157U 13020A   19072.84904235 -.00000298  00000-0  00000+0 0  9994
2 39157   0.0286 233.6440 0003891  67.1752 274.0176  1.00272451 21556
EUTELSAT 7B             
1 39163U 13022A   19072.83089729  .00000041  00000-0  00000+0 0  9999
2 39163   0.0631  52.5780 0005794 301.5853 123.1062  1.00270615 21382
WGS F5 (USA 243)        
1 39168U 13024A   19072.81903322 -.00000292  00000-0  00000+0 0  9997
2 39168   0.0136 166.8569 0000495 134.6296 112.0077  1.00271210 21239
SES-6                   
1 39172U 13026A   19072.46252543 -.00000268  00000-0  00000+0 0  9990
2 39172   0.0585 303.2490 0001802  41.4100 312.1282  1.00270625 21111
IRNSS-1A                
1 39199U 13034A   19071.78390671  .00000096  00000-0  00000+0 0  9995
2 39199  29.9398 104.2969 0020646 188.9241 214.1594  1.00275753 21048
MUOS-2                  
1 39206U 13036A   19072.66584701 -.00000131  00000-0  00000+0 0  9994
2 39206   2.9719 344.2751 0058080   0.7402 325.6472  1.00273450 20711
ALPHASAT                
1 39215U 13038A   19072.82943784  .00000130  00000-0  00000+0 0  9992
2 39215   2.1570  23.6892 0001977 323.6524 147.2556  1.00271833 20676
INSAT-3D                
1 39216U 13038B   19072.48695147 -.00000162  00000-0  00000+0 0  9998
2 39216   0.0489 258.4232 0001200 104.2517  65.5042  1.00270518 20708
WGS F6 (USA 244)        
1 39222U 13041A   19072.49162648  .00000083  00000-0  00000+0 0  9996
2 39222   0.0100 159.8273 0001636 146.8976 265.8865  1.00269388 20462
EUTELSAT 25B            
1 39233U 13044A   19072.16438201  .00000138  00000-0  00000+0 0  9997
2 39233   0.0467   1.0976 0001630 334.7494 279.2980  1.00271974 20297
GSAT-7                  
1 39234U 13044B   19072.12640553 -.00000082  00000-0  00000+0 0  9998
2 39234   0.0114 216.5589 0008407  74.6469 358.7315  1.00271910 20296
AMOS-4                  
1 39237U 13045A   19072.09563312  .00000002  00000-0  00000+0 0  9996
2 39237   0.0491 275.0835 0003030 113.4967 241.2638  1.00270415 20285
AEHF-3 (USA 246)        
1 39256U 13050A   19072.52584882 -.00000191  00000-0  00000+0 0  9996
2 39256   1.3282 310.8096 0007152  39.6575 161.7801  1.00267674 20087
ASTRA 2E                
1 39285U 13056A   19072.35743809  .00000144  00000-0  00000+0 0  9998
2 39285   0.0728  49.2078 0002192 297.6113 341.0047  1.00271381 19988
SIRIUS FM-6             
1 39360U 13058A   19072.66279374 -.00000023  00000-0  00000+0 0  9996
2 39360   0.0164 123.6576 0001468  56.7040 113.0634  1.00270846 19742
RADUGA-1M 3             
1 39375U 13062A   19072.19715384 -.00000045  00000-0  00000+0 0  9995
2 39375   0.0178 193.3735 0001254 176.1796 301.9975  1.00273174 19521
SES-8                   
1 39460U 13071A   19072.07341003 -.00000275  00000-0  00000+0 0  9995
2 39460   0.0437 264.6014 0001844 115.9858 271.2621  1.00271782 19262
INMARSAT 5-F1           
1 39476U 13073A   19072.48302586  .00000022  00000-0  00000+0 0  9991
2 39476   0.0183 164.3219 0000067 216.6190  26.3608  1.00271226 19339
TKSAT-1 (TUPAC KATARI)  
1 39481U 13075A   19072.52496105 -.00000201  00000-0  00000+0 0  9995
2 39481   0.0470 329.2027 0003269  25.2428 278.2035  1.00271291 19242
EXPRESS-AM5             
1 39487U 13077A   19072.04931438 -.00000286  00000-0  00000+0 0  9996
2 39487   0.0453 305.3880 0000449  82.2406 300.5382  1.00271771 19761
GSAT-14                 
1 39498U 14001A   19072.90589814 -.00000084  00000-0  00000+0 0  9994
2 39498   0.0462 263.2836 0004426  41.8123 266.2325  1.00271811 18985
THAICOM 6               
1 39500U 14002A   19072.12727788 -.00000127  00000-0  00000+0 0  9995
2 39500   0.0426 136.5847 0001639 274.8545 243.3988  1.00272681 18912
TDRS 12                 
1 39504U 14004A   19072.49126293 -.00000273  00000-0  00000+0 0  9997
2 39504   5.2343 336.3716 0002465 337.4513 352.9203  1.00275314 18840
ABS-2                   
1 39508U 14006A   19072.48555571 -.00000092  00000-0  00000+0 0  9996
2 39508   0.0431 314.6753 0002873  36.7582  69.0976  1.00271667 18720
ATHENA-FIDUS            
1 39509U 14006B   19072.20952046  .00000148  00000-0  00000+0 0  9996
2 39509   0.0265 259.3727 0001257 104.5933 279.7886  1.00273039 18894
TURKSAT 4A              
1 39522U 14007A   19072.83787616  .00000139  00000-0  00000+0 0  9990
2 39522   0.0622 274.8157 0003929  36.3290 203.6292  1.00270785 18613
EXPRESS-AT1             
1 39612U 14010A   19072.55348718  .00000072  00000-0  00000+0 0  9995
2 39612   0.0331 299.1996 0000148   1.6119 125.3160  1.00274248 18450
EXPRESS-AT2             
1 39613U 14010B   19072.85741700 -.00000289  00000-0  00000+0 0  9998
2 39613   0.0448 305.9924 0000186 118.5058 195.1985  1.00271745 18289
AMAZONAS 4A             
1 39616U 14011A   19071.88149017 -.00000257  00000-0  00000-0 0  9993
2 39616   0.0706  72.2930 0003327 280.9016  60.3710  1.00272167 18084
ASTRA 5B                
1 39617U 14011B   19072.29493936  .00000149  00000-0  00000+0 0  9990
2 39617   0.0430 356.1907 0003249 347.8615 324.2388  1.00270424 18265
IRNSS-1B                
1 39635U 14017A   19071.71915823  .00000096  00000-0  00000+0 0  9997
2 39635  28.6878 284.7515 0018958 177.5331  21.6712  1.00271653 18190
LUCH 5V                 
1 39727U 14023A   19072.25166488 -.00000274  00000-0  00000+0 0  9990
2 39727   1.4179 302.0603 0003553  78.0894 335.7286  1.00269623535925
KAZSAT-3                
1 39728U 14023B   19072.48224074  .00000054  00000-0  00000+0 0  9997
2 39728   0.0126 171.3699 0000374 293.3817 298.1537  1.00274650 17843
EUTELSAT 3B             
1 39773U 14030A   19072.17549369  .00000015  00000-0  00000+0 0  9995
2 39773   0.1072 315.0324 0002359 260.3968  21.3594  1.00273718 17610
ASIASAT 8               
1 40107U 14046A   19072.37410576 -.00000040  00000-0  00000+0 0  9993
2 40107   0.0222 158.0135 0002130 196.6277 306.8587  1.00270818 16895
ASIASAT 6               
1 40141U 14052A   19072.16341265 -.00000368  00000-0  00000+0 0  9996
2 40141   0.0096 212.6107 0000567 148.4042 348.2095  1.00271080 16554
OPTUS 10                
1 40146U 14054A   19072.78884959 -.00000154  00000-0  00000+0 0  9996
2 40146   0.0434 202.3269 0001940 142.2779 266.4664  1.00272292 16521
MEASAT-3B               
1 40147U 14054B   19072.77593868 -.00000248  00000-0  00000+0 0  9996
2 40147   0.0240 319.4344 0002649  48.6222 173.8602  1.00271265 16577
LUCH (OLYMP)            
1 40258U 14058A   19072.78581354  .00000043  00000-0  00000+0 0  9993
2 40258   0.0517 266.9925 0001141  94.7506 152.1866  1.00272186 16341
HIMAWARI-8              
1 40267U 14060A   19072.49864108 -.00000282  00000-0  00000+0 0  9991
2 40267   0.0174 236.2337 0001338 114.6339 140.1111  1.00269732 16265
IRNSS-1C                
1 40269U 14061A   19072.48712595 -.00000168  00000-0  00000+0 0  9998
2 40269   2.0354 215.7435 0018268  10.6447 202.8154  1.00269945 16220
INTELSAT 30 (IS-30)     
1 40271U 14062A   19072.16444038 -.00000156  00000-0  00000+0 0  9998
2 40271   0.0197 161.4546 0001623 308.1441  25.0437  1.00268511 16162
ARSAT 1                 
1 40272U 14062B   19072.45624444 -.00000266  00000-0  00000+0 0  9994
2 40272   0.0189 196.0600 0001064 143.6417 283.5083  1.00269597 16289
EXPRESS-AM6             
1 40277U 14064A   19072.12221821  .00000092  00000-0  00000+0 0  9993
2 40277   0.0452 316.9413 0000169 125.6313 184.8744  1.00273972 16067
GSAT-16                 
1 40332U 14078A   19072.48154285  .00000078  00000-0  00000+0 0  9992
2 40332   0.0176 166.4276 0004706 261.2139 331.5865  1.00272809 15669
DIRECTV 14              
1 40333U 14078B   19072.59440081 -.00000132  00000-0  00000+0 0  9999
2 40333   0.0328 276.9152 0000598 333.6215  35.1247  1.00270926 15640
YAMAL 401               
1 40345U 14082A   19072.48852174 -.00000234  00000-0  00000+0 0  9998
2 40345   0.0145 177.8542 0000703 249.4220   9.3499  1.00268621 15810
ASTRA 2G                
1 40364U 14089A   19072.16438201  .00000144  00000-0  00000+0 0  9991
2 40364   0.0437 350.4425 0003858  36.3110 231.0987  1.00271032 15411
FENGYUN 2G              
1 40367U 14090A   19072.84930406 -.00000306  00000-0  00000+0 0  9996
2 40367   1.0160 103.4656 0002903 298.1637 174.7152  1.00263304 15445
MUOS-3                  
1 40374U 15002A   19072.18104826 -.00000132  00000-0  00000+0 0  9991
2 40374   3.3181 337.6663 0051150 179.0589  63.4593  1.00270707 15214
INMARSAT 5-F2           
1 40384U 15005A   19072.20682126 -.00000291  00000-0  00000+0 0  9998
2 40384   0.0190 159.7879 0000749 139.6896 250.5139  1.00271575 15075
ABS-3A                  
1 40424U 15010A   19072.39805812 -.00000033  00000-0  00000+0 0  9992
2 40424   0.0195 133.3702 0001402 152.4305  25.2174  1.00271200 14804
EUTELSAT 115 WEST B     
1 40425U 15010B   19072.30410507 -.00000031  00000-0  00000+0 0  9995
2 40425   0.0044 290.5869 0000409 141.2585  93.3530  1.00272122 14839
EXPRESS-AM7             
1 40505U 15012A   19072.68042219  .00000144  00000-0  00000+0 0  9992
2 40505   0.0117 229.0247 0002685 100.8887 126.0503  1.00275413 14762
IRNSS-1D                
1 40547U 15018A   19072.49297074 -.00000284  00000-0  00000+0 0  9990
2 40547  29.0134 284.8430 0019552 180.3230 354.6068  1.00261668 14646
BD-17                   
1 40549U 15019A   19071.66811841 -.00000172  00000-0  00000+0 0  9991
2 40549  53.6919 326.5223 0037352 189.4752 351.2799  1.00274038 14473
THOR 7                  
1 40613U 15022A   19072.17549369 -.00000014  00000-0  00000+0 0  9992
2 40613   0.0102 196.4792 0002623 149.8271 246.7177  1.00271459 14213
TURKMENALEM52E/MONACOSAT
1 40617U 15023A   19072.83988258  .00000096  00000-0  00000+0 0  9993
2 40617   0.0165 165.5699 0002059 199.0030 160.9899  1.00273516 14238
DIRECTV 15              
1 40663U 15026A   19072.66575977 -.00000122  00000-0  00000+0 0  9999
2 40663   0.0126 125.2329 0000268 108.9233  75.6362  1.00269656 13936
SKY MEXICO-1            
1 40664U 15026B   19072.45484868 -.00000240  00000-0  00000+0 0  9996
2 40664   0.0199 153.6166 0002203 209.7796 252.3274  1.00271016 13946
METEOSAT-11 (MSG-4)     
1 40732U 15034A   19072.32696087 -.00000011  00000-0  00000+0 0  9991
2 40732   0.9246 223.9725 0000969 103.6970 320.4401  1.00268355 13445
STAR ONE C4             
1 40733U 15034B   19072.41978650 -.00000271  00000-0  00000+0 0  9999
2 40733   0.0128 288.2904 0003147  66.6487 256.9113  1.00268866 13429
WGS F7 (USA 263)        
1 40746U 15036A   19072.86439587  .00000010  00000-0  00000+0 0  9995
2 40746   0.0305 138.7087 0000372 305.9815 212.6855  1.00270832 13273
INTELSAT 34 (IS-34)     
1 40874U 15039A   19072.44981221 -.00000292  00000-0  00000+0 0  9994
2 40874   0.0216 154.6527 0000834  92.3180  30.2478  1.00267195 13067
EUTELSAT 8 WEST B       
1 40875U 15039B   19072.39718575 -.00000072  00000-0  00000+0 0  9995
2 40875   0.0698 348.6872 0002849  15.3182 301.6987  1.00272434 13089
GSAT-6                  
1 40880U 15041A   19072.48712595 -.00000171  00000-0  00000+0 0  9990
2 40880   0.0280 253.1089 0007327  31.0701 144.9660  1.00272277 13036
INMARSAT 5-F3           
1 40882U 15042A   19072.47896615  .00000044  00000-0  00000+0 0  9996
2 40882   0.0193 159.4905 0000293 301.3363  62.0083  1.00270509 12953
MUOS-4                  
1 40887U 15044A   19072.48564295 -.00000096  00000-0  00000+0 0  9998
2 40887   3.5028 335.4708 0058321   0.5928  84.5495  1.00271725 12968
TJS-1                   
1 40892U 15046A   19072.77829028 -.00000164  00000-0  10000-3 0  9997
2 40892   0.0209 201.0787 0002371 174.6851 230.5221  1.00270080 12956
EXPRESS-AM8             
1 40895U 15048A   19072.39587722 -.00000118  00000-0  00000+0 0  9996
2 40895   0.0357 296.6991 0001169 187.4685 175.0637  1.00272037 12779
BD-20                   
1 40938U 15053A   19072.07230162 -.00000105  00000-0  00000+0 0  9994
2 40938  53.3013 289.4884 0047190 179.9257 182.5801  1.00286467 12760
SKY MUSTER (NBN1A)      
1 40940U 15054A   19072.49855384 -.00000285  00000-0  00000+0 0  9992
2 40940   0.0168 200.1813 0001848 143.5811 146.7725  1.00270966 12683
ARSAT 2                 
1 40941U 15054B   19072.45441250 -.00000231  00000-0  00000+0 0  9993
2 40941   0.0152 194.7785 0001485 149.5448 269.0277  1.00270993 12717
MORELOS 3               
1 40946U 15056A   19072.55571678 -.00000048  00000-0  00000+0 0  9995
2 40946   5.5336 328.1715 0002640 353.2058 296.4298  1.00271717 12685
APSTAR 9                
1 40982U 15059A   19072.78605806 -.00000273  00000-0  00000+0 0  9994
2 40982   0.0318 245.9187 0001523  88.0262 262.1504  1.00269697 12553
TURKSAT 4B              
1 40984U 15060A   19072.48058325  .00000109  00000-0  00000+0 0  9990
2 40984   0.0155 172.5164 0002128 178.0893  43.2058  1.00269791 12519
CHINASAT 2C (ZX 2C)     
1 41021U 15063A   19072.89233948 -.00000330  00000-0  00000+0 0  9994
2 41021   0.0252 296.8841 0003311  75.1759 223.7896  1.00269030 12415
GSAT-15                 
1 41028U 15065A   19072.83938462 -.00000265  00000-0  00000+0 0  9997
2 41028   0.0377 249.8094 0001814 107.5077 209.5120  1.00272352 12263
BADR-7 (ARABSAT-6B)     
1 41029U 15065B   19072.35743809  .00000139  00000-0  00000+0 0  9993
2 41029   0.0480 254.6037 0004122   6.4803  64.2606  1.00271256 12301
LAOSAT 1                
1 41034U 15067A   19072.49619847 -.00000349  00000-0  00000+0 0  9994
2 41034   0.0134 141.6686 0002877 178.8770 157.3937  1.00272458 12249
TELSTAR 12V             
1 41036U 15068A   19072.39578998 -.00000125  00000-0  00000+0 0  9999
2 41036   0.0200 250.5487 0002022  98.0864 309.5759  1.00271104 12120
CHINASAT 1C (ZX 1C)     
1 41103U 15073A   19072.12788854 -.00000155  00000-0  00000+0 0  9998
2 41103   0.5471  97.3601 0003557 214.4596 346.1333  1.00271186 12063
ELEKTRO-L 2             
1 41105U 15074A   19071.98513624 -.00000102  00000-0  00000-0 0  9998
2 41105   0.1370 130.6519 0001738 258.1318 212.2093  1.00271897 11912
COSMOS 2513             
1 41121U 15075A   19072.12762683 -.00000144  00000-0  00000+0 0  9990
2 41121   0.0572 113.3860 0002162 248.1309 295.1321  1.00271746 11996
EXPRESS-AMU1            
1 41191U 15082A   19072.20952046  .00000150  00000-0  00000+0 0  9994
2 41191   0.0194 166.3648 0002829 162.0577 313.6229  1.00270773 11909
GAOFEN 4                
1 41194U 15083A   19072.91427344 -.00000342  00000-0  00000+0 0  9998
2 41194   0.0450 243.3851 0002111 336.0604  26.6263  1.00269174 11897
BELINTERSAT-1           
1 41238U 16001A   19072.19366441  .00000102  00000-0  00000+0 0  9991
2 41238   0.0290 127.5770 0000972 267.1181 257.0374  1.00269131 11658
IRNSS-1E                
1 41241U 16003A   19071.99049201 -.00000288  00000-0  00000+0 0  9992
2 41241  29.0900 103.8851 0020563 185.5614 349.2915  1.00273542 11599
INTELSAT 29E (IS-29E)   
1 41308U 16004A   19072.81955663 -.00000289  00000-0  00000+0 0  9998
2 41308   0.0170 205.5077 0001548 149.6306  61.0526  1.00274711 11565
EUTELSAT 9B             
1 41310U 16005A   19072.83133346  .00000054  00000-0  00000+0 0  9999
2 41310   0.0655  79.3462 0005575 233.2564 166.8290  1.00271449 11513
SES-9                   
1 41380U 16013A   19072.49218563 -.00000351  00000-0  00000+0 0  9993
2 41380   0.0423 270.2368 0001378 123.3957  62.6727  1.00271677 11153
EUTELSAT 65 WEST A      
1 41382U 16014A   19072.81650337 -.00000283  00000-0  00000+0 0  9995
2 41382   0.0474   1.6035 0001831 342.2234  56.0602  1.00271857 11050
IRNSS-1F                
1 41384U 16015A   19072.83604420  .00000150  00000-0  00000+0 0  9994
2 41384   2.8944 244.5202 0020678 175.3650  84.7878  1.00260711 11099
BEIDOU IGSO-6           
1 41434U 16021A   19071.97387178 -.00000118  00000-0  00000-0 0  9995
2 41434  56.3986  65.4796 0034179 202.1111 349.8494  1.00269285 10885
IRNSS-1G                
1 41469U 16027A   19072.85532333 -.00000344  00000-0  00000+0 0  9992
2 41469   2.9464 246.6472 0004797 169.9828 192.0245  1.00272745 10598
JCSAT 2B                
1 41471U 16028A   19072.50125816 -.00000172  00000-0  00000+0 0  9991
2 41471   0.0060 143.3371 0001864 201.6205 160.3071  1.00272231 10492
THAICOM 8               
1 41552U 16031A   19072.48625359 -.00000128  00000-0  00000+0 0  9990
2 41552   0.0646  44.6203 0003738 319.9866  59.7643  1.00272973 10182
INTELSAT 31 (IS-31)     
1 41581U 16035A   19072.59518594 -.00000157  00000-0  00000+0 0  9992
2 41581   0.0214 227.4136 0002497 345.2839  77.4206  1.00270874 10094
BD-2-G7                 
1 41586U 16037A   19072.19974132 -.00000359  00000-0  00000+0 0  9993
2 41586   0.7871  28.9635 0009231   7.7455 316.2903  1.00272835 10187
ABS-2A (MONGOLSAT-1)    
1 41588U 16038A   19072.77262372 -.00000091  00000-0  00000+0 0  9999
2 41588   0.0112 158.8695 0002728 118.9050 246.1772  1.00272466 10106
EUTELSAT 117 WEST B     
1 41589U 16038B   19072.56529498 -.00000018  00000-0  00000+0 0  9991
2 41589   0.0064 297.6134 0000412 142.0949 177.6749  1.00272062 10100
BRISAT                  
1 41591U 16039A   19072.50056027 -.00000203  00000-0  00000+0 0  9998
2 41591   0.0197 180.2064 0002176 165.2847 156.0393  1.00269255 10041
ECHOSTAR 18             
1 41592U 16039B   19072.81728851 -.00000289  00000-0  00000+0 0  9998
2 41592   0.0185 151.5363 0001700 188.7615  63.7170  1.00271234 10033
MUOS-5                  
1 41622U 16041A   19072.43959003 -.00000134  00000-0  00000+0 0  9997
2 41622   8.1905 311.9885 0199811 206.4267  65.6233  1.00272033 10465
TIANTONG-1 1            
1 41725U 16048A   19072.07341003 -.00000322  00000-0  00000+0 0  9992
2 41725   3.6603 328.1128 0006674  34.2429 295.8522  1.00275218  9661
JCSAT-16                
1 41729U 16050A   19072.50423406 -.00000313  00000-0  00000+0 0  9995
2 41729   0.0182 113.4969 0001766 217.1496 157.7189  1.00270531  9476
INTELSAT 36 (IS-36)     
1 41747U 16053A   19072.78521757 -.00000031  00000-0  00000+0 0  9993
2 41747   0.0133 138.9646 0000843 200.3169 183.0178  1.00269830  9360
INTELSAT 33E (IS-33E)   
1 41748U 16053B   19072.48250244  .00000043  00000-0  00000+0 0  9993
2 41748   0.0105 138.6227 0001996 214.2049  51.6870  1.00270870  9627
INSAT-3DR               
1 41752U 16054A   19072.48538123 -.00000083  00000-0  00000+0 0  9999
2 41752   0.0615  97.8137 0012798 183.4589 138.2257  1.00272430  9201
GSAT-18                 
1 41793U 16060A   19072.48529399 -.00000083  00000-0  00000+0 0  9996
2 41793   0.0198 115.9765 0000646 205.1529  98.3677  1.00271555  8934
SKY MUSTER 2            
1 41794U 16060B   19072.78658146 -.00000251  00000-0  00000+0 0  9990
2 41794   0.0099 219.2072 0001650 124.1215 255.7476  1.00270965  8976
HIMAWARI-9              
1 41836U 16064A   19072.85759147 -.00000282  00000-0  00000+0 0  9996
2 41836   0.0171 170.0640 0001152 166.4371 284.2005  1.00269886  8704
SHIJIAN-17 (SJ-17)      
1 41838U 16065A   19072.78992294 -.00000271  00000-0  00000+0 0  9991
2 41838   0.5444  97.5554 0002416 296.8751 155.2285  1.00275163  8639
GOES 16                 
1 41866U 16071A   19072.45554655 -.00000255  00000-0  00000+0 0  9990
2 41866   0.0428 338.2838 0000536  42.9688 238.3238  1.00271527  8504
TIANLIAN 1-04           
1 41869U 16072A   19072.12701618 -.00000113  00000-0  00000+0 0  9994
2 41869   1.2905 284.6907 0012661 147.9742 220.5450  1.00271907  8714
WGS F8 (USA 272)        
1 41879U 16075A   19072.50047303 -.00000209  00000-0  00000+0 0  9990
2 41879   0.0165 148.8316 0000434 224.2446 127.7115  1.00270033  8322
FENGYUN 4A              
1 41882U 16077A   19072.91967662 -.00000336  00000-0  00000+0 0  9991
2 41882   0.1365  90.6396 0003933  24.9304 131.3231  1.00265789  8384
ECHOSTAR 19             
1 41893U 16079A   19071.66130678 -.00000143  00000-0  00000+0 0  9991
2 41893   0.0147 163.9954 0001444 172.9762 334.0053  1.00271537  8128
JCSAT-15                
1 41903U 16082A   19072.06785576 -.00000356  00000-0  00000+0 0  9991
2 41903   0.0125 225.7547 0001322 116.5079 322.6300  1.00272672  8175
STAR ONE D1             
1 41904U 16082B   19072.81266500 -.00000217  00000-0  00000+0 0  9992
2 41904   0.0202 245.8818 0002219 111.0232  22.7531  1.00268924  8194
TJS-2                   
1 41911U 17001A   19072.92236642 -.00000350  00000-0  00000+0 0  9996
2 41911   0.1314 285.6690 0005925  40.7570 284.4225  1.00273243  8138
SBIRS GEO-3 (USA 273)   
1 41937U 17004A   19072.47817649  .00000123  00000-0  00000+0 0  9996
2 41937   4.7011 312.5939 0002014  33.1363 197.8070  1.00272439  7992
HISPASAT 36W-1          
1 41942U 17006A   19072.82958409 -.00000252  00000-0  00000+0 0  9997
2 41942   0.0183 347.6168 0000997   7.4111  78.7670  1.00271495  7931
TELKOM 3S               
1 41944U 17007A   19072.85305521 -.00000370  00000-0  00000+0 0  9995
2 41944   0.0220 157.6077 0002649 198.5896 240.0910  1.00267942  7619
INTELSAT 32E (IS-32E)   
1 41945U 17007B   19072.46200201 -.00000275  00000-0  00000+0 0  9996
2 41945   0.0191 157.3066 0000515 109.2352  27.3789  1.00269790  7644
ECHOSTAR 23             
1 42070U 17014A   19071.88081464 -.00000278  00000-0  00000-0 0  9991
2 42070   0.0221 155.5736 0002100 190.3585  96.4852  1.00268756  7327
WGS F9 (USA 275)        
1 42075U 17016A   19072.76904705  .00000066  00000-0  00000+0 0  9991
2 42075   0.0081 148.9593 0000434 168.1440 187.6580  1.00269832  7332
SES-10                  
1 42432U 17017A   19072.45698167 -.00000279  00000-0  00000+0 0  9994
2 42432   0.0187 139.2690 0002969 216.0211 273.1198  1.00269006  7150
CHINASAT 16 (SJ-13)     
1 42662U 17018A   19072.20131076 -.00000357  00000-0  00000+0 0  9991
2 42662   0.0311  97.8890 0005346 159.2678  96.2730  1.00267200  7130
KOREASAT 7              
1 42691U 17023A   19072.06750854 -.00000367  00000-0  00000+0 0  9995
2 42691   0.0098 122.6152 0001320 218.4097 329.5620  1.00271004  6836
SGDC                    
1 42692U 17023B   19071.73546969 -.00000254  00000-0  00000-0 0  9995
2 42692   0.0173 136.2166 0002215 212.5790  11.1994  1.00270281  6818
GSAT-9                  
1 42695U 17024A   19072.07341003 -.00000292  00000-0  00000+0 0  9990
2 42695   0.0548 269.1300 0002826  89.7483 295.2671  1.00273986  6827
INMARSAT 5-F4           
1 42698U 17025A   19072.48180456  .00000069  00000-0  00000+0 0  9993
2 42698   0.0227 156.9035 0000306  68.1767 175.6805  1.00269030  6666
SES-15                  
1 42709U 17026A   19072.15763597  .00000054  00000-0  00000+0 0  9998
2 42709   0.0208 150.0730 0001384 201.5034 106.5162  1.00269963  7588
QZS-2  (MICHIBIKI-2)    
1 42738U 17028A   19072.38128524 -.00000135  00000-0  00000+0 0  9993
2 42738  43.7583 280.8427 0743142 270.6682 256.4221  1.00265137  6530
VIASAT-2                
1 42740U 17029A   19072.41978625 -.00000271  00000-0  00000+0 0  9997
2 42740   0.0185 168.1031 0000390 110.2598 333.5987  1.00271797  6593
EUTELSAT 172B           
1 42741U 17029B   19072.14594637 -.00000011  00000-0  00000+0 0  9997
2 42741   0.0171 151.3436 0001239 116.2477 127.4222  1.00271898  7109
GSAT-19                 
1 42747U 17031A   19072.46229858  .00000119  00000-0  00000+0 0  9999
2 42747   0.0099 160.6355 0005008 220.4016   4.0460  1.00273344  6530
ECHOSTAR 21             
1 42749U 17032A   19071.89828366  .00000059  00000-0  00000-0 0  9991
2 42749   6.3970 315.3903 0001883  43.4570 144.9967  1.00272355  6506
CHINASAT 9A (ZX 9A)     
1 42763U 17035A   19072.92505888 -.00000320  00000-0  00000+0 0  9997
2 42763   0.0285 151.2673 0003829 271.7563 182.6511  1.00270451  7053
BULGARIASAT-1           
1 42801U 17038A   19072.82985045  .00000004  00000-0  00000+0 0  9997
2 42801   0.0098 162.4774 0002415 197.5897 111.7104  1.00272015  6316
HELLAS-SAT 3            
1 42814U 17040A   19072.83726552  .00000145  00000-0  00000+0 0  9997
2 42814   0.0830  52.1092 0005056 306.2741 153.2015  1.00267894  6291
GSAT-17                 
1 42815U 17040B   19072.13015668 -.00000263  00000-0  00000+0 0  9992
2 42815   0.0135 209.6422 0005363  82.6984  18.4541  1.00271477  6266
INTELSAT 35E (IS-35E)   
1 42818U 17041A   19072.86498544 -.00000245  00000-0  00000+0 0  9994
2 42818   0.0193 179.0513 0001852 170.3183  98.6957  1.00272958  6243
COSMOS 2520             
1 42907U 17046A   19072.27410535  .00000131  00000-0  00000+0 0  9990
2 42907   0.0135 159.1420 0002534 351.5511 163.6027  1.00273281  5789
TDRS 13                 
1 42915U 17047A   19072.08035581 -.00000104  00000-0  00000+0 0  9994
2 42915   6.2648 330.6564 0014419  69.2214 147.9671  1.00272237  5777
QZS-3 (MICHIBIKI-3)     
1 42917U 17048A   19072.49593677 -.00000354  00000-0  00000+0 0  9994
2 42917   0.0564 219.5315 0001426 124.1232 132.7188  1.00273423  5775
AMAZONAS 5              
1 42934U 17053A   19072.81737573 -.00000290  00000-0  00000+0 0  9999
2 42934   0.0337 343.8813 0004791   4.3551  56.1307  1.00273420  5530
ASIASAT 9               
1 42942U 17057A   19071.56168340 -.00000364  00000-0  00000+0 0  9995
2 42942   0.0120 144.7284 0002229 203.8030 145.6613  1.00271342  5334
INTELSAT 37E (IS-37E)   
1 42950U 17059A   19072.82592486 -.00000148  00000-0  00000+0 0  9998
2 42950   0.0058 145.3350 0002131 211.8442  93.2794  1.00270763  5459
BSAT-4A                 
1 42951U 17059B   19072.90877431 -.00000358  00000-0  00000+0 0  9997
2 42951   0.0574   1.7533 0004882  22.2028 224.2763  1.00271090  5355
QZS-4 (MICHIBIKI-4)     
1 42965U 17062A   19072.53712687 -.00000291  00000-0  00000+0 0  9992
2 42965  40.7213  17.7270 0750089 269.7957 214.2829  1.00289361  5219
SES-11 (ECHOSTAR 105)   
1 42967U 17063A   19072.55373359 -.00000096  00000-0  00000+0 0  9999
2 42967   0.0096 201.1640 0002235 150.0201 274.0874  1.00272659  5201
KOREASAT 5A             
1 42984U 17067A   19071.90851076 -.00000364  00000-0  00000-0 0  9996
2 42984   0.0091 176.5034 0000789 150.6552 283.2901  1.00272248  4930
ALCOMSAT 1              
1 43039U 17078A   19072.91269071 -.00000194  00000-0  00000+0 0  9990
2 43039   0.0306  40.8834 0002449 359.2352  74.8815  1.00270954  4695
SBIRS GEO-4 (USA 282)   
1 43162U 18009A   19071.77789748 -.00000296  00000-0  00000+0 0  9996
2 43162   5.8149 318.6964 0002078  26.7238 243.7210  1.00271784  4235
AL YAH 3                
1 43174U 18012A   19072.18660559 -.00000161  00000-0  00000+0 0  9998
2 43174   0.0166 243.7706 0002012 105.4328 228.3854  1.00271403  4241
SES-14                  
1 43175U 18012B   19072.19007749 -.00000284  00000-0  00000+0 0  9992
2 43175   0.0188 148.9253 0001139 199.7402 202.7921  1.00268441  4460
GOES 17                 
1 43226U 18022A   19072.48440444  .00000091  00000-0  00000+0 0  9990
2 43226   0.0416   8.5900 0003264   6.4202 192.9733  1.00272101  3833
HISPASAT 30W-6          
1 43228U 18023A   19072.48313264 -.00000223  00000-0  00000+0 0  9990
2 43228   0.0474  48.1333 0005435 319.6861 306.8782  1.00271425  3895
SUPERBIRD 8             
1 43271U 18033A   19072.14393994 -.00000098  00000-0  00000+0 0  9990
2 43271   0.0348 255.5307 0001271  79.0512  49.7021  1.00271944  3459
HYLAS 4                 
1 43272U 18033B   19072.17674064 -.00000239  00000-0  00000+0 0  9991
2 43272   0.0643 122.3834 0001586  45.2247  33.0152  1.00271900  3489
IRNSS-1I                
1 43286U 18035A   19072.19444954  .00000099  00000-0  00000+0 0  9996
2 43286  29.0820 117.2868 0021296 188.3828 349.9217  1.00274068  3463
COSMOS 2526             
1 43432U 18037A   19071.93243676 -.00000350  00000-0  00000-0 0  9992
2 43432   0.0184 132.6146 0001333 238.7875 262.5775  1.00269260  3377
APSTAR 6C               
1 43450U 18041A   19072.90379767 -.00000325  00000-0  00000+0 0  9997
2 43450   0.0177 231.0726 0002091 175.2538 224.2831  1.00272047  3241
BANGABANDHUSAT-1        
1 43463U 18044A   19072.79216150 -.00000369  00000-0  00000+0 0  9995
2 43463   0.0096 213.8736 0002279 149.4034 212.1074  1.00275071  3139
SES-12                  
1 43488U 18049A   19072.84843170 -.00000276  00000-0  00000+0 0  9998
2 43488   0.0064   6.3586 0001245 210.8607 354.3783  1.00270912  2831
FENGYUN 2H              
1 43491U 18050A   19072.55811068 -.00000134  00000-0  00000+0 0  9996
2 43491   1.7299 283.0580 0002006 245.2161 282.6610  1.00271737  2911
BEIDOU IGSO-7           
1 43539U 18057A   19071.99613547 -.00000133  00000-0  00000+0 0  9994
2 43539  55.0410 186.5095 0022063 182.2901 271.7517  1.00257527  2552
TELSTAR 19V             
1 43562U 18059A   19072.81693955 -.00000287  00000-0  00000+0 0  9995
2 43562   0.0108 167.1650 0000458  99.6424 135.4514  1.00272461  2578
TELKOM 4 (MERAH PUTIH)  
1 43587U 18064A   19071.90896368 -.00000349  00000-0  00000-0 0  9990
2 43587   0.0135 229.7498 0001273 110.2451 265.4707  1.00271806  2262
TELSTAR 18V (APSTAR 5C) 
1 43611U 18069A   19071.99555169 -.00000299  00000-0  00000+0 0  9996
2 43611   0.0171 112.8924 0003781 233.9293 319.8960  1.00271510  2008
AZERSPACE 2 (IS-38)     
1 43632U 18074A   19072.78158317  .00000130  00000-0  00000+0 0  9990
2 43632   0.0094 153.9644 0001862 300.3244  43.1883  1.00271509  1911
HORIZONS 3E             
1 43633U 18074B   19072.86326181 -.00000038  00000-0  00000+0 0  9994
2 43633   0.0145   2.2881 0000178  99.8053 188.8523  1.00271795  1752
AEHF-4 (USA 288)        
1 43651U 18079A   19072.16470208 -.00000166  00000-0  00000+0 0  9994
2 43651   4.7869 312.0492 0004425  30.6828 152.9687  1.00271722  1683
BEIDOU-3 G1             
1 43683U 18085A   19072.85837660 -.00000253  00000-0  00000+0 0  9998
2 43683   2.7964 271.5175 0001226  59.0920 294.1502  1.00272737  1461
GSAT-29                 
1 43698U 18089A   19072.48154285  .00000079  00000-0  00000+0 0  9997
2 43698   0.0707 274.5776 0002138  55.0613  69.5353  1.00272862  1222
ES'HAIL 2               
1 43700U 18090A   19072.83157252  .00000137  00000-0  00000+0 0  9994
2 43700   0.0305 252.5911 0001227 112.2257 131.5699  1.00268999  1325
GEO-KOMPSAT-2A          
1 43823U 18100A   19072.85506163 -.00000351  00000-0  00000+0 0  9992
2 43823   0.0306  21.4885 0001747  26.4943 199.2815  1.00270791  1065
GSAT-11                 
1 43824U 18100B   19072.12640553 -.00000082  00000-0  00000+0 0  9996
2 43824   0.0745 267.2297 0005122 144.4250 238.2933  1.00271492  1023
GSAT-7A                 
1 43864U 18105A   19072.77026834  .00000020  00000-0  00000+0 0  9997
2 43864   0.0143  20.3763 0002424 341.3190 149.3906  1.00271421   885
COSMOS 2533             
1 43867U 18107A   19072.92916617 -.00000045  00000-0  00000+0 0  9994
2 43867   0.0179 250.8716 0001462 110.1867 214.6308  1.00272607   833
TJS-3                   
1 43874U 18110A   19072.72852728  .00000050  00000-0  00000+0 0  9991
2 43874   0.0771 136.6781 0002027 202.4055 153.2144  1.00272012   885
TJS-3 AKM               
1 43917U 18110C   19072.72852762  .00000049  00000-0  00000+0 0  9995
2 43917   0.0828 138.6808 0001931 186.7957 166.9584  1.00272028   769
CHINASAT 2D (ZX 2D)     
1 43920U 19001A   19072.85541058 -.00000344  00000-0  00000+0 0  9995
2 43920   0.0191 156.0346 0001387 187.3885 265.6974  1.00271981   766
GSAT-31                 
1 44035U 19007B   19072.12117137  .00000120  00000-0  00000+0 0  9997
2 44035   0.0856 285.7845 0003924  28.6368 307.5298  1.00270690   365
NUSANTARA SATU          
1 44048U 19009A   19072.85863830 -.00000243  00000-0  00000+0 0  9998
2 44048   0.0652 281.9893 0001454  59.2917 284.8870  1.00271701   176