TDRS-3------------------
1 19548U 88091B   21276.87260095 -.00000295  00000-0  00000-0 0  9995
2 19548  13.8945 353.3636 0035519 323.5814 320.8758  1.00280980108164
FLTSATCOM-8-(USA-46)----
1 20253U 89077A   21276.76507590 -.00000075  00000-0  00000-0 0  9993
2 20253  12.9310   1.9873 0005184 136.1950 221.8308  1.00272707243381
SKYNET-4C---------------
1 20776U 90079A   21276.87593191  .00000131  00000-0  00000-0 0  9993
2 20776  13.8759   2.0201 0002983 212.5334 147.3365  1.00273688113665
TDRS-5------------------
1 21639U 91054B   21276.76946529  .00000091  00000-0  00000-0 0  9996
2 21639  14.2519   6.6918 0021635   2.4695 113.0410  1.00278986110494
TDRS-6------------------
1 22314U 93003B   21277.09884201 -.00000290  00000-0  00000+0 0  9999
2 22314  14.1105   9.9015 0008477 118.4144 234.1616  1.00279950105168
UFO-2-(USA-95)----------
1 22787U 93056A   21277.10974825  .00000130  00000-0  00000+0 0  9997
2 22787  11.4057  12.5435 0005888 194.3907 234.3111  1.00273909101444
USA-99-(MILSTAR-1-1)----
1 22988U 94009A   21277.12913764 -.00000187  00000-0  00000+0 0  9999
2 22988  14.9290  45.8401 0003219 141.6594 142.0497  1.00270352 14421
ASTRA-1D----------------
1 23331U 94070A   21276.78287015 -.00000264  00000-0  00000-0 0  9991
2 23331   9.7539  39.4118 0003665 156.8016  25.3578  1.00270760 99067
USA-107-(DSP-17)--------
1 23435U 94084A   21276.50370191 -.00000158  00000-0  00000-0 0  9991
2 23435  14.5871   7.8453 0001886 143.8015 305.3567  1.00267989 15734
UFO-4-(USA-108)---------
1 23467U 95003A   21276.70741295 -.00000018  00000-0  00000-0 0  9992
2 23467   9.8825  18.8307 0005040 130.3095 290.4949  1.00270513 97735
AMSC-1------------------
1 23553U 95019A   21276.42825253 -.00000087  00000-0  00000-0 0  9997
2 23553  11.7077  27.9174 0003188 192.9325 198.2018  1.00272106 96951
TDRS-7------------------
1 23613U 95035B   21277.04064663 -.00000194  00000-0  00000+0 0  9999
2 23613  14.0695   0.5811 0026170  49.9251  61.7095  1.00268295 95930
USA-113-----------------
1 23628U 95038A   21276.84522299 -.00000333  00000-0  00000-0 0  9995
2 23628  11.8540  26.7353 0001417 174.0247 220.0268  1.00270495 15752
USA-115-(MILSTAR-1-2)---
1 23712U 95060A   21276.63395594 -.00000013  00000-0  00000-0 0  9992
2 23712  13.4225  16.2016 0002952 171.2676 293.3118  1.00272106 15662
INMARSAT-3-F1-----------
1 23839U 96020A   21276.64137458  .00000119  00000-0  00000-0 0  9999
2 23839   7.0135  59.6794 0006778 111.1982 277.5531  0.99992958 93084
INMARSAT-3-F2-----------
1 24307U 96053A   21276.91163272 -.00000139  00000-0  00000-0 0  9992
2 24307   5.9395  68.8133 0005716  80.0508 279.2095  0.99978121 91749
AMC-1-(GE-1)------------
1 24315U 96054A   21277.14452241  .00000066  00000-0  00000+0 0  9992
2 24315   5.0144  75.2166 0003017 121.6802  97.3211  1.00273547 91809
INMARSAT-3-F3-----------
1 24674U 96070A   21276.87229887 -.00000248  00000-0  00000-0 0  9999
2 24674   6.5852  63.3986 0005958 117.0130 115.6422  1.00001353 90739
INTELSAT-26-(IS-26)-----
1 24732U 97007A   21276.88238605 -.00000014  00000-0  00000-0 0  9995
2 24732   9.7041  40.1995 0002691 138.5977 217.7987  1.00272706 55519
GALAXY-25-(G-25)--------
1 24812U 97026A   21276.87942062  .00000089  00000-0  00000-0 0  9994
2 24812   3.0554  86.1423 0003855 127.8489 166.4852  1.00404427 89157
INTELSAT-5-(IS-5)-------
1 24916U 97046A   21277.14135965  .00000092  00000-0  00000+0 0  9991
2 24916   6.6842  62.7351 0003171 145.9272  78.2808  1.00272598 88391
AMC-3-(GE-3)------------
1 24936U 97050A   21276.85482514 -.00000259  00000-0  00000-0 0  9997
2 24936   3.9176  81.7871 0003022 127.1515  39.5844  1.00270686 35217
NSS-5-------------------
1 24957U 97053A   21277.10944731  .00000107  00000-0  00000+0 0  9996
2 24957   6.9218  60.9966 0003459 125.0357 276.8783  1.00272633 88028
USA-134-----------------
1 25019U 97065A   21277.12509797 -.00000056  00000-0  00000+0 0  9994
2 25019  10.7585  33.0634 0001298 324.9153 307.9273  1.00269972 14384
ASTRA-1G----------------
1 25071U 97076A   21276.65771211  .00000118  00000-0  00000-0 0  9992
2 25071   5.6589  70.1438 0003436 118.7507  79.8588  1.00271249 87284
INMARSAT-3-F5-----------
1 25153U 98006B   21276.85840106 -.00000287  00000-0  00000-0 0  9997
2 25153   5.8290  67.5004 0004650 127.8143  72.5054  1.00274611 86677
UFO-8-(USA-138)---------
1 25258U 98016A   21276.70741295 -.00000021  00000-0  00000-0 0  9993
2 25258   9.1522  30.8946 0004242 157.4961 250.5424  1.00270729 86631
ASTRA-2A----------------
1 25462U 98050A   21276.87479807  .00000148  00000-0  00000-0 0  9992
2 25462   2.7628  88.2445 0002025  98.5879 168.8762  1.00269462 29113
JCSAT-4A----------------
1 25630U 99006A   21276.89366692 -.00000306  00000-0  00000+0 0  9996
2 25630   5.6455  70.7617 0010924 175.9316 223.8791  1.00272690 82783
SKYNET-4E---------------
1 25639U 99009B   21276.22247507 -.00000029  00000-0  00000-0 0  9991
2 25639  11.1187  18.3070 0003108 191.2868 241.4099  1.00270757 34164
ASIASAT-3S--------------
1 25657U 99013A   21276.82691531 -.00000220  00000-0  00000-0 0  9995
2 25657   5.8237  69.3035 0002676  96.5084 292.5558  1.00272195 82600
NIMIQ-1-----------------
1 25740U 99027A   21276.85194692 -.00000199  00000-0  00000-0 0  9997
2 25740   2.2340  89.6786 0004770 109.1276  34.1579  1.00270242 81836
ABS-7-------------------
1 25894U 99046A   21276.87584469  .00000154  00000-0  00000-0 0  9995
2 25894   2.1168  90.3024 0003895  97.9420 173.2616  1.00269697 79903
ABS-6-------------------
1 25924U 99053A   21276.90078909 -.00000122  00000-0  00000-0 0  9994
2 25924   0.0396  58.0330 0001559 132.4171 305.6641  1.00271553 80636
AMC-4-(GE-4)------------
1 25954U 99060A   21277.17565446  .00000086  00000-0  00000+0 0  9999
2 25954   0.8753  94.5836 0002774 103.0689 103.7841  1.00269526 80263
UFO-10-(USA-146)--------
1 25967U 99063A   21276.87289948 -.00000179  00000-0  00000-0 0  9997
2 25967   8.4039  34.2282 0004621 147.1479 123.4644  1.00270471 80129
GALAXY-11-(G-11)--------
1 26038U 99071A   21277.16680207 -.00000163  00000-0  00000+0 0  9994
2 26038   2.3739  90.7964 0001030 320.8543 288.4065  1.00271352 79852
USA-148-----------------
1 26052U 00001A   21276.65570980  .00000044  00000-0  00000-0 0  9992
2 26052   9.1349  43.8967 0001248 138.9506 246.0569  1.00273488 15749
ASIASTAR----------------
1 26107U 00016A   21276.89014847 -.00000332  00000-0  00000-0 0  9991
2 26107   5.0800  73.9080 0004181 126.3789 237.9959  1.00268982 78700
USA-149-(DSP-20)--------
1 26356U 00024A   21276.63499913  .00000105  00000-0  00000-0 0  9996
2 26356  11.8953  23.1795 0003567 216.7787 196.4601  1.00288525 15696
EUTELSAT-80A------------
1 26369U 00028A   21276.80364122 -.00000101  00000-0  00000-0 0  9993
2 26369   4.3909  77.4025 0014284 176.7318  35.4089  1.00274438 78216
TDRS-8------------------
1 26388U 00034A   21276.97595420 -.00000225  00000-0  00000+0 0  9992
2 26388   9.9642  44.2937 0016301 335.6134  73.3642  1.00265077 77955
INTELSAT-9-(IS-9)-------
1 26451U 00043A   21276.85918604 -.00000284  00000-0  00000-0 0  9999
2 26451   6.6690  62.9143 0002809 144.3327  64.8534  1.00269676 26921
NSS-11-(AAP-1)----------
1 26554U 00059A   21276.83249728  .00000023  00000-0  00000+0 0  9991
2 26554   0.0388  59.7894 0002556 157.8818 270.8022  1.00271824 76954
USA-153-----------------
1 26575U 00065A   21276.83872552 -.00000319  00000-0  00000+0 0  9997
2 26575   8.6690  47.2181 0001218 115.2505 286.6453  1.00275477 14394
AMC-6-(GE-6)------------
1 26580U 00067A   21276.69791969  .00000102  00000-0  00000-0 0  9991
2 26580   0.0386  60.5471 0002671 133.6469 290.6992  1.00273312 76707
INTELSAT-12-(IS-12)-----
1 26590U 00068A   21277.16915927  .00000013  00000-0  00000+0 0  9998
2 26590   4.0493  81.9806 0002357  95.0771 321.1972  1.00272519 76580
INTELSAT-1R-(IS-1R)-----
1 26608U 00072A   21276.90052743 -.00000137  00000-0  00000+0 0  9990
2 26608   3.8164  82.9664 0000816 226.9974 184.1509  1.00272162 76434
ANIK-F1-----------------
1 26624U 00076A   21276.61219953 -.00000064  00000-0  00000-0 0  9998
2 26624   0.7866  95.7860 0007445  57.1436 330.8136  1.00271819 25921
ASTRA-2D----------------
1 26638U 00081A   21277.10348750  .00000124  00000-0  00000+0 0  9997
2 26638   6.7539  61.9555 0005568 170.4935 201.4803  1.00177744 76171
AMC-8-(GE-8)------------
1 26639U 00081B   21276.69185507  .00000087  00000-0  00000-0 0  9999
2 26639   1.8032  91.2381 0002642 105.9478 289.5114  1.00272870 76116
USA-157-(MILSTAR-2-2)---
1 26715U 01009A   21277.08586243  .00000018  00000-0  00000+0 0  9994
2 26715   9.7692  28.3057 0002513 181.3717  69.9330  1.00273325 14424
EUTELSAT-133-WEST-A-----
1 26719U 01011A   21276.69914073  .00000077  00000-0  00000-0 0  9999
2 26719   3.0820  85.0851 0002753 112.6161 293.7660  1.00270807 75327
INTELSAT-10-(IS-10)-----
1 26766U 01019A   21276.76106561  .00000036  00000-0  00000+0 0  9996
2 26766   4.9708  75.4527 0003205 140.1830 248.8443  1.00271270 74716
INTELSAT-901-(IS-901)---
1 26824U 01024A   21276.99980208 -.00000204  00000-0  00000+0 0  9998
2 26824   0.0163 114.3818 0000932  97.9341 133.0643  1.00273508 74363
ASTRA-2C----------------
1 26853U 01025A   21276.85473792 -.00000258  00000-0  00000-0 0  9991
2 26853   3.9436  81.5783 0002555 113.9878  52.4741  1.00270302 27824
USA-159-(DSP-21)--------
1 26880U 01033A   21276.71579940 -.00000291  00000-0  00000-0 0  9994
2 26880  11.1943  27.3390 0001859 223.6405 330.2978  1.00275511 15745
INTELSAT-902-(IS-902)---
1 26900U 01039A   21276.85927324 -.00000283  00000-0  00000-0 0  9992
2 26900   1.7620  91.7413 0003099 106.4476  73.8421  1.00270773 73472
USA-164-(MILSTAR-2-3)---
1 27168U 02001A   21276.98452022  .00000105  00000-0  00000+0 0  9992
2 27168   9.2422  30.0222 0002194 181.8527 174.4664  1.00276303 14427
ECHOSTAR-7--------------
1 27378U 02006A   21277.15158270 -.00000003  00000-0  00000+0 0  9996
2 27378   0.0374  62.3727 0002026  85.6217 160.8447  1.00271803 71841
INTELSAT-904-(IS-904)---
1 27380U 02007A   21276.86337250 -.00000214  00000-0  00000-0 0  9999
2 27380   2.5954  88.5814 0002835 103.4591 102.0668  1.00272754 34549
TDRS-9------------------
1 27389U 02011A   21276.85665670 -.00000282  00000-0  00000-0 0  9997
2 27389   8.4757  63.1182 0022618 285.9768 269.6579  1.00278491 73227
ASTRA-3A----------------
1 27400U 02015B   21276.85194692 -.00000200  00000-0  00000-0 0  9996
2 27400   6.8651  60.7705 0000942 138.2248  33.6879  1.00274200 71504
NSS-7-------------------
1 27414U 02019A   21276.79342354 -.00000156  00000-0  00000-0 0  9998
2 27414   5.3027  73.3203 0002195 126.1144  78.9148  1.00272006 71341
DIRECTV-5-(TEMPO-1)-----
1 27426U 02023A   21277.15715691 -.00000058  00000-0  00000+0 0  9995
2 27426   0.4806  95.9867 0003387 106.5356 117.0246  1.00272078 71086
INTELSAT-905-(IS-905)---
1 27438U 02027A   21276.86433191 -.00000185  00000-0  00000-0 0  9993
2 27438   2.4170  89.3638 0002467 104.7520 105.3582  1.00271334 34142
GALAXY-3C-(G-3C)--------
1 27445U 02030A   21277.05595823 -.00000153  00000-0  00000+0 0  9992
2 27445   0.0287 278.6642 0001622  58.1059 321.3022  1.00269299 70733
EUTELSAT-5-WEST-A-------
1 27460U 02035A   21277.09354991 -.00000043  00000-0  00000+0 0  9995
2 27460   1.6843  92.0914 0005139 108.3162 201.2897  1.00272319 70536
METEOSAT-8-(MSG-1)------
1 27509U 02040B   21276.51859917  .00000139  00000-0  00000-0 0  9995
2 27509   7.5639  51.9316 0001301 179.2030   9.4409  1.00269537 70036
INTELSAT-906-(IS-906)---
1 27513U 02041A   21276.88203719  .00000013  00000-0  00000-0 0  9995
2 27513   1.4284  93.4152 0003302 105.7328 195.3441  1.00272519 69804
HISPASAT-30W-4----------
1 27528U 02044A   21276.69713471  .00000116  00000-0  00000-0 0  9998
2 27528   2.2019  89.5262 0004355  99.0577 292.0060  1.00270669 25755
TDRS-10-----------------
1 27566U 02055A   21276.76668803  .00000093  00000-0  00000-0 0  9992
2 27566   7.7372  51.3192 0005347 333.1776  93.0626  1.00274589 69012
NSS-6-------------------
1 27603U 02057A   21276.83546270  .00000107  00000-0  00000-0 0  9993
2 27603   0.9625  94.4857 0003334 102.2042 307.3695  1.00275076 68828
NIMIQ-2-----------------
1 27632U 02062A   21276.66015421  .00000135  00000-0  00000-0 0  9992
2 27632   5.4101  72.4392 0001075  62.5993 146.5550  1.00012692 26967
USA-167-----------------
1 27691U 03008A   21277.24612925  .00000058  00000-0  00000+0 0  9998
2 27691   7.5416  56.1701 0002300  40.6265 234.8755  1.00274721 14405
USA-169-(MILSTAR-2-4)---
1 27711U 03012A   21276.89614372 -.00000190  00000-0  00000-0 0  9993
2 27711   9.7431  41.8369 0002717 157.0035 288.7370  1.00270198 15732
GALAXY-12-(G-12)--------
1 27715U 03013B   21276.69983848  .00000058  00000-0  00000-0 0  9995
2 27715   2.6298  88.1309 0001812 114.2485 293.1981  1.00271803 34874
ASIASAT-4---------------
1 27718U 03014A   21276.83452413  .00000151  00000-0  00000-0 0  9998
2 27718   0.3246  97.8306 0002214  94.9713 158.5769  1.00270416 28076
HELLAS-SAT-2------------
1 27811U 03020A   21276.85028978 -.00000151  00000-0  00000-0 0  9997
2 27811   3.0477  87.2650 0004332 101.6213  34.8200  1.00272380 25621
THURAYA-2---------------
1 27825U 03026A   21276.51912248  .00000130  00000-0  00000-0 0  9999
2 27825   6.4240  34.0231 0004523 126.7481  82.5611  1.00273141 67126
OPTUS-C1----------------
1 27831U 03028B   21276.90026578 -.00000150  00000-0  00000-0 0  9996
2 27831   2.5581  89.2087 0005952 102.0083 301.4467  1.00271503 35847
GALAXY-23-(G-23)--------
1 27854U 03034A   21277.21709309  .00000010  00000-0  00000+0 0  9996
2 27854   0.0346 251.1458 0002967 301.1526 138.0020  1.00272048 71331
USA-170-----------------
1 27875U 03040A   21276.87180308 -.00000269  00000-0  00000+0 0  9996
2 27875   6.8445  61.5564 0004501 124.8501  97.9272  1.00268710 14406
GALAXY-13-(HORIZONS-1)--
1 27954U 03044A   21276.59756685  .00000046  00000-0  00000-0 0  9997
2 27954   0.0195 140.4564 0003034  43.5457 276.6384  1.00271240 29347
YAMAL-202---------------
1 28089U 03053A   21277.23556524 -.00000079  00000-0  00000+0 0  9995
2 28089   1.9930  90.6527 0005977  69.3162 101.5120  1.00273083 65460
UFO-11-(USA-174)--------
1 28117U 03057A   21276.88404319 -.00000090  00000-0  00000-0 0  9999
2 28117   6.6368  37.8634 0002310  87.1539 280.4759  1.00271974 65232
USA-176-(DSP-22)--------
1 28158U 04004A   21276.84995007 -.00000214  00000-0  00000-0 0  9990
2 28158   9.7599  36.6485 0000703 169.6883 199.7494  1.00275214 15717
ABS-4-(MOBISAT-1)-------
1 28184U 04007A   21276.88133943  .00000039  00000-0  00000-0 0  9993
2 28184   1.6775  91.8938 0005278 101.9314 197.2640  1.00270194 35113
EUTELSAT-7A-------------
1 28187U 04008A   21277.13954799  .00000103  00000-0  00000+0 0  9997
2 28187   1.4658  90.2202 0004155 108.5415  85.3630  1.00274399 64354
AMC-11-(GE-11)----------
1 28252U 04017A   21276.69957683  .00000066  00000-0  00000-0 0  9994
2 28252   0.0410  51.7213 0002606 145.6302 296.1316  1.00271634 63663
INTELSAT-10-02----------
1 28358U 04022A   21276.86904168 -.00000013  00000-0  00000-0 0  9999
2 28358   0.0172 117.7528 0001162  94.3256 112.5876  1.00271988 63328
ANIK-F2-----------------
1 28378U 04027A   21277.15635855 -.00000053  00000-0  00000+0 0  9996
2 28378   0.0510  83.7645 0001262 133.9753 100.5714  1.00274208 63136
AMC-15------------------
1 28446U 04041A   21277.15954360 -.00000092  00000-0  00000+0 0  9996
2 28446   0.0449  44.8076 0002572 152.8000 127.8748  1.00271749 62134
NSS-10-(AMC-12)---------
1 28526U 05003A   21276.86171535 -.00000251  00000-0  00000-0 0  9994
2 28526   2.1491  89.9616 0002882 108.8872  86.7220  1.00270898 35935
XTAR-EUR----------------
1 28542U 05005A   21276.88389765  .00000148  00000-0  00000-0 0  9996
2 28542   0.0214 186.9349 0002454   3.0686 169.9917  1.00269851 60963
XM-3-(RHYTHM)-----------
1 28626U 05008A   21276.56517366 -.00000208  00000-0  00000-0 0  9995
2 28626   0.0254 200.7030 0000960 249.6302  40.5144  1.00268232 25403
INMARSAT-4-F1-----------
1 28628U 05009A   21276.89782368 -.00000260  00000-0  00000-0 0  9998
2 28628   3.4335  32.1994 0002816 167.3176 280.0341  1.00271811 60456
DIRECTV-8---------------
1 28659U 05019A   21276.60435100 -.00000002  00000-0  00000-0 0  9995
2 28659   0.0187 209.0096 0003004 349.4515 272.6014  1.00272242 59851
GALAXY-28-(G-28)--------
1 28702U 05022A   21276.56438869 -.00000188  00000-0  00000-0 0  9993
2 28702   0.0219 201.0981 0000763 320.4989 325.0776  1.00270356 34769
EXPRESS-AM3-------------
1 28707U 05023A   21276.94561919  .00000134  00000-0  00000+0 0  9993
2 28707   2.9403  86.0887 0001309 137.9172 152.2884  1.00270964 59614
THAICOM-4---------------
1 28786U 05028A   21276.89302667 -.00000365  00000-0  00000-0 0  9990
2 28786   0.0019 167.8368 0002584  25.6393 260.3411  1.00271350 35036
GALAXY-14-(G-14)--------
1 28790U 05030A   21276.87575747  .00000153  00000-0  00000-0 0  9991
2 28790   0.6148  94.4701 0002719 112.5677 153.9514  1.00273220 59087
ANIK-F1R----------------
1 28868U 05036A   21277.15875166 -.00000077  00000-0  00000+0 0  9998
2 28868   0.0417  63.6271 0000560 148.5755 110.7145  1.00271658 58942
GALAXY-15-(G-15)--------
1 28884U 05041A   21276.69914073  .00000076  00000-0  00000-0 0  9990
2 28884   0.0292 100.3539 0001843  96.3670 294.5948  1.00272196 58397
SYRACUSE-3A-------------
1 28885U 05041B   21277.09389002  .00000127  00000-0  00000+0 0  9990
2 28885   0.4791  96.3505 0002730  91.1725 266.2860  1.00270640 58518
INMARSAT-4-F2-----------
1 28899U 05044A   21276.77618904  .00000010  00000-0  00000-0 0  9990
2 28899   3.3126  34.8014 0002716 168.2116 153.0259  1.00272761 58299
SPACEWAY-2--------------
1 28903U 05046B   21276.69800690  .00000102  00000-0  00000-0 0  9996
2 28903   1.3025  90.2581 0000284 122.3769 272.3766  1.00271970 34124
METEOSAT-9-(MSG-2)------
1 28912U 05049B   21276.72626558  .00000019  00000-0  00000-0 0  9999
2 28912   5.4429  67.8153 0000700  34.1027 175.5202  1.00273963 57816
EUTELSAT-174A-----------
1 28924U 05052A   21276.83214840  .00000007  00000-0  00000+0 0  9991
2 28924   0.0093  32.5371 0006473 164.2297 289.5468  1.00269385 57762
ECHOSTAR-10-------------
1 28935U 06003A   21277.15715660 -.00000058  00000-0  00000+0 0  9999
2 28935   0.0350  68.0003 0001543 151.2128 100.2622  1.00272712 57295
SPAINSAT----------------
1 28945U 06007A   21276.04998785 -.00000218  00000-0  00000+0 0  9990
2 28945   0.0290 231.3256 0005505 332.8867 155.7872  1.00273295 57001
EUTELSAT-HOTBIRD-13E----
1 28946U 06007B   21277.16646660  .00000084  00000-0  00000+0 0  9997
2 28946   0.0371 182.2517 0006971  14.1734 249.5965  1.00270800 57089
JCSAT-5A----------------
1 29045U 06010A   21276.96733652 -.00000330  00000-0  00000+0 0  9992
2 29045   0.0092 176.5440 0001879  22.4792 294.1754  1.00272870 56720
ASTRA-1KR---------------
1 29055U 06012A   21276.87305372  .00000117  00000-0  00000-0 0  9992
2 29055   0.0119 227.2859 0005179 348.0517 130.9754  1.00273731 28507
EWS-G1-(GOES-13)--------
1 29155U 06018A   21276.88151387  .00000032  00000-0  00000-0 0  9991
2 29155   0.1440 115.8102 0006925  96.9174 179.1866  1.00269209 26150
EUTELSAT-113-WEST-A-----
1 29162U 06020A   21276.60887767 -.00000040  00000-0  00000-0 0  9990
2 29162   0.0340  80.9358 0003031 108.2220 289.5740  1.00271538 56254
GALAXY-16-(G-16)--------
1 29236U 06023A   21276.84950483 -.00000129  00000-0  00000-0 0  9995
2 29236   0.0176 222.0663 0002692 336.3773  21.1543  1.00270716 55752
EUTELSAT-HOTBIRD-13B----
1 29270U 06032A   21276.93313417  .00000085  00000-0  00000-0 0  9993
2 29270   0.0768 355.5871 0001762 243.4290 122.7690  1.00274215 30087
JCSAT-3A----------------
1 29272U 06033A   21276.96646434 -.00000347  00000-0  00000+0 0  9998
2 29272   0.0169 237.3466 0002296 308.2569 303.2255  1.00273770 55549
SYRACUSE-3B-------------
1 29273U 06033B   21277.09354991 -.00000046  00000-0  00000+0 0  9994
2 29273   0.0206 124.7903 0004386  61.6770 215.0286  1.00271773 55537
KOREASAT-5-(MUGUNGWHA-5)
1 29349U 06034A   21277.03527944 -.00000361  00000-0  00000+0 0  9993
2 29349   0.0101 205.0185 0002003   7.1892 286.5120  1.00273004 55410
DIRECTV-9S--------------
1 29494U 06043A   21276.84898150 -.00000116  00000-0  00000-0 0  9991
2 29494   0.0201 220.6438 0002904 330.3020  26.2647  1.00272832 34160
OPTUS-D1----------------
1 29495U 06043B   21276.82927021 -.00000113  00000-0  00000+0 0  9996
2 29495   0.0349  90.8172 0003423 102.8464 277.6322  1.00271411 54927
XM-4-(BLUES)------------
1 29520U 06049A   21276.63093613 -.00000026  00000-0  00000+0 0  9994
2 29520   0.0450 286.8246 0000157 356.5431 201.1148  1.00270879 54779
BADR-4------------------
1 29526U 06051A   21277.11021821  .00000142  00000-0  00000+0 0  9997
2 29526   0.0587 328.3545 0004701 272.5726 197.7857  1.00270411 54671
WILDBLUE-1--------------
1 29643U 06054A   21277.15635912 -.00000052  00000-0  00000+0 0  9997
2 29643   0.0175 165.2375 0001589  31.6624 121.2908  1.00271588 54322
AMC-18------------------
1 29644U 06054B   21277.08036612 -.00000218  00000-0  00000+0 0  9996
2 29644   0.0324  87.1646 0002502 113.1423 118.6441  1.00271624 54335
INSAT-4B----------------
1 30793U 07007A   21276.85821911 -.00000191  00000-0  00000-0 0  9991
2 30793   1.5843  92.4643 0005942 137.2470 177.5639  1.00272793 24989
SKYNET-5A---------------
1 30794U 07007B   21276.88822966 -.00000273  00000-0  00000-0 0  9997
2 30794   1.7035  89.6647 0003597 108.2657 229.8628  1.00273138 53475
ANIK-F3-----------------
1 31102U 07009A   21276.70201894 -.00000003  00000-0  00000-0 0  9996
2 31102   0.0191 163.0218 0001539  33.4898 310.1338  1.00271319 29345
ASTRA-1L----------------
1 31306U 07016A   21276.87305372  .00000117  00000-0  00000-0 0  9999
2 31306   0.0469 349.2985 0003375 253.2882 103.7055  1.00273280 27803
GALAXY-17-(G-17)--------
1 31307U 07016B   21276.56395260 -.00000176  00000-0  00000-0 0  9997
2 31307   0.0239 204.0012 0003129 358.8506 281.6583  1.00269068 52584
ZHONGXING-6B------------
1 31800U 07031A   21277.11398372 -.00000364  00000-0  00000+0 0  9999
2 31800   0.0122 197.0753 0003260 355.5005 336.9999  1.00269341 52253
DIRECTV-10--------------
1 31862U 07032A   21277.07704931 -.00000106  00000-0  00000+0 0  9999
2 31862   0.0136  20.4794 0000101 150.4096 127.0649  1.00271122 52186
SPACEWAY-3--------------
1 32018U 07036A   21277.16590675 -.00000154  00000-0  00000+0 0  9998
2 32018   0.0046 136.0045 0000131 352.8809 208.9805  1.00271341 51912
BSAT-3A-----------------
1 32019U 07036B   21277.03466891 -.00000353  00000-0  00000+0 0  9998
2 32019   0.0283 197.2127 0004031  19.5100 278.5778  1.00273000 51848
OPTUS-D2----------------
1 32252U 07044A   21276.89948081 -.00000186  00000-0  00000-0 0  9990
2 32252   0.0196 268.1291 0003591 282.2209 298.2992  1.00272789 51355
INTELSAT-11-(IS-11)-----
1 32253U 07044B   21276.86066874 -.00000271  00000-0  00000-0 0  9994
2 32253   0.0247 259.6470 0001654 296.9173  83.0993  1.00271567 51272
WGS-F1-(USA-195)--------
1 32258U 07046A   21276.93930509  .00000038  00000-0  00000-0 0  9994
2 32258   0.0167 133.7215 0000681  95.3489 127.9268  1.00269772 35154
STAR-ONE-C1-------------
1 32293U 07056A   21276.85622062 -.00000279  00000-0  00000-0 0  9995
2 32293   0.3202  95.9371 0003192 115.4989  44.5813  1.00269454 34557
SKYNET-5B---------------
1 32294U 07056B   21277.11021821  .00000140  00000-0  00000+0 0  9997
2 32294   0.8838  90.1818 0003677  99.1546 248.4773  1.00269851 50971
ASTRA-4A-(SIRIUS-4)-----
1 32299U 07057A   21276.93930509  .00000030  00000-0  00000-0 0  9993
2 32299   0.0421  68.7061 0002577 126.5863 160.5491  1.00273299 34459
HORIZONS-2--------------
1 32388U 07063B   21276.90334196 -.00000184  00000-0  00000+0 0  9996
2 32388   0.0187 183.9026 0002385  22.6058 216.3548  1.00267973 50663
THURAYA-3---------------
1 32404U 08001A   21276.88884020 -.00000302  00000-0  00000-0 0  9994
2 32404   3.8949  18.6160 0003128 126.7384 285.9568  1.00271018 50272
EXPRESS-AM33------------
1 32478U 08003A   21277.09354991 -.00000090  00000-0  00000+0 0  9993
2 32478   0.4121  95.7732 0000170 199.9119 100.0877  1.00272543 50398
THOR-5------------------
1 32487U 08006A   21276.86904168 -.00000011  00000-0  00000-0 0  9991
2 32487   0.0336 252.6152 0002500 313.1661 119.1333  1.00272690 50080
AMC-14------------------
1 32708U 08011A   21276.51397661  .00000090  00000-0  00000+0 0  9994
2 32708  21.6902  41.3853 0034603   6.7413 167.3331  1.00272900 50878
DIRECTV-11--------------
1 32729U 08013A   21276.84941760 -.00000129  00000-0  00000-0 0  9995
2 32729   0.0224  10.4702 0000106 174.4851  34.4466  1.00273033 28370
ICO-G1------------------
1 32763U 08016A   21276.92250640 -.00000171  00000-0  00000+0 0  9991
2 32763   3.8284  21.9222 0002444 157.5185  72.6619  1.00271283 49246
VINASAT-1---------------
1 32767U 08018A   21276.89555600 -.00000331  00000-0  00000-0 0  9996
2 32767   0.0175 211.8525 0001825 359.6663 255.6437  1.00268733 49384
STAR-ONE-C2-------------
1 32768U 08018B   21276.85526122 -.00000267  00000-0  00000-0 0  9998
2 32768   0.0461 118.5977 0002782  50.2488  81.8432  1.00270786 49452
TIANLIAN-1-01-----------
1 32779U 08019A   21276.91117985 -.00000138  00000-0  00000-0 0  9998
2 32779   5.1602  70.1810 0027247 269.3781  81.3378  1.00271629 49246
AMOS-3------------------
1 32794U 08022A   21276.86843115 -.00000038  00000-0  00000-0 0  9993
2 32794   0.0255 123.1096 0002749  48.1132 150.1056  1.00270869 65138
GALAXY-18-(G-18)--------
1 32951U 08024A   21277.14918306  .00000023  00000-0  00000+0 0  9999
2 32951   0.0262 201.6474 0002866 352.2311 109.8756  1.00270837 48865
CHINASAT-9-(ZX-9)-------
1 33051U 08028A   21276.81583861 -.00000251  00000-0  00000-0 0  9997
2 33051   0.0164 231.3082 0003748 321.1697 206.2162  1.00272123 48813
SKYNET-5C---------------
1 33055U 08030A   21276.86564016 -.00000142  00000-0  00000-0 0  9999
2 33055   0.0669 354.1017 0003498 198.4885 114.0345  1.00270542 48738
TURKSAT-3A--------------
1 33056U 08030B   21276.84007800  .00000143  00000-0  00000-0 0  9991
2 33056   0.0699  87.2922 0004085  83.8393 186.0761  1.00273776 35138
INTELSAT-25-(IS-25)-----
1 33153U 08034A   21277.04910612 -.00000226  00000-0  00000+0 0  9992
2 33153   0.0144 215.2594 0002766 335.3600 168.5417  1.00272004 48421
BADR-6------------------
1 33154U 08034B   21276.94424546  .00000142  00000-0  00000-0 0  9994
2 33154   0.0784  58.1233 0002575 142.8911 177.7987  1.00273770 48537
ECHOSTAR-11-------------
1 33207U 08035A   21277.15715676 -.00000059  00000-0  00000+0 0  9992
2 33207   0.0355  75.9802 0002562 115.1224 128.5606  1.00271708 48446
SUPERBIRD-C2------------
1 33274U 08038A   21276.89791089 -.00000253  00000-0  00000-0 0  9998
2 33274   0.0143 228.2763 0001809 336.4911 275.2703  1.00272250 88511
AMC-21------------------
1 33275U 08038B   21276.70079788  .00000033  00000-0  00000-0 0  9999
2 33275   0.0387  64.2990 0002528 138.3960 297.3372  1.00272495 48271
INMARSAT-4-F3-----------
1 33278U 08039A   21276.84967926 -.00000140  00000-0  00000-0 0  9998
2 33278   3.2347  17.1107 0002887 181.0937  22.4502  1.00273480 29332
NIMIQ-4-----------------
1 33373U 08044A   21276.93514823 -.00000223  00000-0  00000-0 0  9996
2 33373   0.0194 142.1653 0001980  51.7861  73.5742  1.00271157 47769
GALAXY-19-(G-19)--------
1 33376U 08045A   21276.84985369 -.00000142  00000-0  00000-0 0  9997
2 33376   0.0264 261.6293 0002966 292.3860  27.7223  1.00270822 47688
ASTRA-1M----------------
1 33436U 08057A   21277.11021821  .00000118  00000-0  00000+0 0  9993
2 33436   0.0275 124.1960 0004704  45.2115 262.5069  1.00273732 47265
CIEL-2------------------
1 33453U 08063A   21276.69983848  .00000055  00000-0  00000-0 0  9998
2 33453   0.0168 156.3381 0003113  54.3584 285.0347  1.00272106 46928
EUTELSAT-HOTBIRD-13C----
1 33459U 08065A   21276.80005212  .00000085  00000-0  00000+0 0  9991
2 33459   0.0191  50.3830 0004075 123.7001 139.6557  1.00272977 47020
EUTELSAT-48D------------
1 33460U 08065B   21277.09354991 -.00000102  00000-0  00000+0 0  9997
2 33460   0.8141  95.7424 0003253  98.5667 199.8767  1.00271512 46890
FENGYUN-2E--------------
1 33463U 08066A   21276.91163272 -.00000200  00000-0  00000-0 0  9991
2 33463   5.3421  66.6659 0002712 333.8576  27.0315  1.00269101 46874
EXPRESS-AM44------------
1 33595U 09007A   21276.86703566 -.00000091  00000-0  00000-0 0  9991
2 33595   0.0293 307.5009 0000326 316.8930  49.5375  1.00272091 46337
NSS-9-------------------
1 33749U 09008A   21276.95917748  .00000069  00000-0  00000-0 0  9996
2 33749   0.0436  67.1505 0001993 132.6020 341.5083  1.00271172 46310
EUTELSAT-33E------------
1 33750U 09008B   21276.94355105  .00000153  00000-0  00000-0 0  9994
2 33750   0.0606  23.8770 0003895 161.3615 200.4018  1.00270873 46224
TELSTAR-11N-------------
1 34111U 09009A   21277.04910612 -.00000254  00000-0  00000+0 0  9991
2 34111   0.0253 202.8106 0002407 337.5849 172.6756  1.00268297 46204
EUTELSAT-10A------------
1 34710U 09016A   21276.93313417  .00000065  00000-0  00000-0 0  9991
2 34710   0.0671   8.4654 0005392 180.2380 170.0775  1.00270782 24032
WGS-F2-(USA-204)--------
1 34713U 09017A   21276.88072890  .00000064  00000-0  00000-0 0  9995
2 34713   0.0145 130.4648 0000460 154.5010 102.4431  1.00272506 28392
SES-7-(PROTOSTAR-2)-----
1 34941U 09027A   21277.03432005 -.00000348  00000-0  00000+0 0  9990
2 34941   0.0755  91.2544 0001860 144.4086 257.9044  1.00271214 45397
MEASAT-3A---------------
1 35362U 09032A   21276.88744470 -.00000245  00000-0  00000-0 0  9995
2 35362   0.0287 199.6862 0003105  10.1462 213.9792  1.00270854 45023
GOES-14-----------------
1 35491U 09033A   21276.84828376 -.00000097  00000-0  00000-0 0  9998
2 35491   0.3484 281.0777 0015591 293.0466 359.8163  1.00271654 44892
FM-5--------------------
1 35493U 09034A   21277.07063188 -.00000203  00000-0  00000+0 0  9997
2 35493   0.0370 303.9580 0000921  89.0744 279.2668  1.00272870 44755
TERRESTAR-1-------------
1 35496U 09035A   21276.61127966 -.00000056  00000-0  00000-0 0  9992
2 35496   2.8816  32.4174 0002717 161.0488 288.1351  1.00272080 44916
ASIASAT-5---------------
1 35696U 09042A   21277.13758903 -.00000310  00000-0  00000+0 0  9993
2 35696   0.0410 264.7409 0001599 287.1174 331.2424  1.00270542 44459
JCSAT-RA-(JCSAT-12)-----
1 35755U 09044A   21276.82927021 -.00000144  00000-0  00000-0 0  9991
2 35755   0.0256 221.3894 0001648 244.0914   5.5283  1.00137379 44385
OPTUS-D3----------------
1 35756U 09044B   21276.90035300 -.00000151  00000-0  00000-0 0  9999
2 35756   0.0220  69.1017 0002312 130.0774 293.7517  1.00268446 44346
NIMIQ-5-----------------
1 35873U 09050A   21277.06507788 -.00000260  00000-0  00000+0 0  9998
2 35873   0.0245 114.2879 0003065  86.8311 122.6146  1.00271847 44125
AMAZONAS-2--------------
1 35942U 09054A   21277.04146787 -.00000285  00000-0  00000+0 0  9992
2 35942   0.0380 131.2247 0004947  46.8822 148.8048  1.00273354 43959
COMSATBW-1--------------
1 35943U 09054B   21276.88177552  .00000021  00000-0  00000-0 0  9996
2 35943   0.0659  92.5498 0002872  97.7042 203.0355  1.00273599 44081
NSS-12------------------
1 36032U 09058A   21277.09589604  .00000069  00000-0  00000+0 0  9990
2 36032   0.0348  74.2989 0002802 126.1747 264.0759  1.00272336 43699
THOR-6------------------
1 36033U 09058B   21276.86904168 -.00000012  00000-0  00000-0 0  9991
2 36033   0.0205 135.1343 0001705  63.6034 126.0806  1.00272083 43787
INTELSAT-14-(IS-14)-----
1 36097U 09064A   21276.86023265 -.00000276  00000-0  00000-0 0  9990
2 36097   0.0196 217.0379 0002471 344.8691  75.5820  1.00271891 43396
EUTELSAT-36B------------
1 36101U 09065A   21276.84007800  .00000153  00000-0  00000-0 0  9995
2 36101   0.0675   6.4474 0004719 184.0347 160.6137  1.00270137 43499
INTELSAT-15-(IS-15)-----
1 36106U 09067A   21276.90334196 -.00000188  00000-0  00000-0 0  9999
2 36106   0.0198 162.8633 0002162  29.3466 230.9671  1.00268460 24007
WGS-F3-(USA-211)--------
1 36108U 09068A   21276.70140840  .00000016  00000-0  00000-0 0  9990
2 36108   0.0433 100.1393 0003097 192.5866 210.5547  1.00270100 29391
DIRECTV-12--------------
1 36131U 09075A   21276.61794537 -.00000106  00000-0  00000-0 0  9993
2 36131   0.0156 194.9104 0000029 246.1507  51.2110  1.00269271 29348
BEIDOU-3----------------
1 36287U 10001A   21276.89721314 -.00000281  00000-0  00000-0 0  9993
2 36287   1.6633  40.9334 0002620  80.6095 354.7156  1.00274592 42948
RADUGA-1M-2-------------
1 36358U 10002A   21276.98313162 -.00000186  00000-0  00000+0 0  9994
2 36358   0.0844 258.5301 0002787 320.8186 232.4917  1.00270560 42790
SDO---------------------
1 36395U 10005A   21277.06423586 -.00000042  00000-0  00000+0 0  9991
2 36395  31.1607 113.4103 0000192 283.9548 257.0564  1.00274223 42815
INTELSAT-16-(IS-16)-----
1 36397U 10006A   21276.85404016 -.00000247  00000-0  00000-0 0  9995
2 36397   0.0061  91.4863 0001955 100.6683  51.8972  1.00271107 42436
GOES-15-----------------
1 36411U 10008A   21276.59643525  .00000050  00000-0  00000-0 0  9996
2 36411   0.3785 275.7138 0000837 237.5601 306.1993  1.00261720 42450
ECHOSTAR-14-------------
1 36499U 10010A   21277.15158341 -.00000003  00000-0  00000+0 0  9993
2 36499   0.0171 223.3255 0002903 325.7432 119.6943  1.00272037 42319
SES-1-------------------
1 36516U 10016A   21276.84906873 -.00000117  00000-0  00000-0 0  9992
2 36516   0.0189 277.9134 0002401 279.9162  19.6117  1.00271453 41820
ASTRA-3B----------------
1 36581U 10021A   21277.11021821  .00000134  00000-0  00000+0 0  9999
2 36581   0.0723  66.7253 0003685 120.3811 249.1012  1.00269587 41433
COMSATBW-2--------------
1 36582U 10021B   21276.93313417  .00000085  00000-0  00000-0 0  9990
2 36582   0.0232 110.2541 0002372 100.0245 151.7326  1.00269053 41739
BADR-5------------------
1 36592U 10025A   21277.11021821  .00000142  00000-0  00000+0 0  9994
2 36592   0.0392 122.6280 0005262  60.4172 255.6630  1.00272761 41689
COMS-1------------------
1 36744U 10032A   21276.89477104 -.00000347  00000-0  00000-0 0  9993
2 36744   0.4851  96.0136 0000762  90.3099 276.7972  1.00271940 33879
ARABSAT-5A--------------
1 36745U 10032B   21277.10466105  .00000151  00000-0  00000+0 0  9999
2 36745   0.0578  24.2160 0004879 173.2308 243.7404  1.00270175 41411
ECHOSTAR-15-------------
1 36792U 10034A   21276.85691836 -.00000284  00000-0  00000-0 0  9994
2 36792   0.0326  82.3650 0001783 100.3073  76.9623  1.00270096 41112
BEIDOU-5----------------
1 36828U 10036A   21276.88690068 -.00000144  00000-0  00000-0 0  9990
2 36828  54.1817 178.5930 0023223 181.0158  79.7423  1.00272177 41008
NILESAT-201-------------
1 36830U 10037A   21276.86782062 -.00000060  00000-0  00000-0 0  9995
2 36830   0.0429 161.0901 0004471  12.1036 145.0061  1.00272434 41144
RASCOM-QAF-1R-----------
1 36831U 10037B   21276.86982663  .00000016  00000-0  00000-0 0  9995
2 36831   0.0052 185.3856 0005701  24.5338 118.9037  1.00271080 41074
AEHF-1-(USA-214)--------
1 36868U 10039A   21276.87000108  .00000028  00000-0  00000-0 0  9996
2 36868   3.8883  90.2248 0005145  47.3963 192.4446  1.00275761 36430
CHINASAT-6A-(ZX-6A)-----
1 37150U 10042A   21276.89416051 -.00000357  00000-0  00000-0 0  9991
2 37150   0.0170 227.6408 0001545 282.5915 309.5721  1.00271391 40681
QZS-1-(MICHIBIKI-1)-----
1 37158U 10045A   21276.49597970 -.00000105  00000-0  00000+0 0  9998
2 37158  42.0651 136.9566 0747167 270.2235 283.9258  1.00294589 40495
XM-5--------------------
1 37185U 10053A   21276.85220858 -.00000208  00000-0  00000-0 0  9990
2 37185   0.0176 220.8663 0000498  34.2927 339.3319  1.00272565 40266
BSAT-3B-----------------
1 37207U 10056B   21276.90472324 -.00000353  00000-0  00000-0 0  9992
2 37207   0.0528 358.0835 0002671 267.8414 182.4727  1.00272098 34924
BEIDOU-6----------------
1 37210U 10057A   21276.75757689 -.00000114  00000-0  00000-0 0  9995
2 37210   0.7314  37.1227 0004400 144.5320 263.6723  1.00273795 40062
SKYTERRA-1--------------
1 37218U 10061A   21276.84898150 -.00000118  00000-0  00000-0 0  9991
2 37218   2.2144  21.9888 0003673 168.1227  26.9729  1.00272699 39977
ZHONGXING-20A-----------
1 37234U 10064A   21277.09300689 -.00000351  00000-0  00000+0 0  9993
2 37234   2.0062  91.4464 0002403 115.7380 325.7513  1.00269572 39812
HYLAS-1-----------------
1 37237U 10065A   21277.16682574  .00000114  00000-0  00000+0 0  9997
2 37237   1.2714  92.7911 0002373 177.5307  12.7966  1.00593978 39783
INTELSAT-17-(IS-17)-----
1 37238U 10065B   21277.08313108 -.00000005  00000-0  00000+0 0  9993
2 37238   0.0252 156.6670 0003100  52.4135 259.8421  1.00273102 39705
BEIDOU-7----------------
1 37256U 10068A   21276.96306284 -.00000164  00000-0  00000+0 0  9995
2 37256  50.6692 292.7099 0018185 189.1127 346.7195  1.00274893 39576
EUTELSAT-KA-SAT-9A------
1 37258U 10069A   21276.99563206  .00000059  00000-0  00000+0 0  9992
2 37258   0.0751 265.0280 0004094 247.6066 227.7328  1.00270110 39602
HISPASAT-30W-5----------
1 37264U 10070A   21276.86328528 -.00000218  00000-0  00000-0 0  9992
2 37264   0.0520 110.5370 0005325  66.5045 116.5339  1.00270946 35969
KOREASAT-6--------------
1 37265U 10070B   21277.03588997 -.00000365  00000-0  00000+0 0  9993
2 37265   0.0370  81.0350 0001771 139.2528 281.6137  1.00271619 39465
BEIDOU-8----------------
1 37384U 11013A   21276.54243543 -.00000148  00000-0  00000-0 0  9993
2 37384  59.9266  56.8172 0018841 180.1768  77.0447  1.00277350 38449
INTELSAT-NEW-DAWN-------
1 37392U 11016A   21276.94424546  .00000153  00000-0  00000-0 0  9998
2 37392   0.0175 163.0280 0001543 356.8338 225.7400  1.00264617 36060
YAHSAT-1A---------------
1 37393U 11016B   21277.09502385  .00000098  00000-0  00000+0 0  9991
2 37393   0.0215 221.2286 0000576   8.6879 229.8234  1.00271816 38348
SBIRS-GEO-1-(USA-230)---
1 37481U 11019A   21277.03839256 -.00000009  00000-0  00000+0 0  9999
2 37481   1.8066   8.7386 0002335 179.9473 264.2987  1.00272220 38129
TELSTAR-14R-------------
1 37602U 11021A   21277.07199826 -.00000283  00000-0  00000+0 0  9997
2 37602   0.0443  74.5928 0000274 155.0266 106.3101  1.00270938 38579
GSAT-8------------------
1 37605U 11022A   21277.03868626  .00000082  00000-0  00000+0 0  9994
2 37605   0.0328 105.5407 0005875 148.6185 187.8143  1.00272759 38024
ST-2--------------------
1 37606U 11022B   21276.91163272 -.00000214  00000-0  00000-0 0  9995
2 37606   0.0189 133.4092 0002378  90.6953 204.9301  1.00270496 38050
CHINASAT-10-(ZX-10)-----
1 37677U 11026A   21276.90368153 -.00000355  00000-0  00000-0 0  9997
2 37677   0.0387 231.2148 0004857 311.1976 266.2726  1.00270314 37776
TIANLIAN-1-02-----------
1 37737U 11032A   21276.97511959 -.00000016  00000-0  00000-0 0  9996
2 37737   2.5587  74.8461 0020364 105.3445 354.7634  1.00270671 37504
GSAT-12-----------------
1 37746U 11034A   21276.87872288  .00000123  00000-0  00000-0 0  9990
2 37746   0.7311  95.4460 0008545  10.9741 270.6737  1.00270329 26276
SES-3-------------------
1 37748U 11035A   21276.84863264 -.00000104  00000-0  00000-0 0  9994
2 37748   0.0448  46.6335 0002963 155.6637  12.9910  1.00272259 37388
KAZSAT-2----------------
1 37749U 11035B   21276.91163272 -.00000201  00000-0  00000-0 0  9993
2 37749   0.0479 296.6310 0001617 301.7594 189.1339  1.00270371 36164
BEIDOU-9----------------
1 37763U 11038A   21276.88780410 -.00000099  00000-0  00000+0 0  9991
2 37763  54.4699 181.0539 0086603 226.8196  18.5445  1.00287678 37421
ASTRA-1N----------------
1 37775U 11041A   21277.08799551  .00000117  00000-0  00000+0 0  9997
2 37775   0.0233  54.7004 0001350  90.7851 278.3872  1.00272035 37184
BSAT-3C-(JCSAT-110R)----
1 37776U 11041B   21277.03466891 -.00000353  00000-0  00000+0 0  9994
2 37776   0.0458  50.8150 0000232  19.8372  64.7498  1.00273510 37305
PAKSAT-1R---------------
1 37779U 11042A   21276.84007800  .00000151  00000-0  00000+0 0  9992
2 37779   0.0395 355.8145 0000276 291.3294  66.0484  1.00271944 37060
CHINASAT-1A-(ZX-1A)-----
1 37804U 11047A   21276.90243825 -.00000341  00000-0  00000-0 0  9995
2 37804   0.0461 323.4883 0001844 329.2621 174.8166  1.00271832 10141
SES-2-------------------
1 37809U 11049A   21276.85185972 -.00000199  00000-0  00000-0 0  9995
2 37809   0.0354  82.1969 0002703 111.0706  39.1929  1.00272773 36746
ARABSAT-5C--------------
1 37810U 11049B   21276.87322814  .00000121  00000-0  00000-0 0  9991
2 37810   0.0637 349.1854 0007160 200.4539 157.5277  1.00272978 36838
EUTELSAT-7-WEST-A-------
1 37816U 11051A   21276.86773340 -.00000062  00000-0  00000-0 0  9998
2 37816   0.1008  56.6317 0005500 138.0766 123.1761  1.00272543 36672
QUETZSAT-1--------------
1 37826U 11054A   21276.85386573 -.00000244  00000-0  00000-0 0  9991
2 37826   0.0388  56.4317 0002781 142.3241  44.4305  1.00272163 32678
INTELSAT-18-(IS-18)-----
1 37834U 11056A   21276.65549656  .00000050  00000-0  00000-0 0  9997
2 37834   0.0424  32.4248 0001818 161.2356 234.9052  1.00271288 36588
EUTELSAT-16A------------
1 37836U 11057A   21276.87244319  .00000101  00000-0  00000-0 0  9999
2 37836   0.0703  18.4175 0004954 177.6237 146.8379  1.00273465 28747
VIASAT-1----------------
1 37843U 11059A   21277.15614808 -.00000027  00000-0  00000+0 0  9992
2 37843   0.0204 217.1084 0001984 337.4779 119.6129  1.00272202 37058
ASIASAT-7---------------
1 37933U 11069A   21276.89023568 -.00000337  00000-0  00000-0 0  9995
2 37933   0.0431  39.2811 0001495 119.6110 279.9262  1.00270909 36247
BEIDOU-10---------------
1 37948U 11073A   21276.51160444 -.00000114  00000-0  00000-0 0  9993
2 37948  50.7759 292.3429 0079006 217.4739 142.8504  1.00268744 36186
LUCH-5A-----------------
1 37951U 11074B   21276.90244623 -.00000046  00000-0  00000-0 0  9997
2 37951   4.3753 102.9232 0003176  53.4131 348.3208  1.00270792 35972
NIGCOMSAT-1R------------
1 38014U 11077A   21276.84007800  .00000142  00000-0  00000-0 0  9994
2 38014   0.0408 327.7967 0001270 149.1622 240.7462  1.00274210 35736
FENGYUN-2F--------------
1 38049U 12002A   21277.11580200 -.00000357  00000-0  00000+0 0  9990
2 38049   3.1683  81.4706 0002095  11.6186  73.6639  1.00281272 35670
WGS-F4-(USA-233)--------
1 38070U 12003A   21276.84995007 -.00000218  00000-0  00000-0 0  9996
2 38070   0.0108 187.6425 0000248  41.9084 177.6349  1.00272567 26928
SES-4-------------------
1 38087U 12007A   21276.99980208 -.00000171  00000-0  00000+0 0  9998
2 38087   0.0209 269.1060 0002658 289.1098 152.6402  1.00272524 35271
BEIDOU-11---------------
1 38091U 12008A   21276.88090333  .00000056  00000-0  00000-0 0  9995
2 38091   1.7823  70.0464 0003030 324.5938 353.9797  1.00272235 35255
MUOS-1------------------
1 38093U 12009A   21277.12722137 -.00000127  00000-0  00000+0 0  9999
2 38093   2.6923  24.3555 0050628 359.6946 294.7618  1.00270067 35237
INTELSAT-22-(IS-22)-----
1 38098U 12011A   21277.07722934 -.00000061  00000-0  00000+0 0  9993
2 38098   0.0163 121.8032 0003171  86.1641 264.9474  1.00271527 34834
APSTAR-7----------------
1 38107U 12013A   21276.95952130 -.00000104  00000-0  00000+0 0  9993
2 38107   0.0229 120.2546 0002408  84.1004 230.4701  1.00271644 34958
YAHSAT-1B---------------
1 38245U 12016A   21276.83452413  .00000124  00000-0  00000-0 0  9997
2 38245   0.0255 186.2041 0000615  33.9800 140.5948  1.00269663 28377
AEHF-2-(USA-235)--------
1 38254U 12019A   21276.93514823 -.00000189  00000-0  00000-0 0  9997
2 38254   2.8249  58.1133 0001932 139.2483  71.1695  0.99942430 33639
JCSAT-13----------------
1 38331U 12023A   21276.90553736 -.00000359  00000-0  00000-0 0  9990
2 38331   0.0228 246.1210 0002355 311.7219 264.9908  1.00272883 34306
VINASAT-2---------------
1 38332U 12023B   21276.89546878 -.00000332  00000-0  00000-0 0  9999
2 38332   0.0186 201.7329 0001799 352.9433 272.3523  1.00269298 29445
NIMIQ-6-----------------
1 38342U 12026A   21276.56395260 -.00000176  00000-0  00000-0 0  9990
2 38342   0.0347  90.2001 0002136 100.4887 293.7442  1.00271417 33200
CHINASAT-2A-(ZX-2A)-----
1 38352U 12028A   21276.90931878 -.00000296  00000-0  00000-0 0  9995
2 38352   0.0359 348.0431 0001659 319.6774 130.7360  1.00270902 34155
INTELSAT-19-(IS-19)-----
1 38356U 12030A   21276.83049126 -.00000059  00000-0  00000-0 0  9997
2 38356   0.0241 260.8257 0003104 298.5020 278.4216  1.00272161 33228
ECHOSTAR-17-------------
1 38551U 12035A   21277.15875126 -.00000078  00000-0  00000+0 0  9992
2 38551   0.0251 185.7876 0002093 357.7100 139.6204  1.00269575 33906
METEOSAT-10-(MSG-3)-----
1 38552U 12035B   21276.93313417  .00000061  00000-0  00000-0 0  9990
2 38552   1.2482  21.1323 0001650 199.1275 137.8983  1.00277469 33630
SES-5-------------------
1 38652U 12036A   21276.93930509  .00000031  00000-0  00000-0 0  9996
2 38652   0.0602 292.0918 0001917 258.9403 164.9737  1.00271680 27274
TIANLIAN-1-03-----------
1 38730U 12040A   21277.08799551  .00000124  00000-0  00000+0 0  9997
2 38730   1.3689  94.8009 0002297 343.7339 346.5595  1.00272806 33764
INTELSAT-20-(IS-20)-----
1 38740U 12043A   21276.76507590 -.00000028  00000-0  00000-0 0  9990
2 38740   0.0111 178.3202 0002310   3.8236 174.4774  1.00271566 33523
HYLAS-2-----------------
1 38741U 12043B   21277.10466105  .00000152  00000-0  00000+0 0  9992
2 38741   0.0238 175.6495 0001665  17.7751 248.3160  1.00272754 33638
INTELSAT-21-(IS-21)-----
1 38749U 12045A   21276.85761611 -.00000287  00000-0  00000-0 0  9994
2 38749   0.0251 201.8782 0002510 358.1528  63.4877  1.00268678 33312
ASTRA-2F----------------
1 38778U 12051A   21276.94424546  .00000147  00000-0  00000-0 0  9990
2 38778   0.0545 226.9312 0004116 347.6492 166.4102  1.00272660 23897
GSAT-10-----------------
1 38779U 12051B   21276.91298917 -.00000168  00000-0  00000-0 0  9993
2 38779   0.0091 202.4797 0002279  19.3116 202.7264  1.00269658 32889
INTELSAT-23-(IS-23)-----
1 38867U 12057A   21276.87120119 -.00000287  00000-0  00000-0 0  9992
2 38867   0.0137 217.9095 0001762 331.4438  84.0845  1.00270738 32721
BEIDOU-16---------------
1 38953U 12059A   21276.91224848 -.00000178  00000-0  00000-0 0  9998
2 38953   1.3537  84.1412 0009244 282.3810  58.8240  1.00274124 32825
LUCH-5B-----------------
1 38977U 12061A   21276.72242797 -.00000131  00000-0  00000-0 0  9998
2 38977   6.7376  64.4478 0003814  98.2456  93.7587  1.00272367 32954
YAMAL-300K--------------
1 38978U 12061B   21276.95997726  .00000068  00000-0  00000+0 0  9990
2 38978   0.0214 187.7231 0000498 291.4014  62.2895  1.00269459 32659
STAR-ONE-C3-------------
1 38991U 12062A   21276.78252128 -.00000251  00000-0  00000-0 0  9993
2 38991   0.0566  93.8987 0002397 115.0805  10.4528  1.00270420 32634
EUTELSAT-21B------------
1 38992U 12062B   21277.11021821  .00000128  00000-0  00000+0 0  9997
2 38992   0.0705  19.1236 0002501 169.6715 245.5156  1.00273543 32659
ECHOSTAR-16-------------
1 39008U 16039B   21277.04146787 -.00000284  00000-0  00000+0 0  9999
2 39008   0.0252 188.7463 0001923 355.2093 142.4295  1.00269018 32582
CHINASAT-12-(ZX-12)-----
1 39017U 12067A   21276.91163272 -.00000210  00000-0  00000-0 0  9999
2 39017   0.0220 120.1786 0002933  70.8972 237.4697  1.00271046 32285
EUTELSAT-70B------------
1 39020U 12069A   21276.92044576 -.00000047  00000-0  00000-0 0  9999
2 39020   0.0682 347.8157 0006770 216.1544 210.7261  1.00271896 32288
YAMAL-402---------------
1 39022U 12070A   21276.88020559  .00000083  00000-0  00000-0 0  9992
2 39022   0.0232 152.4967 0002630  51.8995 180.2009  1.00273386 32383
SKYNET-5D---------------
1 39034U 12075A   21276.87976951  .00000096  00000-0  00000-0 0  9999
2 39034   0.0722  11.7014 0004012 187.4523 183.1059  1.00272632 31940
MEXSAT-3----------------
1 39035U 12075B   21276.60767507 -.00000029  00000-0  00000-0 0  9993
2 39035   0.0170 122.8666 0002665  83.4409 270.2129  1.00272865 31961
TDRS-11-----------------
1 39070U 13004A   21276.83450330  .00000074  00000-0  00000-0 0  9992
2 39070   3.2013 339.5969 0003899  95.3357  63.8949  1.00268170 29471
AMAZONAS-3--------------
1 39078U 13006A   21276.85709279 -.00000285  00000-0  00000-0 0  9998
2 39078   0.0224 193.4416 0005246  22.4701  44.4417  1.00270303 27681
AZERSPACE-1-------------
1 39079U 13006B   21276.83452413  .00000130  00000-0  00000-0 0  9990
2 39079   0.0229 173.7626 0002037  43.8785 141.5195  1.00270393 31580
SBIRS-GEO-2-(USA-241)---
1 39120U 13011A   21277.08865693  .00000121  00000-0  00000+0 0  9998
2 39120   1.8685   7.3033 0002344 181.2737 237.0550  1.00272562 31374
EUTELSAT-117-WEST-A-----
1 39122U 13012A   21277.15317111 -.00000016  00000-0  00000+0 0  9990
2 39122   0.0440  50.7031 0002793 143.9014 116.8196  1.00271450 31248
ANIK-G1-----------------
1 39127U 13014A   21277.15875179 -.00000077  00000-0  00000+0 0  9997
2 39127   0.0188 153.1183 0002884  36.3964 133.4316  1.00272052 31033
CHINASAT-11-(ZX-11)-----
1 39157U 13020A   21276.20632144 -.00000293  00000-0  00000-0 0  9996
2 39157   0.0406 268.8849 0000714 264.0691  11.3100  1.00268125 30927
EUTELSAT-7B-------------
1 39163U 13022A   21276.87061160  .00000045  00000-0  00000-0 0  9996
2 39163   0.0671  10.2834 0001256 327.6310 355.3040  1.00271474 30753
WGS-F5-(USA-243)--------
1 39168U 13024A   21276.87120119 -.00000287  00000-0  00000-0 0  9992
2 39168   0.0081 165.0494 0000322  84.8316  24.0625  1.00271460 29959
SES-6-------------------
1 39172U 13026A   21276.86110483 -.00000264  00000-0  00000-0 0  9996
2 39172   0.0235 301.9620 0002129 260.2682  80.0573  1.00271733 30500
IRNSS-1A----------------
1 39199U 13034A   21277.06090788  .00000116  00000-0  00000+0 0  9996
2 39199  31.8609  89.3172 0020552 178.0914 182.5714  1.00269421 30437
MUOS-2------------------
1 39206U 13036A   21276.83380556  .00000064  00000-0  00000+0 0  9998
2 39206   2.5624  13.8594 0057545 179.6101 302.4017  1.00273370 30083
ALPHASAT----------------
1 39215U 13038A   21276.87418755  .00000134  00000-0  00000-0 0  9996
2 39215   2.6193  15.9657 0002765 190.5348 145.8683  1.00273279 26796
INSAT-3D----------------
1 39216U 13038B   21276.91298917 -.00000159  00000-0  00000-0 0  9996
2 39216   0.0191 231.0434 0001333 321.6918 230.8753  1.00270972 29873
WGS-F6-(USA-244)--------
1 39222U 13041A   21276.69870464  .00000087  00000-0  00000-0 0  9994
2 39222   0.0217 188.1870 0000194 127.5340 173.2293  1.00270351 28836
ES'HAIL-1---------------
1 39233U 13044A   21277.11021821  .00000140  00000-0  00000+0 0  9991
2 39233   0.0237  20.0277 0001743 167.0067 251.1401  1.00269515 29682
GSAT-7------------------
1 39234U 13044B   21276.88395597 -.00000080  00000-0  00000-0 0  9994
2 39234   0.0311 117.1032 0008279 134.9383 153.0110  1.00272360 28103
AMOS-4------------------
1 39237U 13045A   21276.88221161  .00000004  00000-0  00000-0 0  9998
2 39237   0.0320 252.6046 0001417 312.2548 190.5600  1.00272331 29735
AEHF-3-(USA-246)--------
1 39256U 13050A   21276.76638593  .00000133  00000-0  00000-0 0  9996
2 39256   1.1251  63.8650 0055496 183.8480 245.7992  1.00273466 28452
ASTRA-2E----------------
1 39285U 13056A   21277.10466105  .00000148  00000-0  00000+0 0  9996
2 39285   0.0610  17.3427 0002499 180.3411 241.5161  1.00271343 29374
FM-6--------------------
1 39360U 13058A   21276.60661634 -.00000020  00000-0  00000-0 0  9991
2 39360   0.0437 270.8883 0000589 170.5267  33.3493  1.00271794 28841
RADUGA-1M-3-------------
1 39375U 13062A   21276.58907142  .00000154  00000-0  00000-0 0  9993
2 39375   1.5864  92.5177 0001239 349.4636 177.5641  1.00273222 28903
SES-8-------------------
1 39460U 13071A   21276.88814247 -.00000273  00000-0  00000-0 0  9997
2 39460   0.0245 232.3063 0001689 281.4713 273.7837  1.00272790 27200
INMARSAT-5-F1-----------
1 39476U 13073A   21276.88168830  .00000025  00000-0  00000-0 0  9990
2 39476   0.0166 203.6398 0000347  90.7659  98.4345  1.00271735 28363
TKSAT-1-(TUPAC-KATARI)--
1 39481U 13075A   21276.85185972 -.00000197  00000-0  00000-0 0  9992
2 39481   0.0401 331.1110 0002079 205.3092  55.8378  1.00270881 28374
EXPRESS-AM5-------------
1 39487U 13077A   21276.96890645 -.00000283  00000-0  00000+0 0  9997
2 39487   0.0286 308.8318 0001222  29.0131 163.8902  1.00269843 29130
GSAT-14-----------------
1 39498U 14001A   21276.88395597 -.00000080  00000-0  00000-0 0  9990
2 39498   0.0083 176.7365 0005229  54.9561 173.3592  1.00271947 28189
THAICOM-6---------------
1 39500U 14002A   21276.88482816 -.00000125  00000-0  00000-0 0  9996
2 39500   0.0719 117.6069 0004283  45.9728 246.3038  1.00272253 28231
TDRS-12-----------------
1 39504U 14004A   21276.43044161 -.00000274  00000-0  00000+0 0  9994
2 39504   4.1077 343.2112 0002979 197.2732 305.9323  1.00269401 28228
ABS-2-------------------
1 39508U 14006A   21276.95952130 -.00000089  00000-0  00000+0 0  9995
2 39508   0.0439  48.5025 0002626 133.2206 251.5285  1.00272008 28109
ATHENA-FIDUS------------
1 39509U 14006B   21276.84007800  .00000151  00000-0  00000+0 0  9998
2 39509   0.0194 168.7510 0001518  34.0902 150.1597  1.00271204 28288
TURKSAT-4A--------------
1 39522U 14007A   21276.84007800  .00000143  00000-0  00000-0 0  9996
2 39522   0.0491 266.6694 0003994 323.7876 126.7431  1.00270136 27763
EXPRESS-AT1-------------
1 39612U 14010A   21277.16750213  .00000075  00000-0  00000+0 0  9992
2 39612   0.0418 336.2459 0000145 285.5808 227.5742  1.00272935 27832
EXPRESS-AT2-------------
1 39613U 14010B   21276.55604845 -.00000284  00000-0  00000-0 0  9998
2 39613   0.0327 330.9615 0000716 294.0757  87.4721  1.00270780 27655
AMAZONAS-4A-------------
1 39616U 14011A   21277.06507788 -.00000255  00000-0  00000+0 0  9994
2 39616   0.1184  81.5465 0003083 108.6465 132.2373  1.00271376 27652
ASTRA-5B----------------
1 39617U 14011B   21277.10466105  .00000152  00000-0  00000+0 0  9992
2 39617   0.0094  70.2259 0003631 124.6708 247.3006  1.00269619 27653
IRNSS-1B----------------
1 39635U 14017A   21276.55465836  .00000097  00000-0  00000-0 0  9995
2 39635  29.2706 269.3793 0020817 190.3074 167.5289  1.00276035 27567
LUCH-5V-----------------
1 39727U 14023A   21276.88814247 -.00000271  00000-0  00000-0 0  9999
2 39727   0.9114  66.4505 0002133 120.9883 239.8369  1.00274809 27135
KAZSAT-3----------------
1 39728U 14023B   21276.88090333  .00000058  00000-0  00000-0 0  9994
2 39728   0.0101 211.1737 0000190 329.7426 207.5313  1.00269864 25226
EUTELSAT-3B-------------
1 39773U 14030A   21276.86982663  .00000018  00000-0  00000-0 0  9992
2 39773   0.0644  17.1472 0005709 173.2112 138.6801  1.00272657 26842
USA-254-----------------
1 40100U 14043B   21264.75026000  .00000107  00000-0  00000+0 0  9999
2 40100   0.2370  98.5897 0001445 159.4220  68.6583  0.99580380  1405
ASIASAT-8-(AMOS-7)------
1 40107U 14046A   21276.86843115 -.00000036  00000-0  00000-0 0  9991
2 40107   0.0194 233.4187 0002219 309.2686 138.8748  1.00271231 84934
ASIASAT-6---------------
1 40141U 14052A   21276.89311389 -.00000365  00000-0  00000-0 0  9997
2 40141   0.0240 129.5341 0000656  85.5454 239.1920  1.00271693 25946
OPTUS-10----------------
1 40146U 14054A   21276.90035300 -.00000150  00000-0  00000+0 0  9993
2 40146   0.0767 293.8949 0004333 254.3626 304.7014  1.00271217 25908
MEASAT-3B---------------
1 40147U 14054B   21276.88744470 -.00000245  00000-0  00000-0 0  9992
2 40147   0.0409  43.8999 0000704 174.3454 205.5499  1.00270881 25684
LUCH-(OLYMP)------------
1 40258U 14058A   21276.88116500  .00000036  00000-0  00000-0 0  9993
2 40258   0.0367 272.3649 0002551 332.4607 144.9869  1.00333779 23771
HIMAWARI-8--------------
1 40267U 14060A   21276.89721314 -.00000279  00000-0  00000-0 0  9992
2 40267   0.0169 176.2148 0001286  59.0615 241.2049  1.00270424 25547
IRNSS-1C----------------
1 40269U 14061A   21276.88570034 -.00000163  00000-0  00000-0 0  9997
2 40269   2.4597 141.8542 0020429   6.4795 266.3698  1.00273715 25466
INTELSAT-30-(IS-30)-----
1 40271U 14062A   21276.63494817 -.00000154  00000-0  00000-0 0  9998
2 40271   0.0185 257.2794 0002163 175.4198  73.4082  1.00273499 25379
ARSAT-1-----------------
1 40272U 14062B   21276.85491234 -.00000262  00000-0  00000-0 0  9993
2 40272   0.0148 260.2004 0001595 291.5364  57.0209  1.00272309 25390
EXPRESS-AM6-------------
1 40277U 14064A   21277.16689160  .00000095  00000-0  00000+0 0  9994
2 40277   0.0427 296.3849 0000410 179.6127  10.1819  1.00273249 25458
GSAT-16-----------------
1 40332U 14078A   21276.88020559  .00000082  00000-0  00000-0 0  9997
2 40332   0.0026 194.5403 0005229 281.1092 269.0930  1.00271505 24881
DIRECTV-14--------------
1 40333U 14078B   21276.84941760 -.00000128  00000-0  00000-0 0  9992
2 40333   0.0209 133.5352 0000292 273.2258 172.5807  1.00273497 24830
YAMAL-401---------------
1 40345U 14082A   21272.43710476 -.00000230  00000-0  00000-0 0  9993
2 40345   0.0138 191.5957 0000407  47.7924  16.3546  1.00272355 25143
ASTRA-2G----------------
1 40364U 14089A   21277.11004462  .00000147  00000-0  00000+0 0  9997
2 40364   0.0326  22.1920 0002037  74.5876 344.0702  1.00270467 24806
FENGYUN-2G--------------
1 40367U 14090A   21277.15969896 -.00000304  00000-0  00000+0 0  9993
2 40367   1.2920  91.6995 0002465 266.1728 172.4448  1.00272558 24820
MUOS-3------------------
1 40374U 15002A   21277.09354991 -.00000130  00000-0  00000+0 0  9999
2 40374   2.5481   2.6880 0059490 179.4881 208.9715  1.00270325 24603
INMARSAT-5-F2-----------
1 40384U 15005A   21276.85822663 -.00000288  00000-0  00000-0 0  9997
2 40384   0.0157 205.7491 0000169 168.6435 252.3762  1.00272185 23773
ABS-3A------------------
1 40424U 15010A   21276.86860559 -.00000029  00000-0  00000-0 0  9998
2 40424   0.0072 198.5515 0002424 261.7387 222.2050  1.00271633 24186
EUTELSAT-115-WEST-B-----
1 40425U 15010B   21276.60767494 -.00000028  00000-0  00000-0 0  9994
2 40425   0.0284  40.4594 0000070 130.0964 305.8511  1.00271756 24184
EXPRESS-AM7-------------
1 40505U 15012A   21276.84007800  .00000148  00000-0  00000-0 0  9991
2 40505   0.0165 150.2015 0002886  59.2054 145.7897  1.00273572 23789
IRNSS-1D----------------
1 40547U 15018A   21276.92386385 -.00000286  00000-0  00000-0 0  9994
2 40547  29.1039 269.4303 0018847 189.9921 357.7436  1.00269057 23774
BEIDOU-17---------------
1 40549U 15019A   21276.59667399 -.00000124  00000-0  00000-0 0  9998
2 40549  52.3164 315.7411 0038328 189.3457 174.4418  1.00297808 23861
THOR-7------------------
1 40613U 15022A   21276.86912889 -.00000011  00000-0  00000-0 0  9996
2 40613   0.0097 173.3471 0002595  15.1684 136.5299  1.00271170 23609
TURKMENALEM52E/MONACOSAT
1 40617U 15023A   21276.87959507  .00000101  00000-0  00000-0 0  9999
2 40617   0.0235 107.4255 0003059  87.9200 186.1379  1.00273115 23614
DIRECTV-15--------------
1 40663U 15026A   21277.07704965 -.00000105  00000-0  00000+0 0  9996
2 40663   0.0194 160.0869 0000278 271.2784 226.5335  1.00269685 23315
SKY-MEXICO-1------------
1 40664U 15026B   21276.85351685 -.00000237  00000-0  00000-0 0  9996
2 40664   0.0200 148.7901 0002001  45.5584  46.9418  1.00271838 23230
METEOSAT-11-(MSG-4)-----
1 40732U 15034A   21276.86930333 -.00000004  00000-0  00000-0 0  9997
2 40732   0.3379 115.2163 0001407  12.5259 198.4262  1.00262818 22807
STAR-ONE-C4-------------
1 40733U 15034B   21276.85526122 -.00000267  00000-0  00000-0 0  9995
2 40733   0.0114  37.8479 0000809 200.6142  12.2029  1.00268643 22803
WGS-F7-(USA-263)--------
1 40746U 15036A   21276.83232285  .00000015  00000-0  00000-0 0  9993
2 40746   0.0050 191.1440 0000261  28.4484 267.8112  1.00271378 22669
INTELSAT-34-(IS-34)-----
1 40874U 15039A   21276.85813941 -.00000288  00000-0  00000-0 0  9997
2 40874   0.0389 282.3874 0000924  97.3684 246.4739  1.00272365 22400
EUTELSAT-8-WEST-B-------
1 40875U 15039B   21277.09354991 -.00000068  00000-0  00000+0 0  9995
2 40875   0.0668   7.4807 0002766 141.0688 250.1535  1.00271877 22470
GSAT-6------------------
1 40880U 15041A   21276.91298917 -.00000164  00000-0  00000-0 0  9997
2 40880   0.0376 101.9640 0004150  84.9216 237.1425  1.00272852 22396
INMARSAT-5-F3-----------
1 40882U 15042A   21276.83328226  .00000048  00000-0  00000+0 0  9997
2 40882   0.0119 217.2397 0000217 186.8030  88.3055  1.00270938 22331
MUOS-4------------------
1 40887U 15044A   21276.82826876 -.00000097  00000-0  00000-0 0  9993
2 40887   2.6014 357.8475 0050454 356.7556  31.3594  1.00271864 22341
TJS-1-------------------
1 40892U 15046A   21276.90009135 -.00000160  00000-0  00000-0 0  9992
2 40892   0.0163 214.0371 0003299 146.0692 131.7451  1.00268053 22342
EXPRESS-AM8-------------
1 40895U 15048A   21277.21299434 -.00000114  00000-0  00000+0 0  9993
2 40895   0.0287 320.0061 0000967 318.9829 156.8335  1.00271943 22168
BEIDOU-20---------------
1 40938U 15053A   21276.43986287 -.00000089  00000-0  00000-0 0  9991
2 40938  51.9017 278.8240 0048064 196.2033 150.2866  1.00259149 22122
SKY-MUSTER-1-(NBN1A)----
1 40940U 15054A   21276.89721314 -.00000281  00000-0  00000-0 0  9997
2 40940   0.0161 246.0714 0001593 307.4246 282.5853  1.00271991 22046
ARSAT-2-----------------
1 40941U 15054B   21277.06842233 -.00000228  00000-0  00000+0 0  9992
2 40941   0.0165 244.0759 0001739 300.7263 131.8315  1.00272250 22098
MORELOS-3---------------
1 40946U 15056A   21276.60901993 -.00000049  00000-0  00000-0 0  9999
2 40946   4.0922 331.6082 0002635 182.9958 324.0648  1.00272356 22066
APSTAR-9----------------
1 40982U 15059A   21276.89756201 -.00000268  00000-0  00000-0 0  9996
2 40982   0.0104 134.7587 0002094  24.9049 318.3175  1.00271581 21936
TURKSAT-4B--------------
1 40984U 15060A   21276.87915897  .00000112  00000-0  00000-0 0  9993
2 40984   0.0226 182.6340 0001958 359.2495 197.3977  1.00268435 21882
CHINASAT-2C-(ZX-2C)-----
1 41021U 15063A   21276.88988682 -.00000327  00000-0  00000-0 0  9991
2 41021   0.0363  74.4340 0000890 230.7561 131.4252  1.00272134 21792
GSAT-15-----------------
1 41028U 15065A   21276.88788080 -.00000261  00000-0  00000-0 0  9997
2 41028   0.0401  93.9524 0002306  79.8951 252.1108  1.00270539 21586
BADR-7-(ARABSAT-6B)-----
1 41029U 15065B   21276.94424546  .00000142  00000-0  00000-0 0  9996
2 41029   0.0457 246.7414 0006282 340.8635 151.1889  1.00270720 21543
LAOSAT-1----------------
1 41034U 15067A   21276.96663878 -.00000346  00000-0  00000+0 0  9995
2 41034   0.0452 342.4413 0001718 195.6767 311.2902  1.00270575 21620
TELSTAR-12V-------------
1 41036U 15068A   21276.86625069 -.00000121  00000-0  00000-0 0  9999
2 41036   0.0190 158.7870 0001696  40.0653 110.8145  1.00271681 21405
CHINASAT-1C-(ZX-1C)-----
1 41103U 15073A   21276.95721921 -.00000151  00000-0  00000+0 0  9996
2 41103   2.7550  87.8571 0001657  75.6681 275.4059  1.00271951 21436
ELEKTRO-L-2-------------
1 41105U 15074A   21277.21299434 -.00000116  00000-0  00000+0 0  9999
2 41105   2.3442  91.1432 0002880  99.0043 245.1785  1.00271251 21296
COSMOS-2513-------------
1 41121U 15075A   21276.99980052 -.00000141  00000-0  00000+0 0  9993
2 41121   0.0458 117.4175 0003251 105.4873 230.2004  1.00272167 21384
EXPRESS-AMU1------------
1 41191U 15082A   21276.84007800  .00000153  00000-0  00000-0 0  9996
2 41191   0.0204 226.8221 0002391 334.7014 149.7797  1.00269786 21055
GAOFEN-4----------------
1 41194U 15083A   21276.89032291 -.00000338  00000-0  00000-0 0  9993
2 41194   0.0656 298.1797 0003903 284.9129 215.9574  1.00271318 21291
BELINTERSAT-1-----------
1 41238U 16001A   21277.09484942  .00000104  00000-0  00000+0 0  9999
2 41238   0.0536  77.5410 0001619  73.0373 308.0843  1.00271712 21031
IRNSS-1E----------------
1 41241U 16003A   21276.89154396 -.00000270  00000-0  00000+0 0  9994
2 41241  29.4083  88.6345 0021701 175.6297 181.3272  1.00270833 20978
EUTELSAT-9B-------------
1 41310U 16005A   21276.93313417  .00000059  00000-0  00000-0 0  9994
2 41310   0.0944  81.4670 0005287 168.7680 107.5590  1.00273384 20896
SES-9-------------------
1 41380U 16013A   21277.03432005 -.00000348  00000-0  00000+0 0  9998
2 41380   0.0324 273.1205 0001417 221.1799 359.3170  1.00271620 20538
EUTELSAT-65-WEST-A------
1 41382U 16014A   21277.07156218 -.00000279  00000-0  00000+0 0  9997
2 41382   0.0230   5.4817 0001778 183.7056 144.3712  1.00270159 20439
IRNSS-1F----------------
1 41384U 16015A   21276.84007800  .00000157  00000-0  00000-0 0  9991
2 41384   1.9672 178.1967 0017682 183.8849 345.6631  1.00266960 20449
BEIDOU-IGSO-6-----------
1 41434U 16021A   21276.81658933 -.00000122  00000-0  00000-0 0  9993
2 41434  57.7244  55.5092 0043269 210.5356 134.4382  1.00291621 20255
IRNSS-1G----------------
1 41469U 16027A   21276.96681321 -.00000337  00000-0  00000+0 0  9997
2 41469   1.9317 181.6936 0003348 315.5596 353.1934  1.00273429 19953
JCSAT-2B----------------
1 41471U 16028A   21276.89991690 -.00000168  00000-0  00000+0 0  9998
2 41471   0.0173 196.1520 0001927   0.3682 294.2902  1.00270417 19877
THAICOM-8---------------
1 41552U 16031A   21276.88482816 -.00000125  00000-0  00000-0 0  9990
2 41552   0.0947  76.6597 0001114  61.4731 271.7361  1.00273375 19496
INTELSAT-31-(IS-31)-----
1 41581U 16035A   21277.16590641 -.00000154  00000-0  00000+0 0  9995
2 41581   0.0140 220.3533 0001597 347.6444 129.7729  1.00271035 19475
BEIDOU-2-G7-------------
1 41586U 16037A   21276.90472324 -.00000355  00000-0  00000+0 0  9993
2 41586   1.9292  69.1522 0007451  12.5044   7.3896  1.00267569 19567
ABS-2A-(MONGOLSAT-1)----
1 41588U 16038A   21276.88413042 -.00000087  00000-0  00000-0 0  9998
2 41588   0.0229 182.7530 0001808 274.4849 308.5783  1.00268861 19480
EUTELSAT-117-WEST-B-----
1 41589U 16038B   21276.60541160 -.00000014  00000-0  00000-0 0  9992
2 41589   0.0311  39.0979 0000346  63.0283  11.3495  1.00270004 19452
BRISAT------------------
1 41591U 16039A   21276.89921917 -.00000199  00000-0  00000-0 0  9993
2 41591   0.0141 247.9602 0002085 303.8410 295.2581  1.00271398 19409
ECHOSTAR-18-------------
1 41592U 16039B   21277.04146787 -.00000285  00000-0  00000+0 0  9991
2 41592   0.0250 187.3725 0001450   3.2971 135.8679  1.00268282 19395
MUOS-5------------------
1 41622U 16041A   21276.61455566 -.00000138  00000-0  00000-0 0  9996
2 41622   6.2101 303.0087 0203428 229.8690 315.8781  1.00271612 19860
TIANTONG-1-1------------
1 41725U 16048A   21277.12818509 -.00000322  00000-0  00000+0 0  9998
2 41725   2.4422 347.3809 0002880 267.5059 265.7234  1.00271264 19047
JCSAT-16----------------
1 41729U 16050A   21276.89791089 -.00000254  00000-0  00000-0 0  9996
2 41729   0.0367  94.2301 0001220   3.1256  22.6688  1.00272431 18856
USA-270-----------------
1 41744U 16052A   21264.74589909  .00000135  00000-0  00000+0 0  9998
2 41744   0.0228 209.5737 0001472  42.3351  51.0122  1.00130986  1391
USA-271-----------------
1 41745U 16052B   21264.68545692 -.00000229  00000-0  00000+0 0  9998
2 41745   1.1752  95.0788 0003661  48.1472 194.8242  1.00176531  1395
INTELSAT-36-(IS-36)-----
1 41747U 16053A   21276.88290935 -.00000028  00000-0  00000-0 0  9991
2 41747   0.0176 282.8154 0002734 100.8676  15.4849  1.00271506 18746
INTELSAT-33E-(IS-33E)---
1 41748U 16053B   21276.88116500  .00000045  00000-0  00000-0 0  9995
2 41748   0.0441 343.6855 0002099 215.6071 190.7479  1.00273033 19029
INSAT-3DR---------------
1 41752U 16054A   21276.88395597 -.00000080  00000-0  00000-0 0  9996
2 41752   0.0957  93.9715 0011950 169.3918 141.6801  1.00271109 18583
GSAT-18-----------------
1 41793U 16060A   21276.88395597 -.00000080  00000-0  00000-0 0  9998
2 41793   0.0670  95.5130 0001127 301.7748   7.7421  1.00271995 18311
SKY-MUSTER-2-(NBN1B)----
1 41794U 16060B   21276.89808532 -.00000247  00000-0  00000-0 0  9993
2 41794   0.0143 242.8795 0001376 309.7419 288.3298  1.00272301 18300
HIMAWARI-9--------------
1 41836U 16064A   21276.89730036 -.00000277  00000-0  00000-0 0  9990
2 41836   0.0133 172.4881 0000410  11.0367 293.0952  1.00273104 17977
SHIJIAN-17-(SJ-17)------
1 41838U 16065A   21276.93900505 -.00000364  00000-0  00000-0 0  9995
2 41838   1.3828  92.0042 0000483  96.0210 280.4509  1.00274132 17992
GOES-16-----------------
1 41866U 16071A   21276.85421459 -.00000251  00000-0  00000-0 0  9995
2 41866   0.1086  83.4428 0000918 154.4290   7.2358  1.00270880 17890
TIANLIAN-1-04-----------
1 41869U 16072A   21276.88654444  .00000028  00000-0  00000+0 0  9994
2 41869   0.2077 275.3937 0023494 205.2718  28.0857  1.00270245 18087
WGS-F8-(USA-272)--------
1 41879U 16075A   21276.89904472 -.00000205  00000-0  00000-0 0  9997
2 41879   0.0165 147.0899 0000086 354.4655 344.7473  1.00271939 17616
FENGYUN-4A--------------
1 41882U 16077A   21276.89006125 -.00000334  00000-0  00000-0 0  9994
2 41882   0.2235 284.9058 0003862 112.4714  40.5876  1.00271165 17766
ECHOSTAR-19-------------
1 41893U 16079A   21276.84985369 -.00000141  00000-0  00000-0 0  9995
2 41893   0.0194 171.7335 0002044  24.4123  25.5067  1.00272674 17499
JCSAT-15----------------
1 41903U 16082A   21277.03466891 -.00000354  00000-0  00000+0 0  9992
2 41903   0.0150 200.9290 0001262 359.3352 295.2570  1.00271933 17563
STAR-ONE-D1-------------
1 41904U 16082B   21276.85247024 -.00000214  00000-0  00000-0 0  9993
2 41904   0.0308 109.9632 0002053  56.8240  68.8725  1.00273666 17551
TJS-2-------------------
1 41911U 17001A   21277.08313108 -.00000009  00000-0  00000+0 0  9997
2 41911   0.2859 284.9001 0005422 265.0307 279.4940  1.00270714 17502
SBIRS-GEO-4-(USA-273)---
1 41937U 17004A   21277.12847448  .00000123  00000-0  00000+0 0  9998
2 41937   2.8449 314.6762 0002399 238.6576  66.5748  1.00272434 17380
HISPASAT-36W-1----------
1 41942U 17006A   21276.86206424 -.00000247  00000-0  00000-0 0  9998
2 41942   0.0186  17.1190 0000989 176.5288  93.4949  1.00271870 17012
TELKOM-3S---------------
1 41944U 17007A   21277.03632608 -.00000365  00000-0  00000+0 0  9998
2 41944   0.0141 202.5116 0002325 349.4739 312.0694  1.00271760 16992
INTELSAT-32E-(IS-32E)---
1 41945U 17007B   21276.86058153 -.00000271  00000-0  00000-0 0  9993
2 41945   0.0248 190.6301 0000373 264.4505 184.3324  1.00269975 17011
ECHOSTAR-23-------------
1 42070U 17014A   21276.85569730 -.00000273  00000-0  00000-0 0  9990
2 42070   0.0251 185.5411 0002063 358.2801  69.1051  1.00268731 16711
WGS-F9-(USA-275)--------
1 42075U 17016A   21277.09354991 -.00000100  00000-0  00000+0 0  9993
2 42075   0.0218 178.3224 0000039 119.9588  96.3604  1.00268482 16715
SES-10------------------
1 42432U 17017A   21277.04702483 -.00000275  00000-0  00000+0 0  9992
2 42432   0.0201 245.2249 0002570 308.4530 129.3411  1.00272394 16506
CHINASAT-16-(SJ-13)-----
1 42662U 17018A   21276.90472324 -.00000355  00000-0  00000-0 0  9990
2 42662   0.0415  44.3184 0007060 183.2335 221.5070  1.00270660 16527
KOREASAT-7--------------
1 42691U 17023A   21277.03588997 -.00000364  00000-0  00000+0 0  9996
2 42691   0.0248  89.9544 0001595 109.7761 302.0608  1.00272298 16229
SGDC--------------------
1 42692U 17023B   21276.17431406 -.00000252  00000-0  00000-0 0  9990
2 42692   0.0302  71.1750 0002126 122.8939 165.9506  1.00273003 16191
GSAT-9------------------
1 42695U 17024A   21276.88857854 -.00000289  00000-0  00000-0 0  9991
2 42695   0.0688  90.4128 0002232 104.3905 235.2118  1.00270474 16087
INMARSAT-5-F4-----------
1 42698U 17025A   21276.88046725  .00000072  00000-0  00000-0 0  9991
2 42698   0.0019 194.5994 0000169 154.6788  36.9891  1.00272130 16040
SES-15------------------
1 42709U 17026A   21277.17887602  .00000057  00000-0  00000+0 0  9997
2 42709   0.0105 252.9163 0001108 298.5302 116.9070  1.00270252 16962
QZS-2-(MICHIBIKI-2)-----
1 42738U 17028A   21276.31834344 -.00000149  00000-0  00000-0 0  9995
2 42738  42.2063 267.7971 0749040 270.4019  88.0367  1.00258541 15924
VIASAT-2----------------
1 42740U 17029A   21276.85526122 -.00000268  00000-0  00000-0 0  9992
2 42740   0.0266 257.8547 0000239  32.4443 320.4920  1.00272285 15963
EUTELSAT-172B-----------
1 42741U 17029B   21276.83171231 -.00000008  00000-0  00000-0 0  9990
2 42741   0.0186 200.2124 0000171 149.9530 134.0243  1.00272393 16502
GSAT-19-----------------
1 42747U 17031A   21276.87872288  .00000122  00000-0  00000-0 0  9999
2 42747   0.0490  93.4802 0004365  27.0035 256.5194  1.00271327 15911
ECHOSTAR-21-------------
1 42749U 17032A   21276.87122213  .00000057  00000-0  00000-0 0  9995
2 42749   4.5291 311.1435 0002056 240.7714 144.7912  1.00272386 15895
BULGARIASAT-1-----------
1 42801U 17038A   21276.86956498  .00000009  00000-0  00000-0 0  9996
2 42801   0.0370 106.9694 0002690  84.5251 136.2429  1.00272444 15607
HELLAS-SAT-3------------
1 42814U 17040A   21276.84007800  .00000149  00000-0  00000-0 0  9990
2 42814   0.0715  30.7923 0000645  97.8671 225.5493  1.00274132 15591
GSAT-17-----------------
1 42815U 17040B   21276.88788080 -.00000261  00000-0  00000-0 0  9997
2 42815   0.0662  98.0284 0004551 149.7005 178.2280  1.00270702 15562
INTELSAT-35E-(IS-35E)---
1 42818U 17041A   21276.86232588 -.00000241  00000-0  00000-0 0  9994
2 42818   0.0123 186.6209 0001733   9.6657  92.4480  1.00270086 15591
COSMOS-2520-------------
1 42907U 17046A   21277.16532167  .00000134  00000-0  00000+0 0  9997
2 42907   0.0205 153.4253 0000139 136.8095 187.3835  1.00274645 15177
TDRS-13-----------------
1 42915U 17047A   21276.93864175 -.00000107  00000-0  00000+0 0  9999
2 42915   4.8555 331.5616 0015115 118.5668 249.1098  1.00271842 15164
QZS-3-(MICHIBIKI-3)-----
1 42917U 17048A   21276.89450938 -.00000351  00000-0  00000-0 0  9997
2 42917   0.0581 161.1920 0002561  42.9988 257.7182  1.00273667 15036
AMAZONAS-5--------------
1 42934U 17053A   21277.07234713 -.00000285  00000-0  00000+0 0  9999
2 42934   0.0439 319.7686 0002365 265.2994 112.9885  1.00272266 14918
ASIASAT-9---------------
1 42942U 17057A   21276.96533050 -.00000362  00000-0  00000+0 0  9991
2 42942   0.0065 175.3532 0002335  21.8815 285.2942  1.00270238 14727
INTELSAT-37E-(IS-37E)---
1 42950U 17059A   21277.08098174 -.00000143  00000-0  00000+0 0  9996
2 42950   0.0175 162.4390 0002860  37.0343 184.7010  1.00272044 14822
BSAT-4A-----------------
1 42951U 17059B   21277.03466891 -.00000353  00000-0  00000+0 0  9990
2 42951   0.0791  47.6974 0000665  62.1798  25.4101  1.00273556 14734
QZS-4-(MICHIBIKI-4)-----
1 42965U 17062A   21276.55466038 -.00000295  00000-0  00000-0 0  9994
2 42965  40.8147   5.4321 0748434 269.7662  76.5477  1.00275859 14586
SES-11-(ECHOSTAR-105)---
1 42967U 17063A   21276.61568507 -.00000092  00000-0  00000-0 0  9993
2 42967   0.0412 271.6310 0002701 292.6133 285.0082  1.00271690 14504
KOREASAT-5A-------------
1 42984U 17067A   21276.89180561 -.00000361  00000-0  00000-0 0  9995
2 42984   0.0159 131.4493 0001602  57.5326 258.0590  1.00271608 14319
ALCOMSAT-1--------------
1 43039U 17078A   21276.86424468 -.00000188  00000-0  00000-0 0  9990
2 43039   0.0217 191.7223 0002196 358.9780 108.4284  1.00272289 14063
SBIRS-GEO-3-(USA-282)---
1 43162U 18009A   21276.89695148 -.00000299  00000-0  00000-0 0  9993
2 43162   4.0426 317.5695 0002389 235.0070 282.1512  1.00271512 13621
AL-YAH-3----------------
1 43174U 18012A   21276.86520407 -.00000158  00000-0  00000-0 0  9996
2 43174   0.0247 262.5844 0001920 293.3571 108.2436  1.00270521 13632
SES-14------------------
1 43175U 18012B   21277.03660472 -.00000281  00000-0  00000+0 0  9990
2 43175   0.0173 249.1750 0000970 303.2591 146.2219  1.00270750 13832
GOES-17-----------------
1 43226U 18022A   21276.69826855  .00000095  00000-0  00000-0 0  9991
2 43226   0.0548 295.4937 0000241 286.4737 264.8310  1.00271669 13199
HISPASAT-30W-6----------
1 43228U 18023A   21277.04910612 -.00000219  00000-0  00000+0 0  9997
2 43228   0.0194  80.1035 0002452  96.2427 184.3200  1.00266801 13281
SUPERBIRD-8-------------
1 43271U 18033A   21276.90148684 -.00000095  00000-0  00000-0 0  9995
2 43271   0.0097 178.2314 0001051  14.1047 307.0441  1.00271345 12831
HYLAS-4-----------------
1 43272U 18033B   21277.04910612 -.00000236  00000-0  00000+0 0  9996
2 43272   0.0301 186.5892 0004310 354.3052 176.2504  1.00272538 12863
IRNSS-1I----------------
1 43286U 18035A   21276.67059581  .00000120  00000-0  00000-0 0  9992
2 43286  29.3096 101.5554 0020217 178.6542  29.0034  1.00277593 12858
USA-283-----------------
1 43339U 18036A   21276.46530888 -.00000320  00000-0  00000+0 0  9995
2 43339   0.0174 228.9219 0000710  50.8015  34.3003  1.00273513  1518
COSMOS-2526-------------
1 43432U 18037A   21276.96655156 -.00000347  00000-0  00000+0 0  9990
2 43432   0.0200 135.6335 0000577  35.1341 318.1410  1.00270272 12745
APSTAR-6C---------------
1 43450U 18041A   21272.94828975 -.00000320  00000-0  00000-0 0  9992
2 43450   0.0056 179.4271 0002768  36.0984 268.7696  1.00269302 12586
BANGABANDHUSAT-1--------
1 43463U 18044A   21277.03650050 -.00000365  00000-0  00000+0 0  9999
2 43463   0.0200 165.0380 0002156  32.9978 307.1743  1.00271607 12517
SES-12------------------
1 43488U 18049A   21276.88814247 -.00000273  00000-0  00000-0 0  9992
2 43488   0.0422  49.9048 0002104 195.5852 182.0624  1.00271001 12203
FENGYUN-2H--------------
1 43491U 18050A   21276.91117986 -.00000129  00000-0  00000-0 0  9998
2 43491   0.5020 105.0389 0003836  40.1736 274.5886  1.00275823 12211
BEIDOU-IGSO-7-----------
1 43539U 18057A   21276.88750257 -.00000150  00000-0  00000-0 0  9992
2 43539  55.0623 177.9867 0041176 224.0271  42.5728  1.00288886 11932
TELSTAR-19V-------------
1 43562U 18059A   21276.85665670 -.00000282  00000-0  00000-0 0  9997
2 43562   0.0090 185.9201 0002784 337.9718  94.2956  1.00270317 11936
TELKOM-4-(MERAH-PUTIH)--
1 43587U 18064A   21276.90123546 -.00000347  00000-0  00000-0 0  9999
2 43587   0.0154 202.2725 0001555  12.3752 230.6501  1.00271612 11644
TELSTAR-18V-(APSTAR-5C)-
1 43611U 18069A   21276.89668983 -.00000297  00000-0  00000-0 0  9993
2 43611   0.0024 168.3884 0001927  22.9016 282.3587  1.00270833 11416
AZERSPACE-2-(IS-38)-----
1 43632U 18074A   21277.09354115  .00000134  00000-0  00000+0 0  9992
2 43632   0.0250 190.8270 0001294   9.8004 251.1622  1.00268711 11244
HORIZONS-3E-------------
1 43633U 18074B   21276.90288233 -.00000033  00000-0  00000-0 0  9999
2 43633   0.0186  13.4088 0001104 271.8954 221.5874  1.00272154 11128
AEHF-4-(USA-288)--------
1 43651U 18079A   21276.85578453 -.00000281  00000-0  00000-0 0  9999
2 43651   2.9401 313.3870 0002855 246.8631  53.0458  1.00275135 11070
BEIDOU-3-G1-------------
1 43683U 18085A   21276.89712594 -.00000282  00000-0  00000-0 0  9992
2 43683   0.9157 212.4711 0004802  30.2050 233.1249  1.00268713 10834
GSAT-29-----------------
1 43698U 18089A   21277.09554716  .00000082  00000-0  00000+0 0  9991
2 43698   0.0595  91.4933 0002109 117.2199 253.7858  1.00271100 10609
ES'HAIL-2---------------
1 43700U 18090A   21276.94424546  .00000142  00000-0  00000-0 0  9995
2 43700   0.0130 135.9313 0002412  88.1886 154.4931  1.00274060 10450
GEO-KOMPSAT-2A----------
1 43823U 18100A   21276.96655156 -.00000347  00000-0  00000+0 0  9995
2 43823   0.0338 316.6965 0001860 284.7384 247.6869  1.00270941 10448
GSAT-11-----------------
1 43824U 18100B   21276.88395597 -.00000081  00000-0  00000-0 0  9993
2 43824   0.0326 247.0215 0005901 239.8777 278.1527  1.00272483 10283
GSAT-7A-----------------
1 43864U 18105A   21276.88177552  .00000023  00000-0  00000-0 0  9996
2 43864   0.0620 126.4950 0002286  80.8814 185.6481  1.00271665 10247
COSMOS-2533-------------
1 43867U 18107A   21277.09851258 -.00000042  00000-0  00000+0 0  9998
2 43867   0.0127 155.8748 0000254   8.2386 314.3874  1.00272962 10219
TJS-3-------------------
1 43874U 18110A   21276.88160109  .00000063  00000-0  00000-0 0  9997
2 43874   0.0458 300.9333 0002932 239.6497 211.9650  1.00052866 10195
TJS-3-AKM---------------
1 43917U 18110C   21276.88099056  .00000052  00000-0  00000-0 0  9995
2 43917   0.0357 243.6017 0006530 311.2503 194.3268  1.00273378 10143
CHINASAT-2D-(ZX-2D)-----
1 43920U 19001A   21276.60604804 -.00000340  00000-0  00000-0 0  9993
2 43920   0.0362 346.7394 0001429   8.5143   5.4840  1.00271259 10137
HELLAS-SAT-4-&-SGS-1----
1 44034U 19007A   21276.84007800  .00000150  00000-0  00000-0 0  9993
2 44034   0.0625 129.5457 0006045  33.7193 190.9493  1.00271694 10134
GSAT-31-----------------
1 44035U 19007B   21276.87881010  .00000122  00000-0  00000+0 0  9998
2 44035   0.0137 171.5669 0003930  57.3815 148.1190  1.00270492  9758
NUSANTARA-SATU----------
1 44048U 19009A   21276.89834698 -.00000238  00000-0  00000+0 0  9995
2 44048   0.0221 168.8903 0001678  25.1032 288.2247  1.00267898  9550
CHINASAT-6C-(ZX-6C)-----
1 44067U 19012A   21276.71646631 -.00000339  00000-0  00000+0 0  9991
2 44067   0.0811 271.5533 0003444   7.4777 121.5824  1.00272668  9516
WGS-10-(USA-291)--------
1 44071U 19014A   21276.88125222  .00000044  00000-0  00000-0 0  9997
2 44071   0.0243 179.8487 0000038 235.4514 335.0816  1.00269843  9408
TIANLIAN-2-01-----------
1 44076U 19017A   21276.91117985 -.00000141  00000-0  00000-0 0  9995
2 44076   0.8680 282.4098 0033614 228.7375 269.7654  1.00271450  9399
ARABSAT-6A--------------
1 44186U 19021A   21277.09910688  .00000151  00000-0  00000+0 0  9992
2 44186   0.0606 324.8276 0006115 266.1478 208.2316  1.00268077  8940
BEIDOU-3-IGSO-1---------
1 44204U 19023A   21276.90251781 -.00000188  00000-0  00000-0 0  9998
2 44204  56.1823  55.7421 0022582 185.2066 215.0346  1.00288684  9144
BEIDOU-2-G8-------------
1 44231U 19027A   21276.89799810 -.00000250  00000-0  00000-0 0  9990
2 44231   0.3151  39.0460 0007308 163.8026 277.7857  1.00269510  8850
YAMAL-601---------------
1 44307U 19031A   21276.59186241  .00000116  00000-0  00000-0 0  9994
2 44307   0.0016 238.0099 0002050 321.5015  75.0988  1.00273467  8704
AT&T-T-16---------------
1 44333U 19034A   21277.16272929 -.00000118  00000-0  00000+0 0  9991
2 44333   0.0148 235.4095 0000233 198.9145 256.5062  1.00268010  8401
EUTELSAT-7C-------------
1 44334U 19034B   21276.87061160  .00000045  00000-0  00000-0 0  9991
2 44334   0.0381 249.9410 0002900 289.5622 153.6994  1.00271999  8885
BEIDOU-3-IGSO-2---------
1 44337U 19035A   21276.92610344 -.00000148  00000-0  00000-0 0  9990
2 44337  55.0974 174.0193 0020203 181.6956 109.9936  1.00279502  8473
COSMOS-2539-------------
1 44457U 19048A   21276.99563206  .00000079  00000-0  00000+0 0  9999
2 44457   0.0265 136.2371 0000545 167.7504  79.3962  1.00275469  8015
EDRS-C------------------
1 44475U 19049A   21276.87788776  .00000152  00000-0  00000-0 0  9991
2 44475   0.0764 269.2249 0000817 289.1866 161.6117  1.00273844  7978
INTELSAT-39-(IS-39)-----
1 44476U 19049B   21277.04560851  .00000031  00000-0  00000+0 0  9999
2 44476   0.0164 229.7426 0000795 152.3807  69.2197  1.00270909  7938
AMOS-17-----------------
1 44479U 19050A   21276.87261762  .00000107  00000-0  00000-0 0  9998
2 44479   0.0209 265.0218 0002136 295.1639 143.7741  1.00273714  7966
AEHF-5-(USA-292)--------
1 44481U 19051A   21276.79769729  .00000075  00000-0  00000-0 0  9993
2 44481   4.9588 305.4434 0004106 236.7937 172.2562  1.00267132  8058
EUTELSAT-5-WEST-B-------
1 44624U 19067A   21277.09337632 -.00000045  00000-0  00000+0 0  9994
2 44624   0.0670  19.4877 0005634 123.7821 258.3723  1.00271539  7222
MEV-1-------------------
1 44625U 19067B   21276.45952101 -.00000205  00000-0  00000-0 0  9997
2 44625   0.0164 117.1180 0000866  88.7439 304.4794  1.00271226  5751
TJS-4-------------------
1 44637U 19070A   21276.91298917 -.00000173  00000-0  00000-0 0  9997
2 44637   0.0843 104.9048 0002337 190.3316 129.8510  1.00270501  7330
BEIDOU-3-IGSO-3---------
1 44709U 19073A   21276.96480720 -.00000134  00000-0  00000+0 0  9996
2 44709  57.6733 299.0422 0020399 185.2898 355.5359  1.00284364  7234
TIBA-1------------------
1 44800U 19080A   21276.84007800  .00000153  00000-0  00000+0 0  9997
2 44800   0.0575  19.7869 0002112 180.0081 150.9091  1.00273964  6866
INMARSAT-GX5------------
1 44801U 19080B   21276.93313417  .00000072  00000-0  00000-0 0  9993
2 44801   0.0211 356.9285 0001829 201.3754 161.5070  1.00270715  6888
JCSAT-18-(KACIFIC-1)----
1 44868U 19091A   21276.89913194 -.00000204  00000-0  00000-0 0  9999
2 44868   0.0308 285.8141 0000871 306.4298 254.2700  1.00271617  6809
ELEKTRO-L-3-------------
1 44903U 19095A   21276.95952130 -.00000100  00000-0  00000+0 0  9997
2 44903   0.0576 359.9029 0001640 238.4045 196.0053  1.00272684  6497
SHIJIAN-20-(SJ-20)------
1 44910U 19097A   21276.91163272 -.00000210  00000-0  00000-0 0  9997
2 44910   0.5234  93.4741 0003736  54.8884 280.2168  1.00271580  6476
TJS-5-------------------
1 44978U 20002A   21276.90123546 -.00000346  00000-0  00000-0 0  9998
2 44978   0.2828 284.0292 0004631 225.3200 295.4522  1.00270811  6486
GSAT-30-----------------
1 45026U 20005A   21276.95756809 -.00000167  00000-0  00000+0 0  9995
2 45026   0.0383 109.2681 0003431   2.8506 328.4758  1.00271752  6314
EUTELSAT-KONNECT--------
1 45027U 20005B   21276.87061160  .00000047  00000-0  00000-0 0  9993
2 45027   0.0493 111.9366 0000855 190.8014  30.6670  1.00271468  7114
JCSAT-17----------------
1 45245U 20013A   21276.54432954 -.00000321  00000-0  00000-0 0  9997
2 45245   6.4094 344.4612 0003731 198.1015 161.8527  1.00271908  6013
GEO-KOMPSAT-2B----------
1 45246U 20013B   21276.96655156 -.00000346  00000-0  00000+0 0  9991
2 45246   0.0534  42.5521 0000862 111.1997 335.3672  1.00271721  6038
BEIDOU-3-G2-------------
1 45344U 20017A   21276.88517703 -.00000146  00000-0  00000-0 0  9999
2 45344   2.3016 340.5168 0002911 179.6243 251.3757  1.00272510  6055
AEHF-6-(USA-298)--------
1 45465U 20022B   21276.89668983 -.00000309  00000-0  00000-0 0  9998
2 45465   6.5415 305.0165 0048179 349.7340 178.5824  1.00276052  5795
BEIDOU-3-G3-------------
1 45807U 20040A   21276.90472324 -.00000360  00000-0  00000-0 0  9999
2 45807   2.0370 299.0388 0010304 336.8216 173.2391  1.00270920  4869
APSTAR-6D---------------
1 45863U 20045A   21276.96768539 -.00000321  00000-0  00000+0 0  9994
2 45863   0.0429 101.7039 0001683  82.5429 311.0224  1.00267621  4633
KOREASAT-116------------
1 45920U 20048A   21277.03597719 -.00000364  00000-0  00000+0 0  9997
2 45920   0.0218 183.9058 0000894  19.7622 298.4456  1.00266988  4434
EXPRESS-103-------------
1 45985U 20053A   21276.69697915 -.00000284  00000-0  00000-0 0  9996
2 45985   0.0286 306.3584 0000378 349.4637  64.2000  1.00272657  4424
EXPRESS-80--------------
1 45986U 20053B   21276.59979852 -.00000139  00000-0  00000-0 0  9998
2 45986   0.0349 343.7706 0001259 311.5349  13.1566  1.00271616  4418
BSAT-4B-----------------
1 46112U 20056A   21276.90472324 -.00000353  00000-0  00000-0 0  9998
2 46112   0.0676 116.9714 0003278  53.0407 278.3620  1.00270184  4165
MEV-2-------------------
1 46113U 20056B   21276.58191954 -.00000013  00000-0  00000-0 0  9993
2 46113   0.0172 121.1392 0001073  87.8565  12.0226  1.00272728 63322
GALAXY-30-(G-30)--------
1 46114U 20056C   21276.91605226  .00000034  00000-0  00000+0 0  9994
2 46114   0.0082 202.6012 0002725 357.2098  17.8245  1.00272824  4187
GAOFEN-13---------------
1 46610U 20071A   21277.03623885 -.00000367  00000-0  00000+0 0  9997
2 46610   1.1400 276.4587 0003335 271.6794 315.7270  1.00273411  3685
TIANTONG-1-2------------
1 46916U 20082A   21276.89416051 -.00000365  00000-0  00000-0 0  9995
2 46916   4.7462 297.4517 0002731 241.9533 280.2436  1.00272899  3439
LUCAS-(JDRS-1)----------
1 47202U 20089A   21277.03999950 -.00000239  00000-0  00000+0 0  9991
2 47202   0.0322 122.8825 0001693  47.5378 307.6704  1.00275729  3187
SXM-7-------------------
1 47240U 20096A   21276.60767483 -.00000025  00000-0  00000-0 0  9991
2 47240   0.0244 188.9040 0001514 160.8784 126.2056  1.00269501  3104
CMS-01------------------
1 47256U 20099A   21276.91298917 -.00000169  00000-0  00000-0 0  9995
2 47256   0.0647  99.1581 0006434 149.9551 175.4645  1.00272716  2973
TURKSAT-5A--------------
1 47306U 21001A   21277.10466105  .00000151  00000-0  00000+0 0  9992
2 47306   0.0194 171.1290 0000190 118.5911 151.9291  1.00270551  2778
TIANTONG-1-3------------
1 47321U 21003A   21276.52662323 -.00000164  00000-0  00000-0 0  9992
2 47321   4.9904 308.8394 0003668 257.2224  77.4956  1.00271418  2742
TJS-6-------------------
1 47613U 21010A   21276.83302059  .00000039  00000-0  00000+0 0  9994
2 47613   0.4516 281.5778 0001984 338.4344 231.1342  1.00269065  2601
SBIRS-GEO-5-(USA-315)---
1 48618U 21042A   21276.49914951 -.00000298  00000-0  00000+0 0  9995
2 48618   7.7823 327.2142 0002436 219.1036 309.4796  1.00549415  1507
FENGYUN-4B--------------
1 48808U 21047A   21276.90562597 -.00000360  00000-0  00000-0 0  9993
2 48808   0.2066 109.0150 0000880  17.9296 335.5359  1.00264680  1359
SXM-8-------------------
1 48838U 21049A   21276.92398911 -.00000207  00000-0  00000-0 0  9997
2 48838   0.1109 103.4906 0001879 267.1303 249.6520  1.00270484  1403
TIANLIAN-1-05-----------
1 49011U 21063A   21276.79952882  .00000064  00000-0  00000-0 0  9995
2 49011   2.8117 285.9897 0003025 332.0431  53.1369  1.00268630   867
STAR-ONE-D2-------------
1 49055U 21069A   21276.16079602 -.00000269  00000-0  00000+0 0  9997
2 49055   0.0149 183.3176 0004455  46.3111 130.3579  1.00290103   680
EUTELSAT-QUANTUM--------
1 49056U 21069B   21276.83452413  .00000123  00000-0  00000-0 0  9996
2 49056   0.0104 181.8736 0002389  68.5493 110.4742  1.00272340   707
CHINASAT-2E-(ZX-2E)-----
1 49062U 21071A   21276.96053351 -.00000295  00000-0  00000+0 0  9998
2 49062   0.1976 266.0792 0001352  23.6268 167.0529  1.00273055   841
TJS-7-------------------
1 49115U 21077A   21276.89843419 -.00000234  00000-0  00000-0 0  9991
2 49115   0.9309 275.4928 0001266 296.2997 271.0092  1.00272152   594
CHINASAT-9B-------------
1 49125U 21080A   21276.56577192 -.00000316  00000-0  00000+0 0  9992
2 49125   0.0457 262.1462 0003961 276.5494 138.9063  1.00271480   416
