IRNSS-1A----------------
1 39199U 13034A   21286.03105039  .00000092  00000-0  00000-0 0  9993
2 39199  31.8808  89.1794 0020767 178.5289 180.2850  1.00272168 30230
IRNSS-1B----------------
1 39635U 14017A   21286.53313510  .00000087  00000-0  00000+0 0  9993
2 39635  29.2499 269.2153 0019849 189.7794 170.1767  1.00269631 27676
IRNSS-1C----------------
1 40269U 14061A   21286.96784481 -.00000177  00000-0  00000-0 0  9995
2 40269   2.4769 141.2666 0020098   8.1001 304.8934  1.00272080 25565
IRNSS-1D----------------
1 40547U 15018A   21286.95435003 -.00000298  00000-0  00000-0 0  9993
2 40547  29.0836 269.2661 0018557 187.6135  21.1680  1.00275784 23871
IRNSS-1E----------------
1 41241U 16003A   21286.38266431 -.00000292  00000-0  00000-0 0  9998
2 41241  29.4317  88.4857 0022446 176.1594   6.9928  1.00268367 20954
IRNSS-1F----------------
1 41384U 16015A   21286.85226472  .00000144  00000-0  00000-0 0  9997
2 41384   1.9708 177.3009 0017757 183.8224   0.7985  1.00271847 20549
IRNSS-1G----------------
1 41469U 16027A   21286.85175513 -.00000351  00000-0  00000+0 0  9993
2 41469   1.9339 180.7897 0003037 320.4396 317.5151  1.00268394 20054
IRNSS-1I----------------
1 43286U 18035A   21286.57236949  .00000100  00000-0  00000-0 0  9995
2 43286  29.3337 101.3896 0020790 177.6211   4.4910  1.00269505 12956
