IRIDIUM-106-------------
1 41917U 17003A   19041.79826965  .00000086  00000-0  23820-4 0  9993
2 41917  86.3995 129.8965 0002671  93.3903 266.7599 14.34219390108590
IRIDIUM-103-------------
1 41918U 17003B   19041.85535902  .00000076  00000-0  19957-4 0  9994
2 41918  86.3995 129.7814 0002388 110.0454 250.0999 14.34218995108631
IRIDIUM-109-------------
1 41919U 17003C   19041.79192065  .00000072  00000-0  18493-4 0  9997
2 41919  86.3995 129.8226 0002307 101.0722 259.0734 14.34215771108588
IRIDIUM-102-------------
1 41920U 17003D   19041.82999522  .00000072  00000-0  18591-4 0  9995
2 41920  86.3994 129.7884 0001992 101.3826 258.7593 14.34217847108670
IRIDIUM-105-------------
1 41921U 17003E   19041.73129148  .00000072  00000-0  18626-4 0  9994
2 41921  86.3956  98.1881 0003673  93.8397 266.3219 14.34217575110515
IRIDIUM-104-------------
1 41922U 17003F   19041.84266527  .00000084  00000-0  22892-4 0  9993
2 41922  86.3995 129.7846 0002629  97.5111 262.6383 14.34216007108669
IRIDIUM-114-------------
1 41923U 17003G   19041.84901027  .00000073  00000-0  18845-4 0  9996
2 41923  86.3995 129.7730 0002145  88.8819 271.2622 14.34217506108660
IRIDIUM-108-------------
1 41924U 17003H   19041.73776709  .00000064  00000-0  15715-4 0  9995
2 41924  86.3950  98.2400 0002609  88.6761 271.4734 14.34217529110502
IRIDIUM-112-------------
1 41925U 17003J   19041.83632757  .00000077  00000-0  20330-4 0  9994
2 41925  86.3991 129.7477 0001778  88.1699 271.9700 14.34218083108672
IRIDIUM-111-------------
1 41926U 17003K   19041.82363992  .00000078  00000-0  20874-4 0  9990
2 41926  86.3993 129.7656 0002388 104.6924 255.4536 14.34216809108642
IRIDIUM-113-------------
1 42803U 17039A   19041.94314422  .00000070  00000-0  17803-4 0  9991
2 42803  86.4001   3.3154 0002454  97.4485 262.6989 14.34217966 86599
IRIDIUM-123-------------
1 42804U 17039B   19041.91484708  .00000073  00000-0  18972-4 0  9995
2 42804  86.3960  34.9129 0002102  95.4008 264.7427 14.34217956 85356
IRIDIUM-120-------------
1 42805U 17039C   19041.93679352  .00000077  00000-0  20425-4 0  9999
2 42805  86.3990   3.4481 0002577  97.5628 262.5861 14.34218273 86586
IRIDIUM-115-------------
1 42806U 17039D   19041.94573806  .00000067  00000-0  13891-4 0  9996
2 42806  86.4528   3.1587 0000476 245.0453 115.0698 14.43278573 87244
IRIDIUM-118-------------
1 42807U 17039E   19041.94655417  .00000078  00000-0  20646-4 0  9994
2 42807  86.3960  34.9086 0001730  89.3816 270.7578 14.34218207 85350
IRIDIUM-117-------------
1 42808U 17039F   19041.96558721  .00000077  00000-0  20390-4 0  9992
2 42808  86.3959  34.8816 0002806  92.2453 267.9064 14.34217720 85384
IRIDIUM-126-------------
1 42809U 17039G   19041.92119065  .00000076  00000-0  20213-4 0  9996
2 42809  86.3961  34.9097 0002235  91.8181 268.3270 14.34218350 85361
IRIDIUM-124-------------
1 42810U 17039H   19041.89100797  .00000099  00000-0  23153-4 0  9997
2 42810  86.4523 331.7304 0003798  64.7905 295.3689 14.43602123 88086
IRIDIUM-128-------------
1 42811U 17039J   19041.63287186  .00000020  00000-0  57733-7 0  9996
2 42811  86.3935  66.6029 0002701 115.4531 244.6944 14.34216533 85346
IRIDIUM-121-------------
1 42812U 17039K   19041.94021419  .00000022  00000-0  66167-6 0  9998
2 42812  86.3961  34.9152 0002162  93.4874 266.6569 14.34216377 85238
IRIDIUM-133-------------
1 42955U 17061A   19041.66456500  .00000089  00000-0  24704-4 0  9995
2 42955  86.3937  66.6450 0002312 107.1724 252.9725 14.34216506 70146
IRIDIUM-100-------------
1 42956U 17061B   19041.65822377  .00000092  00000-0  25937-4 0  9997
2 42956  86.3936  66.6306 0002316  92.0017 268.1444 14.34216695 70165
IRIDIUM-122-------------
1 42957U 17061C   19041.62652564  .00000076  00000-0  19947-4 0  9990
2 42957  86.3935  66.6388 0002598 111.6672 248.4801 14.34217666 70147
IRIDIUM-129-------------
1 42958U 17061D   19041.65188202  .00000061  00000-0  14852-4 0  9991
2 42958  86.3936  66.6657 0002348 104.9982 255.1474 14.34216341 70162
IRIDIUM-119-------------
1 42959U 17061E   19041.62018043  .00000083  00000-0  22686-4 0  9992
2 42959  86.3937  66.6616 0002173 106.1618 253.9817 14.34217131 70171
IRIDIUM-107-------------
1 42960U 17061F   19041.63920123  .00000078  00000-0  20821-4 0  9999
2 42960  86.3937  66.6580 0002355  94.4250 265.7215 14.34217555 70191
IRIDIUM-132-------------
1 42961U 17061G   19041.64553817  .00000011  00000-0 -31271-5 0  9993
2 42961  86.3937  66.6493 0002618  94.8092 265.3403 14.34216502 70180
IRIDIUM-136-------------
1 42962U 17061H   19041.67726057  .00000074  00000-0  19227-4 0  9999
2 42962  86.3937  66.6348 0002028 104.5090 255.6331 14.34218967 70204
IRIDIUM-139-------------
1 42963U 17061J   19041.68359890  .00000077  00000-0  20480-4 0  9994
2 42963  86.3938  66.6506 0002373  96.9047 263.2419 14.34218116 70210
IRIDIUM-125-------------
1 42964U 17061K   19041.67091748  .00000081  00000-0  22006-4 0  9990
2 42964  86.3940  66.6687 0002350  94.5125 265.6339 14.34217867 70220
IRIDIUM-135-------------
1 43070U 17083A   19041.92411131  .00000071  00000-0  18212-4 0  9996
2 43070  86.3996   3.3371 0002266  73.6541 286.4904 14.34216373 59557
IRIDIUM-138-------------
1 43071U 17083B   19041.94949149  .00000066  00000-0  16601-4 0  9998
2 43071  86.3984   3.2880 0002169  92.7661 267.3783 14.34218365 59541
IRIDIUM-116-------------
1 43072U 17083C   19041.91777989  .00000071  00000-0  18126-4 0  9997
2 43072  86.3994   3.3574 0001805  82.1213 278.0187 14.34216739 59579
IRIDIUM-130-------------
1 43073U 17083D   19041.95583338  .00000076  00000-0  20196-4 0  9990
2 43073  86.4003   3.3526 0002050  90.6987 269.4443 14.34217711 59529
IRIDIUM-151-------------
1 43074U 17083E   19041.93045493  .00000071  00000-0  18296-4 0  9997
2 43074  86.3996   3.3477 0001734  83.4014 276.7379 14.34217152 59544
IRIDIUM-134-------------
1 43075U 17083F   19041.82896307  .00000002  00000-0 -62163-5 0  9992
2 43075  86.3992   3.3604 0002426  83.2310 276.9162 14.34217385 59493
IRIDIUM-137-------------
1 43076U 17083G   19041.91143563  .00000076  00000-0  19944-4 0  9990
2 43076  86.3998   3.3703 0001616  84.2381 275.8999 14.34217421 59575
IRIDIUM-141-------------
1 43077U 17083H   19041.90508171  .00000071  00000-0  18244-4 0  9997
2 43077  86.3994   3.3501 0001920  93.1093 267.0323 14.34218700 59570
IRIDIUM-153-------------
1 43078U 17083J   19041.92703364  .00000079  00000-0  21136-4 0  9993
2 43078  86.4006 331.7539 0002197 117.1742 242.9678 14.34218038 60683
IRIDIUM-131-------------
1 43079U 17083K   19041.96218212  .00000072  00000-0  18814-4 0  9993
2 43079  86.4000   3.3328 0002237  91.3177 268.8275 14.34217314 59512
IRIDIUM-144-------------
1 43249U 18030A   19041.86359694  .00000085  00000-0  23171-4 0  9990
2 43249  86.4003 331.7892 0002583  81.0523 279.0965 14.34216630 45552
IRIDIUM-149-------------
1 43250U 18030B   19041.86994401  .00000067  00000-0  16697-4 0  9998
2 43250  86.4003 331.7822 0002589  75.5660 284.5823 14.34216273 45550
IRIDIUM-157-------------
1 43251U 18030C   19041.88899113  .00000077  00000-0  20613-4 0  9999
2 43251  86.4003 331.7674 0001647  93.0142 267.1243 14.34217908 45537
IRIDIUM-140-------------
1 43252U 18030D   19041.90800631  .00000074  00000-0  19413-4 0  9993
2 43252  86.4004 331.7732 0003410  77.9256 282.2322 14.34217909 45594
IRIDIUM-145-------------
1 43253U 18030E   19041.89531366  .00000068  00000-0  17169-4 0  9997
2 43253  86.4003 331.7621 0003034  53.0888 307.0585 14.34217226 45521
IRIDIUM-146-------------
1 43254U 18030F   19041.94606206  .00000069  00000-0  17586-4 0  9994
2 43254  86.4003 331.7586 0002238  71.6525 288.4914 14.34216060 45546
IRIDIUM-148-------------
1 43255U 18030G   19041.91433892  .00000031  00000-0  38596-5 0  9995
2 43255  86.4005 331.7769 0001856  79.3387 280.8018 14.34216115 45573
IRIDIUM-142-------------
1 43256U 18030H   19041.88263755  .00000081  00000-0  22009-4 0  9997
2 43256  86.4001 331.7784 0002109  83.0441 277.0994 14.34217874 45532
IRIDIUM-150-------------
1 43257U 18030J   19041.92068698  .00000080  00000-0  21384-4 0  9996
2 43257  86.4005 331.7925 0002302  83.2723 276.8735 14.34219057 45562
IRIDIUM-143-------------
1 43258U 18030K   19041.90165058  .00000075  00000-0  19587-4 0  9999
2 43258  86.4007 331.7812 0002570  66.0902 294.0562 14.34219821 45496
IRIDIUM-161-------------
1 43478U 18047C   19041.85755870  .00000069  00000-0  14544-4 0  9993
2 43478  86.4516 129.9187 0002352 105.1234 255.0227 14.43281090 38100
IRIDIUM-152-------------
1 43479U 18047D   19041.80460992  .00000067  00000-0  17008-4 0  9993
2 43479  86.3990 129.8195 0001965  89.8642 270.2778 14.34218768 37880
IRIDIUM-147-------------
1 43480U 18047E   19041.81095237  .00000069  00000-0  17493-4 0  9992
2 43480  86.3991 129.7763 0002054 104.1775 255.9649 14.34218269 37873
IRIDIUM-110-------------
1 43481U 18047F   19041.81729434  .00000082  00000-0  22276-4 0  9996
2 43481  86.3994 129.7935 0002618  95.4909 264.6585 14.34218387 37861
IRIDIUM-162-------------
1 43482U 18047G   19041.85125055  .00000085  00000-0  19364-4 0  9997
2 43482  86.4515 129.8498 0002537 104.8992 255.2490 14.43281549 38091
IRIDIUM-160-------------
1 43569U 18061A   19041.76313106  .00000048  00000-0  99226-5 0  9990
2 43569  86.3953  98.1790 0001934  94.4206 265.7211 14.34217827 28754
IRIDIUM-166-------------
1 43570U 18061B   19041.71874352  .00000055  00000-0  12455-4 0  9998
2 43570  86.3952  98.1850 0002450  91.0714 269.0762 14.34219276 28773
IRIDIUM-158-------------
1 43571U 18061C   19041.75678809  .00000059  00000-0  14001-4 0  9995
2 43571  86.3952  98.1761 0002157  85.3393 274.8049 14.34218073 28741
IRIDIUM-165-------------
1 43572U 18061D   19041.71240173  .00000055  00000-0  12447-4 0  9999
2 43572  86.3954  98.1921 0002209  86.9959 273.1489 14.34217087 28761
IRIDIUM-155-------------
1 43573U 18061E   19041.74410316  .00000050  00000-0  10648-4 0  9997
2 43573  86.3950  98.1753 0002973 102.0411 258.1118 14.34218078 28732
IRIDIUM-154-------------
1 43574U 18061F   19041.72507451  .00000052  00000-0  11572-4 0  9992
2 43574  86.3954  98.1901 0001863  96.1949 263.9459 14.34218025 28787
IRIDIUM-163-------------
1 43575U 18061G   19041.70604076  .00000057  00000-0  13391-4 0  9998
2 43575  86.3951  98.1945 0002313  73.3805 286.7645 14.34218913 28755
IRIDIUM-156-------------
1 43576U 18061H   19041.75044493  .00000055  00000-0  12509-4 0  9993
2 43576  86.3951  98.1802 0002601  88.2880 271.8614 14.34219589 28757
IRIDIUM-164-------------
1 43577U 18061J   19041.73141347  .00000063  00000-0  15593-4 0  9993
2 43577  86.3953  98.1878 0002022  90.6142 269.5285 14.34219304 28795
IRIDIUM-159-------------
1 43578U 18061K   19041.76947383  .00000044  00000-0  86458-5 0  9999
2 43578  86.3950  98.1649 0002054  94.5411 265.6019 14.34217761 28760
IRIDIUM-180-------------
1 43922U 19002A   19041.90850342  .00000052  00000-0  11468-4 0  9999
2 43922  86.3959  34.8983 0001096  54.6582 305.4716 14.34216710  4394
IRIDIUM-176-------------
1 43923U 19002B   19041.92973074  .00000025  00000-0 -38517-8 0  9999
2 43923  86.6094  34.9039 0002621  86.7885 273.3632 14.72262086  4465
IRIDIUM-168-------------
1 43924U 19002C   19041.97192477  .00000029  00000-0  31409-5 0  9998
2 43924  86.3962  34.8731 0001792  87.5726 272.5675 14.34217392  4383
IRIDIUM-173-------------
1 43925U 19002D   19041.95924269  .00000035  00000-0  52921-5 0  9998
2 43925  86.3959  34.8762 0001973  86.8716 273.2706 14.34217105  4370
IRIDIUM-169-------------
1 43926U 19002E   19041.93098433  .00000039  00000-0  67217-5 0  9990
2 43926  87.4023  35.5200 0004388 138.2774 221.8761 14.38747479  4454
IRIDIUM-172-------------
1 43927U 19002F   19041.95289588  .00000062  00000-0  14917-4 0  9990
2 43927  86.3958  34.8782 0001813  84.4586 275.6817 14.34216095  4371
IRIDIUM-175-------------
1 43928U 19002G   19041.92370397  .00000080  00000-0  87534-5 0  9993
2 43928  86.6077  34.8954 0002672 116.7694 243.3797 14.72254121  4453
IRIDIUM-171-------------
1 43929U 19002H   19041.93387279  .00000060  00000-0  14513-4 0  9996
2 43929  86.3968  34.8944 0001846  88.8335 271.3072 14.34217588  4363
IRIDIUM-170-------------
1 43930U 19002J   19041.93592586  .00000064  00000-0  62446-5 0  9990
2 43930  86.6094  34.9093 0002887  95.6325 264.5222 14.72260090  4476
IRIDIUM-167-------------
1 43931U 19002K   19041.92751897  .00000044  00000-0  86601-5 0  9999
2 43931  86.3954  34.8882 0001077  56.7353 303.3946 14.34217039  4369