COSMOS-2426-(717)-------
1 29671U 06062B   19199.19841936  .00000003  00000-0  10000-3 0  9996
2 29671  65.1101 279.2457 0018757 167.9366  86.7620  2.13102952 97755
COSMOS-2433-(720)-------
1 32275U 07052A   19199.78767300 -.00000050  00000-0  10000-3 0  9990
2 32275  65.8624  40.0822 0000790 235.2107  88.1145  2.13104328 91274
COSMOS-2432-(719)-------
1 32276U 07052B   19198.31353400 -.00000047  00000-0  10000-3 0  9997
2 32276  65.8727  40.2150 0009835 342.7415 240.7082  2.13103563 91243
COSMOS-2434-(721)-------
1 32393U 07065A   19198.69675959  .00000005  00000-0  00000-0 0  9997
2 32393  64.7068 277.9433 0003614 127.5921 326.2602  2.13103014 89967
COSMOS-2436-(723)-------
1 32395U 07065C   19199.40601828  .00000004  00000-0  10000-3 0  9996
2 32395  64.7168 277.9742 0014703 357.4420 332.9698  2.13104387 89909
COSMOS-2456-(730)-------
1 36111U 09070A   19199.45107323  .00000012  00000-0  00000+0 0  9994
2 36111  64.2047 157.5555 0006280 304.5784 181.0674  2.13102957 74645
COSMOS-2457-(733)-------
1 36112U 09070B   19199.35674409  .00000011  00000-0  00000+0 0  9997
2 36112  64.1869 157.4600 0005044 193.2366 344.9590  2.13101491 74642
COSMOS-2459-(731)-------
1 36400U 10007A   19199.08964924 -.00000050  00000-0  10000-3 0  9992
2 36400  65.7653  39.1194 0025888 355.2835   8.2882  2.13102061 72997
COSMOS-2461-(735)-------
1 36401U 10007B   19199.69392874 -.00000050  00000-0  10000-3 0  9999
2 36401  65.7639  39.0706 0008945  68.5049 309.1892  2.13102136 73006
COSMOS-2460-(732)-------
1 36402U 10007C   19199.63212449 -.00000050  00000-0  10000-3 0  9993
2 36402  65.7562  39.0359 0002062  81.9192 288.1573  2.13101482 73003
COSMOS-2464-(736)-------
1 37139U 10041C   19199.27760258  .00000004  00000-0  00000+0 0  9998
2 37139  64.3089 277.5324 0023749  11.2863  34.2256  2.13100664 69067
COSMOS-2474-(742)-------
1 37829U 11055A   19199.14730910  .00000010  00000-0  00000+0 0  9995
2 37829  64.5253 158.4511 0010660 252.7758 216.1220  2.13101808 60633
COSMOS-2476-(744)-------
1 37867U 11064A   19199.64556978  .00000016  00000-0  00000+0 0  9998
2 37867  64.5054 158.4859 0020676 243.8280 293.4747  2.13101894 59992
COSMOS-2477-(745)-------
1 37868U 11064B   19199.44168885  .00000014  00000-0  00000+0 0  9991
2 37868  64.5148 158.5432 0018471 245.4411 314.1151  2.13101755 59940
COSMOS-2475-(743)-------
1 37869U 11064C   19199.32918038  .00000012  00000-0  00000+0 0  9990
2 37869  64.5209 158.5471 0023011 265.8695 164.4810  2.13102127 59951
COSMOS-2485-(747)-------
1 39155U 13019A   19199.27502598  .00000012  00000-0  00000+0 0  9996
2 39155  64.6742 158.6938 0021168 239.4872  58.2591  2.13101947 48456
COSMOS-2492-(754)-------
1 39620U 14012A   19198.78977777 -.00000050  00000-0  10000-3 0  9995
2 39620  65.6395  38.8980 0013197 335.1818 345.3805  2.13103318 41399
COSMOS-2500-(755)-------
1 40001U 14032A   19198.58850604 -.00000049  00000-0  00000+0 0  9992
2 40001  65.5806  38.8411 0005225 188.0070 199.5218  2.13102668 39613
COSMOS-2501-(702K)------
1 40315U 14075A   19199.67368829  .00000001  00000-0  00000+0 0  9998
2 40315  64.0293 278.5883 0017052 206.9651  90.7806  2.13098720 36038
COSMOS-2514-(751)-------
1 41330U 16008A   19199.25058462 -.00000051  00000-0  00000+0 0  9993
2 41330  65.3847  38.7730 0008237 205.6261 151.5629  2.13103070 26785
COSMOS-2516-(753)-------
1 41554U 16032A   19199.49779848  .00000002  00000-0  00000+0 0  9997
2 41554  64.2517 278.5686 0013743 216.4577 220.9620  2.13101678 24408
COSMOS-2522-(752)-------
1 42939U 17055A   19198.93905630  .00000003  00000-0  00000+0 0  9990
2 42939  64.4834 278.6699 0008253 239.4724 355.7966  2.13101868 14145
COSMOS-2527-(756)-------
1 43508U 18053A   19198.69645962  .00000007  00000-0  00000+0 0  9998
2 43508  64.8382 158.4913 0008977 243.7506 196.6799  2.13102609  8438
COSMOS-2529-(757)-------
1 43687U 18086A   19199.63041330  .00000002  00000-0  00000+0 0  9991
2 43687  64.6962 278.6753 0010237 264.3822  96.9796  2.13102026  5470
COSMOS-2534-(758)-------
1 44299U 19030A   19199.27922828  .00000003  00000-0  00000+0 0  9992
2 44299  64.7647 278.4742 0013130 284.0684 303.0941  2.13101934  1104
