AOR-E (EGNOS/PRN 120)   
1 24307U 96053A   19074.91999019 -.00000295  00000-0  00000-0 0  9994
2 24307   3.9317  74.4766 0007410 283.1460  93.7671  0.99993840 82421
CRE (WAAS/PRN 138)      
1 28868U 05036A   19074.65304060 -.00000087  00000-0  00000+0 0  9996
2 28868   0.0171 132.3854 0003159 245.7560 282.6136  1.00271048 49572
CRW (WAAS/PRN 135)      
1 28884U 05041A   19074.74132355  .00000066  00000-0  00000-0 0  9993
2 28884   0.0243 242.0021 0001740 116.8650 308.0271  1.00271978 49178
IOR-W (EGNOS/PRN 126)   
1 28899U 05044A   19074.90449196 -.00000001  00000-0  00000-0 0  9994
2 28899   2.7960  24.0420 0003287 347.8139 190.8668  1.00271457 48949
MTSAT-2 (MSAS/PRN 137)  
1 28937U 06004A   19074.87802271 -.00000257  00000-0  00000-0 0  9990
2 28937   0.0289 285.5796 0003453  68.5235 280.1728  1.00272373 47909
QZS-1 (QZSS/PRN 183)    
1 37158U 10045A   19074.54979980 -.00000199  00000-0  00000+0 0  9995
2 37158  41.2542 150.1456 0749354 269.9866  84.1663  1.00303033 31133
GSAT-8 (GAGAN/PRN 127)  
1 37605U 11022A   19074.78276821  .00000071  00000-0  00000-0 0  9997
2 37605   0.0371 270.7924 0006390  20.6711 218.4679  1.00272883 26646
LUCH 5A (SDCM/PRN 140)  
1 37951U 11074B   19074.90447265 -.00000070  00000-0  00000+0 0  9993
2 37951   2.3031 132.9599 0003767 220.3505 311.2958  1.00271416 26610
SES-5 (EGNOS/PRN 136)   
1 38652U 12036A   19074.76880286  .00000020  00000-0  00000-0 0  9994
2 38652   0.0217 133.8787 0002088 216.7738 104.1515  1.00271563 17926
GSAT-10 (GAGAN/PRN 128) 
1 38779U 12051B   19074.89216109 -.00000179  00000-0  00000-0 0  9998
2 38779   0.0189 149.0390 0001368 237.2220 191.0767  1.00271717 23547
LUCH 5B (SDCM/PRN 125)  
1 38977U 12061A   19074.76452830 -.00000143  00000-0  00000-0 0  9999
2 38977   4.8143  70.4738 0006526 295.9530  65.5812  1.00273206 23606
ASTRA 5B (EGNOS/PRN 123)
1 39617U 14011B   19074.89007569  .00000141  00000-0  00000-0 0  9994
2 39617   0.0419 357.1641 0003336 350.0577 177.8672  1.00271378 18096
LUCH 5V (SDCM/PRN 141)  
1 39727U 14023A   19074.94466008 -.00000282  00000-0  00000-0 0  9999
2 39727   1.4128 302.1341 0003548  76.6139 229.2299  1.00268386535947
GSAT-15 (GAGAN/PRN 139) 
1 41028U 15065A   19074.94645920 -.00000272  00000-0  00000-0 0  9994
2 41028   0.0320 241.8332 0001927 118.4641 247.1555  1.00271361 12271
E 117 W B (WAAS/PRN 131)
1 41589U 16038B   19074.67266890 -.00000025  00000-0  00000+0 0  9997
2 41589   0.0096 334.5205 0000451 112.7658 210.8332  1.00273074 10123
QZS-2 (QZSS/PRN 184)    
1 42738U 17028A   19074.43510682 -.00000134  00000-0  00000+0 0  9990
2 42738  43.7551 280.8142 0742904 270.6861 277.7639  1.00264594  6561