IRNSS-1A----------------
1 39199U 13034A   21280.07128844  .00000113  00000-0  00000+0 0  9993
2 39199  31.8677  89.2709 0020656 178.1723 189.2038  1.00270343 30462
IRNSS-1B----------------
1 39635U 14017A   21280.03827650  .00000088  00000-0  00000+0 0  9998
2 39635  29.2638 269.3216 0020098 189.7026 345.6925  1.00267617 27619
IRNSS-1C----------------
1 40269U 14061A   21279.90013265 -.00000161  00000-0  00000-0 0  9999
2 40269   2.4649 141.6764 0020327   7.0400 274.1738  1.00273225 25496
IRNSS-1D----------------
1 40547U 15018A   21279.40342524 -.00000294  00000-0  00000-0 0  9996
2 40547  29.0988 269.3896 0018780 189.9327 172.8905  1.00267888 23809
IRNSS-1E----------------
1 41241U 16003A   21279.90580184 -.00000271  00000-0  00000+0 0  9998
2 41241  29.4151  88.5868 0021820 175.7942 189.2813  1.00269350 21019
IRNSS-1F----------------
1 41384U 16015A   21280.03365396  .00000160  00000-0  00000+0 0  9997
2 41384   1.9687 177.9061 0017699 183.7988  58.8302  1.00268455 20481
IRNSS-1G----------------
1 41469U 16027A   21279.98124553 -.00000334  00000-0  00000+0 0  9998
2 41469   1.9322 181.4211 0003239 317.2048 359.9986  1.00271833 19984
IRNSS-1I----------------
1 43286U 18035A   21279.10496477  .00000123  00000-0  00000-0 0  9995
2 43286  29.3153 101.5146 0020271 179.0129 187.5010  1.00278106 12883
