TDRS-3------------------
1 19548U 88091B   21280.02202203 -.00000298  00000-0  00000+0 0  9996
2 19548  13.8925 353.3387 0035478 323.7362  17.7266  1.00279288108175
FLTSATCOM-8-(USA-46)----
1 20253U 89077A   21279.76160741 -.00000077  00000-0  00000-0 0  9991
2 20253  12.9303   1.9663 0005005 138.0706 221.6842  1.00272891243411
SKYNET-4C---------------
1 20776U 90079A   21279.70973826  .00000128  00000-0  00000-0 0  9991
2 20776  13.8753   1.9985 0002913 211.1521  91.7192  1.00274642113696
TDRS-5------------------
1 21639U 91054B   21279.68179987  .00000089  00000-0  00000-0 0  9993
2 21639  14.2518   6.6687 0021662   2.7380  84.1768  1.00279713110527
TDRS-6------------------
1 22314U 93003B   21279.84574979 -.00000292  00000-0  00000-0 0  9995
2 22314  14.1108   9.8798 0008309 119.2505 145.0096  1.00278968105218
UFO-2-(USA-95)----------
1 22787U 93056A   21280.14879354  .00000128  00000-0  00000+0 0  9993
2 22787  11.4065  12.5266 0005977 197.0952 248.7001  1.00275365101472
USA-99-(MILSTAR-1-1)----
1 22988U 94009A   21279.36321767 -.00000187  00000-0  00000-0 0  9994
2 22988  14.9330  45.8164 0003189 140.5013 229.6812  1.00269605 15773
ASTRA-1D----------------
1 23331U 94070A   21279.41577597 -.00000265  00000-0  00000-0 0  9992
2 23331   9.7576  39.3965 0003714 161.0412 251.5571  1.00269872 99091
USA-107-(DSP-17)--------
1 23435U 94084A   21279.53286250 -.00000162  00000-0  00000-0 0  9994
2 23435  14.5871   7.8209 0001359 137.1787 325.5318  1.00276837 15763
UFO-4-(USA-108)---------
1 23467U 95003A   21279.65664163 -.00000020  00000-0  00000-0 0  9990
2 23467   9.8841  18.8189 0004895 132.5892 272.8403  1.00271030 97764
AMSC-1------------------
1 23553U 95019A   21279.41290257 -.00000088  00000-0  00000-0 0  9990
2 23553  11.7105  27.8973 0003394 197.8298 190.7379  1.00272192 96986
TDRS-7------------------
1 23613U 95035B   21280.07457459 -.00000196  00000-0  00000+0 0  9997
2 23613  14.0686   0.5568 0026020  49.6230  77.1908  1.00267744 95962
USA-113-----------------
1 23628U 95038A   21279.88486895 -.00000334  00000-0  00000+0 0  9993
2 23628  11.8570  26.7155 0001357 164.6357 246.6788  1.00269292 14422
USA-115-(MILSTAR-1-2)---
1 23712U 95060A   21279.40420206 -.00000015  00000-0  00000-0 0  9991
2 23712  13.4238  16.1812 0002923 169.2767 215.3381  1.00272218 15698
INMARSAT-3-F1-----------
1 23839U 96020A   21279.63673380  .00000114  00000-0  00000-0 0  9995
2 23839   7.0196  59.6612 0006673 114.1959 272.8542  0.99994319 93118
INMARSAT-3-F2-----------
1 24307U 96053A   21279.90030708 -.00000109  00000-0  00000-0 0  9998
2 24307   5.9462  68.7923 0005472  83.1329 271.8528  0.99977510 91777
AMC-1-(GE-1)------------
1 24315U 96054A   21279.64214133  .00000068  00000-0  00000-0 0  9998
2 24315   5.0206  75.1956 0003006 119.5722 281.0442  1.00270493 29131
INMARSAT-3-F3-----------
1 24674U 96070A   21279.73337153 -.00000257  00000-0  00000-0 0  9993
2 24674   6.5913  63.3803 0005913 120.2914  62.3982  1.00000598 90764
INTELSAT-26-(IS-26)-----
1 24732U 97007A   21279.89681836 -.00000015  00000-0  00000+0 0  9997
2 24732   9.7086  40.1827 0002653 142.2997 222.2875  1.00272973 90099
GALAXY-25-(G-25)--------
1 24812U 97026A   21280.03766598  .00000081  00000-0  00000+0 0  9996
2 24812   3.0632  86.1104 0004038 133.2916 222.6716  1.00405664 89181
INTELSAT-5-(IS-5)-------
1 24916U 97046A   21279.59504231  .00000092  00000-0  00000-0 0  9999
2 24916   6.6893  62.7190 0003251 149.6929 240.2856  1.00273522 88434
AMC-3-(GE-3)------------
1 24936U 97050A   21279.51035469 -.00000258  00000-0  00000-0 0  9995
2 24936   3.9244  81.7595 0002730 112.2598 293.1245  1.00271440 35242
NSS-5-------------------
1 24957U 97053A   21279.69007809  .00000107  00000-0  00000-0 0  9999
2 24957   6.9276  60.9802 0003418 125.7788 127.7316  1.00273352 87957
USA-134-----------------
1 25019U 97065A   21279.53628294 -.00000056  00000-0  00000-0 0  9996
2 25019  10.7616  33.0491 0001312 326.8239  96.4089  1.00269253 15763
ASTRA-1G----------------
1 25071U 97076A   21279.68452100  .00000118  00000-0  00000-0 0  9991
2 25071   5.6661  70.1212 0003392 119.4271  91.8368  1.00272091 87312
INMARSAT-3-F5-----------
1 25153U 98006B   21280.02202203 -.00000286  00000-0  00000+0 0  9999
2 25153   5.8365  67.4789 0004621 129.4090 132.9788  1.00273264 86708
UFO-8-(USA-138)---------
1 25258U 98016A   21279.65464267 -.00000022  00000-0  00000-0 0  9992
2 25258   9.1556  30.8842 0004209 157.4307 234.5104  1.00270807 86667
ASTRA-2A----------------
1 25462U 98050A   21280.03278177  .00000150  00000-0  00000+0 0  9994
2 25462   2.7711  88.2053 0002004  99.7686 227.7016  1.00270578 84553
JCSAT-4A----------------
1 25630U 99006A   21279.86576340 -.00000306  00000-0  00000-0 0  9990
2 25630   5.6528  70.7387 0011013 176.5090 216.2083  1.00271028 33425
SKYNET-4E---------------
1 25639U 99009B   21279.50118664 -.00000031  00000-0  00000-0 0  9999
2 25639  11.1204  18.2892 0003208 195.9149 340.3513  1.00271272 34195
ASIASAT-3S--------------
1 25657U 99013A   21280.21979778 -.00000220  00000-0  00000+0 0  9994
2 25657   5.8310  69.2788 0002592  97.2584  76.6041  1.00271170 82639
NIMIQ-1-----------------
1 25740U 99027A   21279.57925704 -.00000198  00000-0  00000-0 0  9994
2 25740   2.2411  89.6427 0004530 111.9330 295.9152  1.00273193 81868
ABS-7-------------------
1 25894U 99046A   21280.12688140  .00000156  00000-0  00000+0 0  9990
2 25894   2.1253  90.2605 0003877  99.7637 265.0422  1.00270883 79951
ABS-6-------------------
1 25924U 99053A   21279.84352807 -.00000121  00000-0  00000+0 0  9990
2 25924   0.0448  63.9675 0001596 138.9664 275.4643  1.00271396 80653
AMC-4-(GE-4)------------
1 25954U 99060A   21280.14212432  .00000087  00000-0  00000+0 0  9995
2 25954   0.8817  94.4946 0002856  99.8603  97.9342  1.00272076 80291
UFO-10-(USA-146)--------
1 25967U 99063A   21279.84149976 -.00000180  00000-0  00000-0 0  9995
2 25967   8.4075  34.2192 0004594 150.5012 111.7220  1.00270008 80158
GALAXY-11-(G-11)--------
1 26038U 99071A   21279.62341209 -.00000162  00000-0  00000-0 0  9993
2 26038   2.3806  90.7656 0001158 325.8381  90.2519  1.00270937 79896
USA-148-----------------
1 26052U 00001A   21279.66728927  .00000044  00000-0  00000-0 0  9992
2 26052   9.1400  43.8795 0001241 132.2199 259.9553  1.00273718 15779
ASIASTAR----------------
1 26107U 00016A   21279.90458078 -.00000332  00000-0  00000-0 0  9994
2 26107   5.0879  73.8834 0003959 122.1351 250.4285  1.00274416 78737
USA-149-(DSP-20)--------
1 26356U 00024A   21279.73961547  .00000104  00000-0  00000-0 0  9996
2 26356  11.8978  23.1596 0003391 215.1234 239.0417  1.00289372 15721
EUTELSAT-80A------------
1 26369U 00028A   21278.19388601 -.00000100  00000-0  00000-0 0  9994
2 26369   4.3945  77.3904 0014332 176.8946 177.1292  1.00274211 78223
TDRS-8------------------
1 26388U 00034A   21279.86369068 -.00000225  00000-0  00000-0 0  9991
2 26388   9.9688  44.2741 0016254 334.8533  36.4968  1.00264299 77999
INTELSAT-9-(IS-9)-------
1 26451U 00043A   21279.80183779 -.00000284  00000-0  00000-0 0  9994
2 26451   6.6757  62.8950 0002806 138.1528  53.3237  1.00272835 26958
NSS-11-(AAP-1)----------
1 26554U 00059A   21279.84692958  .00000024  00000-0  00000-0 0  9994
2 26554   0.0443  64.5698 0002602 130.2920 301.7710  1.00271859 24110
USA-153-----------------
1 26575U 00065A   21279.72757681 -.00000320  00000-0  00000-0 0  9996
2 26575   8.6741  47.2024 0001213 113.8406 250.9393  1.00274464 15748
AMC-6-(GE-6)------------
1 26580U 00067A   21279.71235194  .00000103  00000-0  00000-0 0  9991
2 26580   0.0443  64.4185 0002632 126.6837 301.9548  1.00270739 76730
INTELSAT-12-(IS-12)-----
1 26590U 00068A   21280.04002087  .00000014  00000-0  00000+0 0  9994
2 26590   4.0568  81.9509 0002277  96.8150 275.8250  1.00271639 76614
INTELSAT-1R-(IS-1R)-----
1 26608U 00072A   21279.91495973 -.00000136  00000-0  00000-0 0  9990
2 26608   3.8226  82.9379 0000847 229.7711 189.5809  1.00272736 24139
ANIK-F1-----------------
1 26624U 00076A   21280.05253972 -.00000062  00000-0  00000+0 0  9997
2 26624   0.7956  95.7039 0007337  58.1581 131.7936  1.00271526 76535
ASTRA-2D----------------
1 26638U 00081A   21277.10348750  .00000123  00000-0  00000-0 0  9997
2 26638   6.7539  61.9555 0005568 170.4935 201.4803  1.00177744 35693
AMC-8-(GE-8)------------
1 26639U 00081B   21279.71313691  .00000088  00000-0  00000-0 0  9993
2 26639   1.8107  91.2031 0002652 107.9225 298.2134  1.00271008 76148
USA-157-(MILSTAR-2-2)---
1 26715U 01009A   21279.50262546  .00000017  00000-0  00000+0 0  9999
2 26715   9.7717  28.2958 0002472 180.0719 223.6699  1.00273578 14453
EUTELSAT-133-WEST-A-----
1 26719U 01011A   21279.64179245  .00000079  00000-0  00000-0 0  9993
2 26719   3.0895  85.0546 0002740 115.2480 273.4130  1.00271432 75354
INTELSAT-10-(IS-10)-----
1 26766U 01019A   21280.06261037  .00000037  00000-0  00000+0 0  9995
2 26766   4.9791  75.4242 0003168 140.7622   0.0997  1.00271703 74741
INTELSAT-901-(IS-901)---
1 26824U 01024A   21279.48035521 -.00000203  00000-0  00000+0 0  9993
2 26824   0.0257  99.8840 0000900  99.9150 321.0229  1.00270765 74398
ASTRA-2C----------------
1 26853U 01025A   21280.05896293 -.00000257  00000-0  00000+0 0  9991
2 26853   3.9518  81.5460 0002532 114.5705 128.5770  1.00268780 74385
USA-159-(DSP-21)--------
1 26880U 01033A   21279.34208150 -.00000292  00000-0  00000-0 0  9999
2 26880  11.1970  27.3236 0001698 221.6134 200.4133  1.00274133 15775
INTELSAT-902-(IS-902)---
1 26900U 01039A   21279.97903404 -.00000282  00000-0  00000+0 0  9999
2 26900   1.7697  91.7039 0003034 100.1777 126.3488  1.00272523 73588
USA-164-(MILSTAR-2-3)---
1 27168U 02001A   21279.26232723  .00000105  00000-0  00000-0 0  9991
2 27168   9.2438  30.0085 0001924 177.5268 281.0882  1.00276955 14458
ECHOSTAR-7--------------
1 27378U 02006A   21279.61078222 -.00000002  00000-0  00000-0 0  9997
2 27378   0.0425  63.3358 0001921  88.0945 325.1425  1.00271680 33413
INTELSAT-904-(IS-904)---
1 27380U 02007A   21279.87771758 -.00000212  00000-0  00000-0 0  9996
2 27380   2.6032  88.5436 0002799 105.6948 108.0114  1.00271817 34570
TDRS-9------------------
1 27389U 02011A   21279.87108900 -.00000283  00000-0  00000-0 0  9991
2 27389   8.4821  63.0910 0022709 285.4360 278.4565  1.00277326 73253
ASTRA-3A----------------
1 27400U 02015B   21280.07303108 -.00000201  00000-0  00000+0 0  9999
2 27400   6.8723  60.7509 0000897 131.9735 122.7431  1.00273062 71538
NSS-7-------------------
1 27414U 02019A   21279.80785583 -.00000155  00000-0  00000-0 0  9997
2 27414   5.3097  73.2960 0002240 132.4410  80.7859  1.00272604 71371
DIRECTV-5-(TEMPO-1)-----
1 27426U 02023A   21279.61762028 -.00000057  00000-0  00000-0 0  9994
2 27426   0.4870  95.9129 0003404 108.5109 283.3173  1.00271883 70938
INTELSAT-905-(IS-905)---
1 27438U 02027A   21280.02231559 -.00000184  00000-0  00000+0 0  9998
2 27438   2.4253  89.3224 0002455 106.5054 163.6223  1.00270318 70784
GALAXY-3C-(G-3C)--------
1 27445U 02030A   21279.57725102 -.00000152  00000-0  00000-0 0  9996
2 27445   0.0264 278.6962 0001585  61.3942 148.1260  1.00269376 29311
EUTELSAT-5-WEST-A-------
1 27460U 02035A   21279.88260179 -.00000042  00000-0  00000-0 0  9998
2 27460   1.6916  92.0492 0005137 109.4319 127.0305  1.00272283 70429
METEOSAT-8-(MSG-1)------
1 27509U 02040B   21280.13994837  .00000139  00000-0  00000+0 0  9998
2 27509   7.5710  51.9143 0001146 172.7986 243.0927  1.00270797 70063
INTELSAT-906-(IS-906)---
1 27513U 02041A   21279.78521743  .00000014  00000-0  00000-0 0  9998
2 27513   1.4356  93.3758 0003397 110.0468 159.0771  1.00272359 69831
HISPASAT-30W-4----------
1 27528U 02044A   21279.71156699  .00000118  00000-0  00000-0 0  9999
2 27528   2.2097  89.4873 0004330 100.5753 298.6873  1.00271554 25786
TDRS-10-----------------
1 27566U 02055A   21280.11447094  .00000093  00000-0  00000+0 0  9992
2 27566   7.7432  51.3020 0005280 330.3006 224.4970  1.00275871 69039
NSS-6-------------------
1 27603U 02057A   21279.77802723  .00000108  00000-0  00000-0 0  9998
2 27603   0.9702  94.4290 0003281 102.4709 289.4130  1.00275036 68851
NIMIQ-2-----------------
1 27632U 02062A   21279.68452100  .00000127  00000-0  00000-0 0  9997
2 27632   5.4173  72.4162 0000950  64.5344 153.5794  1.00013752 26993
USA-167-----------------
1 27691U 03008A   21279.60202517  .00000058  00000-0  00000-0 0  9993
2 27691   7.5465  56.1557 0002411  40.4626   5.5153  1.00274497 15765
USA-169-(MILSTAR-2-4)---
1 27711U 03012A   21279.86839169 -.00000190  00000-0  00000+0 0  9995
2 27711   9.7481  41.8202 0002725 149.9071 288.7730  1.00275732 14459
GALAXY-12-(G-12)--------
1 27715U 03013B   21280.14662293  .00000059  00000-0  00000+0 0  9998
2 27715   2.6388  88.0882 0001760 111.2399 100.4872  1.00271347 67814
ASIASAT-4---------------
1 27718U 03014A   21280.12688140  .00000153  00000-0  00000+0 0  9994
2 27718   0.3327  97.7212 0002224 102.4997 259.6454  1.00271992 67731
HELLAS-SAT-2------------
1 27811U 03020A   21280.06028594 -.00000150  00000-0  00000+0 0  9997
2 27811   3.0561  87.2254 0004306 103.8080 111.4378  1.00271559 67140
THURAYA-2---------------
1 27825U 03026A   21280.00811990  .00000130  00000-0  00000+0 0  9999
2 27825   6.4277  34.0289 0004522 131.7393 257.0399  1.00271912 67155
OPTUS-C1----------------
1 27831U 03028B   21279.86981209 -.00000149  00000-0  00000-0 0  9993
2 27831   2.5659  89.1705 0005932 103.3095 292.1415  1.00270820 35877
GALAXY-23-(G-23)--------
1 27854U 03034A   21279.60956742  .00000012  00000-0  00000-0 0  9999
2 27854   0.0300 245.4516 0002980 312.1385 276.3646  1.00272533 66559
USA-170-----------------
1 27875U 03040A   21279.80340771 -.00000269  00000-0  00000-0 0  9995
2 27875   6.8509  61.5378 0004466 124.0257  77.0009  1.00267738 15777
GALAXY-13-(HORIZONS-1)--
1 27954U 03044A   21280.14746552  .00000047  00000-0  00000+0 0  9995
2 27954   0.0223 143.0422 0001655  46.9637 112.1012  1.00271569 65969
YAMAL-202---------------
1 28089U 03053A   21279.77270692 -.00000078  00000-0  00000-0 0  9995
2 28089   1.9990  90.6283 0005889  71.2976 295.4373  1.00273153 65496
UFO-11-(USA-174)--------
1 28117U 03057A   21280.01661163 -.00000090  00000-0  00000+0 0  9990
2 28117   6.6410  37.8647 0002096  90.1785 328.2625  1.00272026 65234
USA-176-(DSP-22)--------
1 28158U 04004A   21279.85813321 -.00000215  00000-0  00000-0 0  9993
2 28158   9.7641  36.6328 0000651 153.1513 222.2391  1.00274094 15747
ABS-4-(MOBISAT-1)-------
1 28184U 04007A   21279.89577174  .00000041  00000-0  00000-0 0  9998
2 28184   1.6850  91.8583 0005311 105.9773 201.4080  1.00270970 35145
EUTELSAT-7A-------------
1 28187U 04008A   21279.71235194  .00000105  00000-0  00000-0 0  9997
2 28187   1.4725  90.1914 0004048 104.0352 298.6476  1.00268967 64160
AMC-11-(GE-11)----------
1 28252U 04017A   21279.60052458  .00000068  00000-0  00000-0 0  9996
2 28252   0.0454  58.8221 0002606 138.9962 262.8671  1.00272183 63692
INTELSAT-10-02----------
1 28358U 04022A   21279.88347397 -.00000012  00000-0  00000-0 0  9998
2 28358   0.0266 103.2325 0000859  96.1615 133.4368  1.00270902 63354
ANIK-F2-----------------
1 28378U 04027A   21279.61762110 -.00000051  00000-0  00000-0 0  9993
2 28378   0.0514  81.6445 0001147 104.4089 300.7380  1.00270072 24070
AMC-15------------------
1 28446U 04041A   21279.62218066 -.00000090  00000-0  00000-0 0  9995
2 28446   0.0478  55.6810 0002586 143.0015 295.7751  1.00271378 62132
NSS-10-(AMC-12)---------
1 28526U 05003A   21280.01969904 -.00000250  00000-0  00000+0 0  9999
2 28526   2.1573  89.9194 0002779  97.9256 157.7202  1.00271733 61135
XTAR-EUR----------------
1 28542U 05005A   21278.87843481  .00000150  00000-0  00000-0 0  9990
2 28542   0.0215 195.4010 0002477 354.6059 169.9881  1.00270160 60996
XM-3-(RHYTHM)-----------
1 28626U 05008A   21279.57934425 -.00000206  00000-0  00000-0 0  9996
2 28626   0.0020 182.4823 0001143 270.0032  46.4449  1.00268783 25439
INMARSAT-4-F1-----------
1 28628U 05009A   21279.84047543 -.00000260  00000-0  00000-0 0  9995
2 28628   3.4360  32.2415 0002787 165.3309 264.2322  1.00271117 60481
DIRECTV-8---------------
1 28659U 05019A   21280.00339894 -.00000000  00000-0  00000+0 0  9994
2 28659   0.0197 187.7624 0003001  12.3627  57.9523  1.00272366 59999
GALAXY-28-(G-28)--------
1 28702U 05022A   21279.93763646 -.00000186  00000-0  00000+0 0  9998
2 28702   0.0170 150.6445 0000835  37.6635  76.0601  1.00266572 59632
EXPRESS-AM3-------------
1 28707U 05023A   21280.17529619  .00000135  00000-0  00000+0 0  9995
2 28707   2.9483  86.0592 0001214 132.7075 243.3778  1.00271579 59656
THAICOM-4---------------
1 28786U 05028A   21279.90745897 -.00000364  00000-0  00000-0 0  9990
2 28786   0.0021 185.1563 0002583   5.2614 271.5627  1.00270783 35063
GALAXY-14-(G-14)--------
1 28790U 05030A   21279.81840922  .00000155  00000-0  00000-0 0  9990
2 28790   0.6224  94.4196 0002549 106.1435 142.6907  1.00269629 59115
ANIK-F1R----------------
1 28868U 05036A   21280.00575382 -.00000075  00000-0  00000+0 0  9991
2 28868   0.0139 236.8428 0000842 343.7507  50.0305  1.00271680 58969
GALAXY-15-(G-15)--------
1 28884U 05041A   21279.64179245  .00000078  00000-0  00000-0 0  9994
2 28884   0.0355  94.8990 0001874 107.9440 270.7382  1.00273198 58428
SYRACUSE-3A-------------
1 28885U 05041B   21279.89298076  .00000128  00000-0  00000-0 0  9992
2 28885   0.4861  96.2930 0002736  96.7295 191.2140  1.00271896 58552
INMARSAT-4-F2-----------
1 28899U 05044A   21279.89638226  .00000011  00000-0  00000-0 0  9996
2 28899   3.3155  34.8422 0002742 166.3008 201.2480  1.00272637 58331
SPACEWAY-2--------------
1 28903U 05046B   21280.13944056  .00000104  00000-0  00000+0 0  9996
2 28903   1.3107  90.1846 0000132   7.4890 189.6419  1.00271622 58303
METEOSAT-9-(MSG-2)------
1 28912U 05049B   21279.74069785  .00000020  00000-0  00000-0 0  9999
2 28912   5.4500  67.7971 0000856  31.5833 186.2486  1.00274242 57848
EUTELSAT-174A-----------
1 28924U 05052A   21279.84649348  .00000009  00000-0  00000-0 0  9993
2 28924   0.0091  50.8141 0006484 146.3883 297.2678  1.00271526 35149
ECHOSTAR-10-------------
1 28935U 06003A   21279.61762038 -.00000057  00000-0  00000-0 0  9993
2 28935   0.0409  67.6829 0001562 153.3636 266.6293  1.00272565 57285
SPAINSAT----------------
1 28945U 06007A   21279.04177609 -.00000217  00000-0  00000-0 0  9997
2 28945   0.0224 219.6743 0005531 346.0437 154.2840  1.00272011 57023
EUTELSAT-HOTBIRD-13E----
1 28946U 06007B   21279.88617774  .00000086  00000-0  00000-0 0  9995
2 28946   0.0384 173.6695 0006987  23.5856 150.5396  1.00271668 57116
JCSAT-5A----------------
1 29045U 06010A   21279.98176885 -.00000329  00000-0  00000+0 0  9994
2 29045   0.0104 185.2941 0001875  15.2283 300.8448  1.00270982 56758
ASTRA-1KR---------------
1 29055U 06012A   21279.88748601  .00000119  00000-0  00000-0 0  9994
2 29055   0.0100 202.8062 0005210  12.9953 138.7042  1.00274595 28537
EWS-G1-(GOES-13)--------
1 29155U 06018A   21279.89594617  .00000034  00000-0  00000-0 0  9994
2 29155   0.1509 114.4314 0006888  98.0080 187.6090  1.00268961 26183
EUTELSAT-113-WEST-A-----
1 29162U 06020A   21279.61533997 -.00000038  00000-0  00000-0 0  9994
2 29162   0.0409  80.1994 0003038 113.6957 290.1264  1.00271861 56283
GALAXY-16-(G-16)--------
1 29236U 06023A   21280.00741097 -.00000128  00000-0  00000+0 0  9995
2 29236   0.0164 203.5378 0002653 353.8943  82.1209  1.00272863 56073
EUTELSAT-HOTBIRD-13B----
1 29270U 06032A   21279.88617774  .00000085  00000-0  00000-0 0  9993
2 29270   0.0759   1.7697 0001896 228.3085 117.7151  1.00269744 30116
JCSAT-3A----------------
1 29272U 06033A   21279.98089667 -.00000346  00000-0  00000+0 0  9991
2 29272   0.0112 212.7612 0002284 334.6740 309.5718  1.00271800 55576
SYRACUSE-3B-------------
1 29273U 06033B   21279.95438233 -.00000044  00000-0  00000+0 0  9991
2 29273   0.0183 231.1065 0004361 318.6766 164.4614  1.00274639 55565
KOREASAT-5-(MUGUNGWHA-5)
1 29349U 06034A   21279.90615071 -.00000359  00000-0  00000-0 0  9998
2 29349   0.0103 203.2043 0002015   9.8111 242.0494  1.00270943 24125
DIRECTV-9S--------------
1 29494U 06043A   21280.16393424 -.00000115  00000-0  00000+0 0  9993
2 29494   0.0149 206.7693 0002909 344.5613 142.5386  1.00272135 54912
OPTUS-D1----------------
1 29495U 06043B   21279.91548304 -.00000112  00000-0  00000-0 0  9992
2 29495   0.0442  85.3454 0003401 107.1672 312.8608  1.00271859 54934
XM-4-(BLUES)------------
1 29520U 06049A   21280.00418389 -.00000024  00000-0  00000+0 0  9999
2 29520   0.0419 286.4808 0000068 273.1745  62.5276  1.00272073 54800
BADR-4------------------
1 29526U 06051A   21279.88879428  .00000143  00000-0  00000-0 0  9999
2 29526   0.0555 337.4792 0004783 264.3677 119.8835  1.00271371 34085
WILDBLUE-1--------------
1 29643U 06054A   21280.00496885 -.00000050  00000-0  00000+0 0  9997
2 29643   0.0170 250.7398 0001634 306.4637  69.2972  1.00272232 54352
AMC-18------------------
1 29644U 06054B   21279.86707698 -.00000217  00000-0  00000-0 0  9993
2 29644   0.0411  80.4952 0002505 120.2143  44.1991  1.00270612 54361
INSAT-4B----------------
1 30793U 07007A   21280.04420734 -.00000189  00000-0  00000+0 0  9991
2 30793   1.5927  92.4109 0005935 137.5486 247.4175  1.00271698 53371
SKYNET-5A---------------
1 30794U 07007B   21280.04612615 -.00000271  00000-0  00000+0 0  9995
2 30794   1.7113  89.6365 0003654 113.4880 284.6334  1.00271932 53461
ANIK-F3-----------------
1 31102U 07009A   21279.61078177 -.00000003  00000-0  00000-0 0  9995
2 31102   0.0251 263.2250 0001928 297.9075 275.5457  1.00274340 29373
ASTRA-1L----------------
1 31306U 07016A   21279.88748601  .00000119  00000-0  00000-0 0  9991
2 31306   0.0525 355.8663 0003408 246.9087 111.7041  1.00274116 27831
GALAXY-17-(G-17)--------
1 31307U 07016B   21279.93728758 -.00000175  00000-0  00000+0 0  9991
2 31307   0.0196 197.2753 0003164   5.8612  59.0870  1.00268789 52885
ZHONGXING-6B------------
1 31800U 07031A   21279.90667403 -.00000363  00000-0  00000-0 0  9992
2 31800   0.0289 260.4875 0003299 293.3383 263.8377  1.00267510 52239
DIRECTV-10--------------
1 31862U 07032A   21280.08348100 -.00000104  00000-0  00000+0 0  9994
2 31862   0.0063 110.6848 0000157  35.1067 157.4393  1.00271338 52211
SPACEWAY-3--------------
1 32018U 07036A   21279.57759990 -.00000153  00000-0  00000-0 0  9992
2 32018   0.0174  21.0743 0000184  97.6912   9.6869  1.00271635 29365
BSAT-3A-----------------
1 32019U 07036B   21279.92248262 -.00000352  00000-0  00000-0 0  9998
2 32019   0.0279 186.4192 0004052  30.8016 240.5409  1.00270984 33321
OPTUS-D2----------------
1 32252U 07044A   21279.91391312 -.00000184  00000-0  00000+0 0  9992
2 32252   0.0204 244.6841 0003580 306.5030 305.6349  1.00271814 51251
INTELSAT-11-(IS-11)-----
1 32253U 07044B   21279.94679435 -.00000270  00000-0  00000+0 0  9997
2 32253   0.0151 250.8100 0001598 307.8962 115.0017  1.00270671 51339
WGS-F1-(USA-195)--------
1 32258U 07046A   21279.88478226  .00000040  00000-0  00000-0 0  9997
2 32258   0.0188 135.0945 0000971  62.2185 142.9473  1.00271147 35187
STAR-ONE-C1-------------
1 32293U 07056A   21279.87065292 -.00000277  00000-0  00000-0 0  9994
2 32293   0.3266  95.8100 0003419 112.4723  55.9220  1.00273222 34580
SKYNET-5B---------------
1 32294U 07056B   21279.88861986  .00000141  00000-0  00000-0 0  9999
2 32294   0.8906  90.1833 0003685 103.9094 166.6722  1.00271170 51002
ASTRA-4A-(SIRIUS-4)-----
1 32299U 07057A   21280.06854830  .00000031  00000-0  00000+0 0  9994
2 32299   0.0487  71.9696 0002602 119.4807 214.0008  1.00270514 50778
HORIZONS-2--------------
1 32388U 07063B   21280.04412014 -.00000184  00000-0  00000+0 0  9992
2 32388   0.0186 115.8678 0002434  85.7203 275.0839  1.00271504 50699
THURAYA-3---------------
1 32404U 08001A   21280.00353819 -.00000302  00000-0  00000+0 0  9999
2 32404   3.8964  18.6775 0003030 123.2892 333.6968  1.00274162 50345
EXPRESS-AM33------------
1 32478U 08003A   21279.88146796 -.00000089  00000-0  00000-0 0  9993
2 32478   0.4194  95.6784 0000194 201.8534  24.6462  1.00272204 36540
THOR-5------------------
1 32487U 08006A   21279.95525451 -.00000010  00000-0  00000+0 0  9996
2 32487   0.0246 245.0085 0002448 317.3152 156.6673  1.00270641 49987
AMC-14------------------
1 32708U 08011A   21280.03068852  .00000087  00000-0  00000+0 0  9999
2 32708  21.6954  41.3415 0034357   6.3056 357.3005  1.00274253 50911
DIRECTV-11--------------
1 32729U 08013A   21279.62673941 -.00000127  00000-0  00000-0 0  9995
2 32729   0.0096  22.4934 0000129  93.2638  26.2174  1.00270938 28403
ICO-G1------------------
1 32763U 08016A   21279.93685149 -.00000171  00000-0  00000+0 0  9991
2 32763   3.8304  21.9767 0002409 163.3448  74.9081  1.00270836 49275
VINASAT-1---------------
1 32767U 08018A   21279.90990109 -.00000330  00000-0  00000-0 0  9997
2 32767   0.0159 266.8635 0001882 304.2360 264.2105  1.00269823 49414
STAR-ONE-C2-------------
1 32768U 08018B   21279.94147406 -.00000266  00000-0  00000+0 0  9993
2 32768   0.0547 112.9889 0002743  56.8402 114.9210  1.00269328 49353
TIANLIAN-1-01-----------
1 32779U 08019A   21279.89969655 -.00000138  00000-0  00000-0 0  9997
2 32779   5.1669  70.1629 0027322 268.7783  80.7647  1.00271443 49275
AMOS-3------------------
1 32794U 08022A   21279.88277623 -.00000036  00000-0  00000-0 0  9991
2 32794   0.0361 111.1175 0002714  57.8628 160.4785  1.00271180 65163
GALAXY-18-(G-18)--------
1 32951U 08024A   21279.60736453  .00000024  00000-0  00000-0 0  9995
2 32951   0.0227 197.8527 0002880 353.3732 279.8931  1.00269619 28661
CHINASAT-9-(ZX-9)-------
1 33051U 08028A   21280.04560285 -.00000249  00000-0  00000+0 0  9998
2 33051   0.0100 205.9510 0003751 349.9232 288.7144  1.00270627 48826
SKYNET-5C---------------
1 33055U 08030A   21280.10931962 -.00000141  00000-0  00000+0 0  9997
2 33055   0.0651   2.6240 0003500 191.1395 203.7644  1.00269787 48717
TURKSAT-3A--------------
1 33056U 08030B   21279.89202135  .00000144  00000-0  00000-0 0  9998
2 33056   0.0557  81.0397 0004086  91.8195 206.0821  1.00274581 35167
INTELSAT-25-(IS-25)-----
1 33153U 08034A   21279.87736870 -.00000225  00000-0  00000-0 0  9997
2 33153   0.0103 200.2026 0002757 352.2704 107.6472  1.00270858 48502
BADR-6------------------
1 33154U 08034B   21279.88879428  .00000144  00000-0  00000-0 0  9995
2 33154   0.0609  37.6206 0002559 164.5230 159.6254  1.00273685 48566
ECHOSTAR-11-------------
1 33207U 08035A   21279.61868965 -.00000058  00000-0  00000-0 0  9995
2 33207   0.0420  73.8009 0002557 118.5676 295.8718  1.00271516 34047
SUPERBIRD-C2------------
1 33274U 08038A   21279.91234319 -.00000252  00000-0  00000+0 0  9990
2 33274   0.0101 197.0370 0001815   9.3568 281.8089  1.00270894 48195
AMC-21------------------
1 33275U 08038B   21279.71514293  .00000035  00000-0  00000-0 0  9990
2 33275   0.0450  67.2240 0002481 132.6111 308.3366  1.00270615 48308
INMARSAT-4-F3-----------
1 33278U 08039A   21280.00767262 -.00000140  00000-0  00000+0 0  9991
2 33278   3.2357  17.1453 0002981 183.2195  80.2883  1.00272391 48078
NIMIQ-4-----------------
1 33373U 08044A   21279.86725140 -.00000221  00000-0  00000-0 0  9995
2 33373   0.0275 261.1749 0002290 300.0809  44.7127  1.00270826 47796
GALAXY-19-(G-19)--------
1 33376U 08045A   21279.62901931 -.00000140  00000-0  00000-0 0  9997
2 33376   0.0172 252.8929 0002995 300.9009 311.1768  1.00272525 47717
ASTRA-1M----------------
1 33436U 08057A   21279.88748601  .00000119  00000-0  00000-0 0  9993
2 33436   0.0369 113.5765 0004691  56.1686 184.7473  1.00274555 28530
CIEL-2------------------
1 33453U 08063A   21280.00148014  .00000057  00000-0  00000+0 0  9997
2 33453   0.0262 138.5219 0003191  76.2271  32.8343  1.00272601 46943
EUTELSAT-HOTBIRD-13C----
1 33459U 08065A   21280.06299390  .00000085  00000-0  00000+0 0  9996
2 33459   0.0243  50.9173 0004146 114.9475 245.7404  1.00268779 47069
EUTELSAT-48D------------
1 33460U 08065B   21279.88111909 -.00000101  00000-0  00000-0 0  9996
2 33460   0.8214  95.6736 0003241  98.7138 126.0659  1.00271052 46765
FENGYUN-2E--------------
1 33463U 08066A   21279.90091760 -.00000199  00000-0  00000-0 0  9992
2 33463   5.3483  66.6502 0002731 332.7310  27.2254  1.00268402 46893
EXPRESS-AM44------------
1 33595U 09007A   21280.20118907 -.00000090  00000-0  00000+0 0  9991
2 33595   0.0320 300.1034 0000143 329.0069 168.4047  1.00271999 46378
NSS-9-------------------
1 33749U 09008A   21280.06365699  .00000071  00000-0  00000+0 0  9997
2 33749   0.0501  70.5349 0001975 127.5248  23.8708  1.00271777 46373
EUTELSAT-33E------------
1 33750U 09008B   21280.12688140  .00000154  00000-0  00000+0 0  9997
2 33750   0.0643  31.8115 0003883 154.5444 268.4178  1.00272047 46415
TELSTAR-11N-------------
1 34111U 09009A   21279.94792818 -.00000252  00000-0  00000+0 0  9996
2 34111   0.0228 212.2814 0002425 325.9739 141.2441  1.00268291 46225
EUTELSAT-10A------------
1 34710U 09016A   21279.88565444  .00000067  00000-0  00000-0 0  9999
2 34710   0.0674  13.9802 0005393 178.7951 151.8185  1.00271747 24065
WGS-F2-(USA-204)--------
1 34713U 09017A   21280.03862538  .00000067  00000-0  00000+0 0  9995
2 34713   0.0148 134.1357 0000324 180.8625 132.3627  1.00269539 45756
SES-7-(PROTOSTAR-2)-----
1 34941U 09027A   21279.90519130 -.00000347  00000-0  00000-0 0  9993
2 34941   0.0830  90.8011 0001491 160.0279 199.0889  1.00277876 45420
MEASAT-3A---------------
1 35362U 09032A   21279.90187701 -.00000243  00000-0  00000-0 0  9997
2 35362   0.0369 225.1382 0003117 344.1746 222.6499  1.00269634 45052
GOES-14-----------------
1 35491U 09033A   21279.62331753 -.00000096  00000-0  00000-0 0  9994
2 35491   0.3411 281.2055 0015559 292.7320 281.7472  1.00271206 44925
FM-5--------------------
1 35493U 09034A   21279.57934425 -.00000202  00000-0  00000+0 0  9994
2 35493   0.0331 305.4733 0000769  90.2010 102.2213  1.00270092 44787
TERRESTAR-1-------------
1 35496U 09035A   21280.00505608 -.00000056  00000-0  00000+0 0  9992
2 35496   2.8855  32.5093 0002763 164.6690  69.5364  1.00272471 44969
ASIASAT-5---------------
1 35696U 09042A   21279.90370859 -.00000309  00000-0  00000-0 0  9999
2 35696   0.0368 261.3990 0001305 287.9475 252.2525  1.00275164 44499
JCSAT-RA-(JCSAT-12)-----
1 35755U 09044A   21279.91513418 -.00000156  00000-0  00000+0 0  9997
2 35755   0.0206 209.4675 0001608 255.9831  38.0147  1.00136787 44471
OPTUS-D3----------------
1 35756U 09044B   21279.84291755 -.00000149  00000-0  00000-0 0  9990
2 35756   0.0564   7.2601 0002314 192.6927 275.2198  1.00271057 44370
NIMIQ-5-----------------
1 35873U 09050A   21279.51026748 -.00000258  00000-0  00000-0 0  9990
2 35873   0.0337 103.9148 0003067  97.6622 284.8305  1.00270640 44160
AMAZONAS-2--------------
1 35942U 09054A   21279.87143788 -.00000283  00000-0  00000-0 0  9992
2 35942   0.0460 124.1608 0004911  55.2434  89.0945  1.00271830 43997
COMSATBW-1--------------
1 35943U 09054B   21279.89620782  .00000022  00000-0  00000-0 0  9999
2 35943   0.0345  90.7850 0002865 102.1544 208.5508  1.00275681 44113
NSS-12------------------
1 36032U 09058A   21279.89498677  .00000070  00000-0  00000-0 0  9992
2 36032   0.0420  72.1940 0002806 128.7794 194.0165  1.00272884 43723
THOR-6------------------
1 36033U 09058B   21280.02966002 -.00000011  00000-0  00000+0 0  9997
2 36033   0.0100 212.8642 0001699 350.7363 182.1565  1.00271725 43780
INTELSAT-14-(IS-14)-----
1 36097U 09064A   21280.01821633 -.00000275  00000-0  00000+0 0  9995
2 36097   0.0223 196.8193 0002486   5.5597 135.0604  1.00267934 43505
EUTELSAT-36B------------
1 36101U 09065A   21280.12688140  .00000154  00000-0  00000+0 0  9993
2 36101   0.0679  14.3147 0004709 178.2327 265.0255  1.00271327 43628
INTELSAT-15-(IS-15)-----
1 36106U 09067A   21279.90056875 -.00000187  00000-0  00000-0 0  9996
2 36106   0.0222 279.2963 0002162 273.5640 232.2899  1.00270992 24034
WGS-F3-(USA-211)--------
1 36108U 09068A   21280.00287562  .00000017  00000-0  00000+0 0  9991
2 36108   0.0501  96.2112 0002933 192.4081 326.4365  1.00272060 43328
DIRECTV-12--------------
1 36131U 09075A   21280.08348100 -.00000104  00000-0  00000+0 0  9997
2 36131   0.0127 203.2242 0000296 268.0601 191.9891  1.00269757 43193
BEIDOU-3----------------
1 36287U 10001A   21279.91164545 -.00000280  00000-0  00000+0 0  9994
2 36287   1.6672  40.9691 0002613  79.8609   3.6145  1.00273268 42970
RADUGA-1M-2-------------
1 36358U 10002A   21279.90056875 -.00000185  00000-0  00000-0 0  9994
2 36358   0.0729 261.3497 0002856 318.0569 205.5949  1.00270765 32906
SDO---------------------
1 36395U 10005A   21279.52231491 -.00000038  00000-0  00000-0 0  9992
2 36395  31.1656 113.3687 0000285 271.5824  76.8126  1.00273897 42860
INTELSAT-16-(IS-16)-----
1 36397U 10006A   21279.86847247 -.00000246  00000-0  00000-0 0  9995
2 36397   0.0176 267.2637 0002084 285.3347  59.6156  1.00270807 42466
GOES-15-----------------
1 36411U 10008A   21279.71461962  .00000052  00000-0  00000-0 0  9998
2 36411   0.3704 275.7013 0000883 232.9929 356.2887  1.00262179 42486
ECHOSTAR-14-------------
1 36499U 10010A   21280.00348615 -.00000001  00000-0  00000+0 0  9994
2 36499   0.0164 229.3698 0002918 321.3250  67.5642  1.00272690 42349
SES-1-------------------
1 36516U 10016A   21279.62552736 -.00000115  00000-0  00000-0 0  9994
2 36516   0.0168 224.3050 0002394 329.5819 305.7837  1.00269254 41859
ASTRA-3B----------------
1 36581U 10021A   21279.88827097  .00000136  00000-0  00000-0 0  9997
2 36581   0.0781  69.3309 0003686 121.6326 168.0672  1.00270923 41688
COMSATBW-2--------------
1 36582U 10021B   21279.88626497  .00000087  00000-0  00000-0 0  9994
2 36582   0.0348  96.2987 0002367 114.0825 137.6432  1.00269744 41768
BADR-5------------------
1 36592U 10025A   21279.96567781  .00000144  00000-0  00000+0 0  9991
2 36592   0.0126 172.9556 0005504  11.3543 205.2038  1.00274781 41715
COMS-1------------------
1 36744U 10032A   21279.83742279 -.00000345  00000-0  00000-0 0  9996
2 36744   0.4769  95.9806 0000735  89.7545 259.6365  1.00270652 33894
ARABSAT-5A--------------
1 36745U 10032B   21279.88966646  .00000152  00000-0  00000-0 0  9993
2 36745   0.0610  30.6248 0004925 170.0354 165.8659  1.00271580 41455
ECHOSTAR-15-------------
1 36792U 10034A   21280.01490204 -.00000283  00000-0  00000+0 0  9991
2 36792   0.0420  76.5624 0001774 107.2508 135.7799  1.00268420 41219
BEIDOU-5----------------
1 36828U 10036A   21280.19314459 -.00000116  00000-0  00000+0 0  9994
2 36828  54.1814 178.5627 0023174 180.4688 193.8027  1.00271274 41043
NILESAT-201-------------
1 36830U 10037A   21279.88225292 -.00000059  00000-0  00000-0 0  9995
2 36830   0.0480 152.8316 0004444  21.3119 152.2296  1.00272233 41173
RASCOM-QAF-1R-----------
1 36831U 10037B   21279.88417174  .00000017  00000-0  00000-0 0  9991
2 36831   0.0177 145.8265 0005903  69.0047 122.1251  1.00271718 41109
AEHF-1-(USA-214)--------
1 36868U 10039A   21279.81265284  .00000030  00000-0  00000-0 0  9994
2 36868   3.8961  90.1791 0005179  46.7793 175.4063  1.00276066 36468
CHINASAT-6A-(ZX-6A)-----
1 37150U 10042A   21279.90859281 -.00000355  00000-0  00000-0 0  9990
2 37150   0.0129 220.2864 0001521 288.6324 319.0334  1.00269557 40716
QZS-1-(MICHIBIKI-1)-----
1 37158U 10045A   21279.47913059 -.00000086  00000-0  00000-0 0  9998
2 37158  42.0681 136.9139 0747451 270.2238 281.0674  1.00293631 40547
XM-5--------------------
1 37185U 10053A   21279.57934425 -.00000206  00000-0  00000-0 0  9992
2 37185   0.0157 219.6999 0000351  13.7881 265.4513  1.00269828 40298
BSAT-3B-----------------
1 37207U 10056B   21279.98871775 -.00000351  00000-0  00000+0 0  9993
2 37207   0.0232 330.4925 0002623 294.7912 216.3568  1.00267426 40082
BEIDOU-6----------------
1 37210U 10057A   21279.84370250 -.00000113  00000-0  00000-0 0  9992
2 37210   0.7351  37.3419 0004386 144.5541 297.4970  1.00273581 40091
SKYTERRA-1--------------
1 37218U 10061A   21280.08333258 -.00000118  00000-0  00000+0 0  9994
2 37218   2.2167  22.1349 0003656 169.0512 113.4599  1.00272149 40031
ZHONGXING-20A-----------
1 37234U 10064A   21279.90885447 -.00000350  00000-0  00000-0 0  9995
2 37234   2.0127  91.4149 0002449 121.5258 256.4416  1.00268038 39844
HYLAS-1-----------------
1 37237U 10065A   21279.71078203  .00000106  00000-0  00000-0 0  9990
2 37237   1.2780  92.7530 0002317 177.6637 213.9884  1.00594768 39791
INTELSAT-17-(IS-17)-----
1 37238U 10065B   21280.13366834 -.00000004  00000-0  00000+0 0  9996
2 37238   0.0327 143.1525 0002957  64.6458 282.3460  1.00277502 39735
BEIDOU-7----------------
1 37256U 10068A   21279.74255560 -.00000182  00000-0  00000-0 0  9995
2 37256  50.6662 292.6788 0018057 189.2380 269.9724  1.00273901 39604
EUTELSAT-KA-SAT-9A------
1 37258U 10069A   21279.67896666  .00000060  00000-0  00000-0 0  9992
2 37258   0.0727 264.5587 0004315 252.5531 111.8938  1.00269470 26813
HISPASAT-30W-5----------
1 37264U 10070A   21280.02118175 -.00000217  00000-0  00000+0 0  9998
2 37264   0.0363 120.0373 0005362  58.0997 175.3833  1.00270231 39475
KOREASAT-6--------------
1 37265U 10070B   21279.70535778 -.00000363  00000-0  00000-0 0  9997
2 37265   0.0157 219.1949 0001853   1.3218 164.9954  1.00270505 39577
BEIDOU-8----------------
1 37384U 11013A   21280.20559622 -.00000169  00000-0  00000+0 0  9991
2 37384  59.9321  56.7805 0019050 180.8868 318.7372  1.00276535 38484
INTELSAT-NEW-DAWN-------
1 37392U 11016A   21279.81840922  .00000154  00000-0  00000-0 0  9998
2 37392   0.0204 227.4065 0001486 311.0146 164.7126  1.00272600 36096
YAHSAT-1A---------------
1 37393U 11016B   21279.88730029  .00000100  00000-0  00000-0 0  9993
2 37393   0.0193 231.8484 0000495 344.7869 171.0681  1.00268134 25207
SBIRS-GEO-1-(USA-230)---
1 37481U 11019A   21280.06709859 -.00000009  00000-0  00000+0 0  9991
2 37481   1.8069   8.9236 0002334 183.7216 273.6623  1.00272464 38159
TELSTAR-14R-------------
1 37602U 11021A   21279.87108900 -.00000281  00000-0  00000-0 0  9999
2 37602   0.0507  76.5992 0000219 114.0545  75.7061  1.00270826 38634
GSAT-8------------------
1 37605U 11022A   21279.89463789  .00000083  00000-0  00000-0 0  9993
2 37605   0.0421  98.1958 0005838 155.8050 138.9440  1.00273386 36028
ST-2--------------------
1 37606U 11022B   21280.06665876 -.00000214  00000-0  00000+0 0  9992
2 37606   0.0137 222.9329 0001953 347.3901 277.6245  1.00278563 38061
CHINASAT-10-(ZX-10)-----
1 37677U 11026A   21279.92219392 -.00000354  00000-0  00000-0 0  9991
2 37677   0.0990 261.7119 0004802 281.0338 275.5574  1.00269162 37806
TIANLIAN-1-02-----------
1 37737U 11032A   21279.79752976 -.00000015  00000-0  00000-0 0  9994
2 37737   2.5650  74.8231 0020322 105.3553 293.6096  1.00270863 37533
GSAT-12-----------------
1 37746U 11034A   21280.03670657  .00000124  00000-0  00000+0 0  9999
2 37746   0.7394  95.3761 0008610  10.9938 330.7000  1.00271268 37761
SES-3-------------------
1 37748U 11035A   21280.08348088 -.00000103  00000-0  00000+0 0  9995
2 37748   0.0491  59.2077 0002958 142.9778 100.8396  1.00271730 37500
KAZSAT-2----------------
1 37749U 11035B   21279.90091760 -.00000200  00000-0  00000-0 0  9996
2 37749   0.0463 303.9507 0000465 327.9572 154.7241  1.00273353 36199
BEIDOU-9----------------
1 37763U 11038A   21280.24701978 -.00000072  00000-0  00000+0 0  9999
2 37763  54.4690 181.0234 0086609 226.7716 151.4176  1.00287090 37467
ASTRA-1N----------------
1 37775U 11041A   21279.87549420  .00000119  00000-0  00000-0 0  9997
2 37775   0.0639  31.2324 0001395 114.3713 204.5642  1.00274137 27335
BSAT-3C-(JCSAT-110R)----
1 37776U 11041B   21279.92248250 -.00000352  00000-0  00000-0 0  9991
2 37776   0.0502  60.9353 0000235   8.7983  28.1360  1.00271577 33297
PAKSAT-1R---------------
1 37779U 11042A   21280.12688140  .00000152  00000-0  00000+0 0  9991
2 37779   0.0174  24.2233 0000235 264.7511 170.7162  1.00273128 37096
CHINASAT-1A-(ZX-1A)-----
1 37804U 11047A   21280.12110994 -.00000339  00000-0  00000+0 0  9990
2 37804   0.0441 340.6043 0001760 313.1001 255.7462  1.00269802 36880
SES-2-------------------
1 37809U 11049A   21280.00984340 -.00000197  00000-0  00000+0 0  9990
2 37809   0.0443  78.0776 0002704 115.0347  99.3399  1.00271619 36805
ARABSAT-5C--------------
1 37810U 11049B   21279.88766045  .00000122  00000-0  00000-0 0  9994
2 37810   0.0612 356.2921 0007186 195.1587 163.9024  1.00274179 36865
EUTELSAT-7-WEST-A-------
1 37816U 11051A   21279.88216571 -.00000061  00000-0  00000-0 0  9990
2 37816   0.0705  30.6096 0005814 163.5583 131.8873  1.00270523 36709
QUETZSAT-1--------------
1 37826U 11054A   21279.86829802 -.00000243  00000-0  00000-0 0  9991
2 37826   0.0440  61.1716 0002770 137.9696  52.2091  1.00270798 32700
INTELSAT-18-(IS-18)-----
1 37834U 11056A   21279.77593399  .00000051  00000-0  00000-0 0  9997
2 37834   0.0393 348.7242 0001800 201.3859 284.9068  1.00270140 36628
EUTELSAT-16A------------
1 37836U 11057A   21279.88678826  .00000103  00000-0  00000-0 0  9999
2 37836   0.0693   0.7199 0004926 200.2471 150.0697  1.00274157 28779
VIASAT-1----------------
1 37843U 11059A   21279.64536840 -.00000025  00000-0  00000-0 0  9996
2 37843   0.0200 218.8116 0002120 333.4083 300.5434  1.00270308 30132
ASIASAT-7---------------
1 37933U 11069A   21280.21469574 -.00000335  00000-0  00000+0 0  9994
2 37933   0.0499  42.3960 0001420 118.3484  38.1268  1.00268960 36277
BEIDOU-10---------------
1 37948U 11073A   21279.95472206 -.00000136  00000-0  00000-0 0  9990
2 37948  50.7707 292.2990 0078952 217.6849 305.5127  1.00267961 36217
LUCH-5A-----------------
1 37951U 11074B   21279.84509800 -.00000044  00000-0  00000-0 0  9992
2 37951   4.3822 102.8581 0002968  57.6227 326.4188  1.00270962 36003
NIGCOMSAT-1R------------
1 38014U 11077A   21280.12688140  .00000144  00000-0  00000+0 0  9993
2 38014   0.0415 349.5809 0001758 123.0426 351.5800  1.00267896 35846
FENGYUN-2F--------------
1 38049U 12002A   21279.90597626 -.00000356  00000-0  00000-0 0  9999
2 38049   3.1748  81.4503 0002217  10.8424   1.7549  1.00279620 35709
WGS-F4-(USA-233)--------
1 38070U 12003A   21279.90126648 -.00000217  00000-0  00000-0 0  9992
2 38070   0.0086 188.3414 0000172 337.8564 262.4691  1.00271665 26959
SES-4-------------------
1 38087U 12007A   21279.87920029 -.00000169  00000-0  00000-0 0  9991
2 38087   0.0196 272.1436 0002233 280.4411 117.6971  1.00271426 35046
BEIDOU-11---------------
1 38091U 12008A   21280.13499402  .00000057  00000-0  00000+0 0  9998
2 38091   1.7908  70.2015 0002982 318.7506  94.3541  1.00273059 35296
MUOS-1------------------
1 38093U 12009A   21279.62688288 -.00000127  00000-0  00000-0 0  9995
2 38093   2.6944  24.4362 0050567 359.7068 117.0042  1.00275330 35253
INTELSAT-22-(IS-22)-----
1 38098U 12011A   21280.04159080 -.00000060  00000-0  00000+0 0  9999
2 38098   0.0127 141.9116 0003143  63.7770 257.3107  1.00271966 34862
APSTAR-7----------------
1 38107U 12013A   21280.04246299 -.00000103  00000-0  00000+0 0  9999
2 38107   0.0213 226.5299 0002385 336.1982 264.9901  1.00271021 34981
YAHSAT-1B---------------
1 38245U 12016A   21280.03670657  .00000125  00000-0  00000+0 0  9996
2 38245   0.0189 173.9876 0000609  36.0512 226.6969  1.00268558 34737
AEHF-2-(USA-235)--------
1 38254U 12019A   21279.86681531 -.00000169  00000-0  00000-0 0  9991
2 38254   2.8308  58.1511 0001962 144.4042  40.7857  0.99941681 33669
JCSAT-13----------------
1 38331U 12023A   21279.91264736 -.00000358  00000-0  00000-0 0  9992
2 38331   0.0138 234.0947 0002354 324.9662 269.2981  1.00270887 34341
VINASAT-2---------------
1 38332U 12023B   21279.90981387 -.00000331  00000-0  00000-0 0  9991
2 38332   0.0177 224.3630 0001839 327.6090 283.1827  1.00267801 29472
NIMIQ-6-----------------
1 38342U 12026A   21279.93720036 -.00000175  00000-0  00000+0 0  9995
2 38342   0.0447  84.8807 0002131 104.2996  72.9362  1.00270352 34400
CHINASAT-2A-(ZX-2A)-----
1 38352U 12028A   21279.90318528 -.00000294  00000-0  00000-0 0  9997
2 38352   0.0176  19.9161 0001592 289.2904 129.9751  1.00269169 34189
INTELSAT-19-(IS-19)-----
1 38356U 12030A   21279.84492356 -.00000057  00000-0  00000+0 0  9995
2 38356   0.0140 249.5157 0003074 309.9318 286.4680  1.00271612 34328
ECHOSTAR-17-------------
1 38551U 12035A   21280.16054494 -.00000076  00000-0  00000+0 0  9992
2 38551   0.0208 196.3057 0002113   0.7473 129.6648  1.00270312 33933
METEOSAT-10-(MSG-3)-----
1 38552U 12035B   21279.88547999  .00000062  00000-0  00000-0 0  9992
2 38552   1.2503  21.4202 0001580 194.6413 127.9143  1.00277998 33667
SES-5-------------------
1 38652U 12036A   21280.14735914  .00000033  00000-0  00000+0 0  9998
2 38652   0.0586 291.5449 0001957 256.9004 245.6254  1.00271561 33880
TIANLIAN-1-03-----------
1 38730U 12040A   21279.88766044  .00000125  00000-0  00000-0 0  9990
2 38730   1.3757  94.7598 0002137 339.6507 281.3001  1.00272618 33798
INTELSAT-20-(IS-20)-----
1 38740U 12043A   21280.04080583 -.00000026  00000-0  00000+0 0  9991
2 38740   0.0108 182.2450 0002243   0.2922 276.5822  1.00271456 33645
HYLAS-2-----------------
1 38741U 12043B   21279.88984090  .00000153  00000-0  00000-0 0  9999
2 38741   0.0132 134.5863 0001738  46.2718 186.3128  1.00269672 33578
INTELSAT-21-(IS-21)-----
1 38749U 12045A   21280.02757876 -.00000286  00000-0  00000+0 0  9994
2 38749   0.0203 194.9960 0002544   3.2169 129.6021  1.00267739 33442
ASTRA-2F----------------
1 38778U 12051A   21279.88923037  .00000149  00000-0  00000-0 0  9997
2 38778   0.0667 238.5285 0004336 335.2538 150.3263  1.00274123 23939
GSAT-10-----------------
1 38779U 12051B   21280.07098661 -.00000166  00000-0  00000+0 0  9996
2 38779   0.0108 161.0737 0002319  53.5149 269.9164  1.00271692 33104
INTELSAT-23-(IS-23)-----
1 38867U 12057A   21279.87309502 -.00000286  00000-0  00000-0 0  9999
2 38867   0.0193 235.0714 0001707 315.9841  86.0321  1.00271023 32758
BEIDOU-16---------------
1 38953U 12059A   21279.99075856 -.00000177  00000-0  00000-0 0  9991
2 38953   1.3617  84.1572 0009227 281.5393  90.9588  1.00273198 32865
LUCH-5B-----------------
1 38977U 12061A   21279.73677303 -.00000130  00000-0  00000-0 0  9996
2 38977   6.7441  64.4261 0003761  98.9852 101.1770  1.00272094 32983
YAMAL-300K--------------
1 38978U 12061B   21279.84832507  .00000070  00000-0  00000+0 0  9999
2 38978   0.0192 205.6382 0000194 305.9340 352.4806  1.00273610 32680
STAR-ONE-C3-------------
1 38991U 12062A   21280.09702247 -.00000251  00000-0  00000+0 0  9993
2 38991   0.0313  99.6508 0002482 115.5168 120.7401  1.00274576 32663
EUTELSAT-21B------------
1 38992U 12062B   21279.88792209  .00000129  00000-0  00000-0 0  9990
2 38992   0.0698   1.7500 0002475 192.2836 163.0130  1.00274731 32642
ECHOSTAR-16-------------
1 39008U 16039B   21280.04563323 -.00000283  00000-0  00000+0 0  9991
2 39008   0.0182 199.3133 0001981 345.1314 146.3921  1.00271186 32616
CHINASAT-12-(ZX-12)-----
1 39017U 12067A   21279.92501753 -.00000208  00000-0  00000-0 0  9990
2 39017   0.0154 237.7359 0002968 312.9798 245.6061  1.00270153 32314
EUTELSAT-70B------------
1 39020U 12069A   21279.89769053 -.00000045  00000-0  00000-0 0  9990
2 39020   0.0657 354.2926 0006828 211.5298 203.6200  1.00272162 32310
YAMAL-402---------------
1 39022U 12070A   21279.96985986  .00000084  00000-0  00000+0 0  9998
2 39022   0.0190 162.8105 0002275  43.0425 214.0769  1.00273751 32410
SKYNET-5D---------------
1 39034U 12075A   21279.89411458  .00000097  00000-0  00000-0 0  9991
2 39034   0.0775 354.3590 0004200 205.6156 190.4401  1.00274026 31971
MEXSAT-3----------------
1 39035U 12075B   21279.57367507 -.00000027  00000-0  00000-0 0  9996
2 39035   0.0146 255.6154 0002701 305.2050 266.3857  1.00269836 31990
TDRS-11-----------------
1 39070U 13004A   21280.12908331  .00000075  00000-0  00000+0 0  9998
2 39070   3.1976 339.6673 0003700  93.8527 174.5670  1.00269347 31790
AMAZONAS-3--------------
1 39078U 13006A   21279.87143788 -.00000283  00000-0  00000-0 0  9998
2 39078   0.0295 224.0518 0005184 350.6380  53.7675  1.00267876 27717
AZERSPACE-1-------------
1 39079U 13006B   21280.03635771  .00000132  00000-0  00000+0 0  9998
2 39079   0.0189 198.4688 0002098  18.6770 217.8480  1.00273780 31743
SBIRS-GEO-2-(USA-241)---
1 39120U 13011A   21279.88774767  .00000121  00000-0  00000-0 0  9990
2 39120   1.8688   7.4642 0002393 183.9189 164.6823  1.00272386 31347
EUTELSAT-117-WEST-A-----
1 39122U 13012A   21279.61306142 -.00000014  00000-0  00000-0 0  9994
2 39122   0.0474  59.0604 0002788 135.6856 284.6611  1.00271494 31254
ANIK-G1-----------------
1 39127U 13014A   21279.61990083 -.00000075  00000-0  00000-0 0  9991
2 39127   0.0207 232.7343 0002905 315.3875 303.2639  1.00271325 31062
CHINASAT-11-(ZX-11)-----
1 39157U 13020A   21280.04673667 -.00000292  00000-0  00000+0 0  9996
2 39157   0.0330 258.1879 0000360 298.9667 293.4967  1.00273441 30969
EUTELSAT-7B-------------
1 39163U 13022A   21279.88504390  .00000047  00000-0  00000-0 0  9999
2 39163   0.0682  16.6212 0001249 321.7852   2.9782  1.00271902 30780
WGS-F5-(USA-243)--------
1 39168U 13024A   21280.10053757 -.00000286  00000-0  00000+0 0  9994
2 39168   0.0043 214.3955 0000162 355.9927 149.2992  1.00271445 30647
SES-6-------------------
1 39172U 13026A   21279.87553713 -.00000262  00000-0  00000-0 0  9995
2 39172   0.0460 294.0009 0002581 268.4776  87.9769  1.00272360 30532
IRNSS-1A----------------
1 39199U 13034A   21280.07128844  .00000113  00000-0  00000+0 0  9993
2 39199  31.8677  89.2709 0020656 178.1723 189.2038  1.00270343 30462
MUOS-2------------------
1 39206U 13036A   21279.84823785  .00000065  00000-0  00000-0 0  9990
2 39206   2.5634  13.9707 0057557 179.8367 310.2533  1.00274354 30005
ALPHASAT----------------
1 39215U 13038A   21279.88861986  .00000135  00000-0  00000-0 0  9999
2 39215   2.6209  15.8975 0002503 190.4842 154.1647  1.00271365 26825
INSAT-3D----------------
1 39216U 13038B   21280.07068569 -.00000157  00000-0  00000+0 0  9993
2 39216   0.0121 216.4229 0001328 330.9083 296.1486  1.00270102 30117
WGS-F6-(USA-244)--------
1 39222U 13041A   21279.71313691  .00000088  00000-0  00000-0 0  9995
2 39222   0.0190 200.8264 0000079 196.5852  99.7039  1.00270549 28863
ES'HAIL-1---------------
1 39233U 13044A   21279.88870706  .00000142  00000-0  00000-0 0  9994
2 39233   0.0282  25.0194 0001798 160.8201 175.3205  1.00271145 29441
GSAT-7------------------
1 39234U 13044B   21279.97016882 -.00000079  00000-0  00000+0 0  9991
2 39234   0.0410 107.9196 0008210 143.9312 187.2855  1.00272017 29710
AMOS-4------------------
1 39237U 13045A   21280.04010809  .00000006  00000-0  00000+0 0  9997
2 39237   0.0255 246.2754 0001588 329.3717 239.7322  1.00269525 29708
AEHF-3-(USA-246)--------
1 39256U 13050A   21280.16542924  .00000134  00000-0  00000+0 0  9997
2 39256   1.1324  64.0349 0055668 183.8386  32.6757  1.00275030 29493
ASTRA-2E----------------
1 39285U 13056A   21280.08521639  .00000149  00000-0  00000+0 0  9992
2 39285   0.0647 348.4595 0002921 212.8874 233.8013  1.00273084 29400
FM-6--------------------
1 39360U 13058A   21279.61306049 -.00000018  00000-0  00000-0 0  9998
2 39360   0.0395 268.1619 0000477 189.6266  22.2433  1.00270454 28873
RADUGA-1M-3-------------
1 39375U 13062A   21280.17765109  .00000156  00000-0  00000+0 0  9999
2 39375   1.5955  92.4790 0001510 343.4847  39.0004  1.00272691 28942
SES-8-------------------
1 39460U 13071A   21279.90257476 -.00000271  00000-0  00000-0 0  9996
2 39460   0.0177 220.3285 0001686 293.6870 281.7156  1.00271252 27231
INMARSAT-5-F1-----------
1 39476U 13073A   21279.69910569  .00000027  00000-0  00000-0 0  9998
2 39476   0.0222 205.0924 0000147  68.4218  56.3439  1.00269720 28399
TKSAT-1-(TUPAC-KATARI)--
1 39481U 13075A   21279.93798532 -.00000196  00000-0  00000+0 0  9994
2 39481   0.0411 350.3343 0002096 185.0588  90.8961  1.00269763 28654
EXPRESS-AM5-------------
1 39487U 13077A   21280.27045118 -.00000281  00000-0  00000+0 0  9991
2 39487   0.0360 307.8802 0001001  54.0794 251.6079  1.00271347 29164
GSAT-14-----------------
1 39498U 14001A   21279.89838828 -.00000079  00000-0  00000-0 0  9991
2 39498   0.0100 177.9136 0005188  53.1767 182.1280  1.00271529 28213
THAICOM-6---------------
1 39500U 14002A   21280.04281185 -.00000122  00000-0  00000+0 0  9991
2 39500   0.0568 124.1978 0004355  38.0493 307.6172  1.00270447 28331
TDRS-12-----------------
1 39504U 14004A   21280.05682692 -.00000276  00000-0  00000+0 0  9996
2 39504   4.1041 343.2620 0002958 202.0141 170.1728  1.00268164 28269
ABS-2-------------------
1 39508U 14006A   21279.89856272 -.00000088  00000-0  00000-0 0  9991
2 39508   0.0478  58.5154 0002624 123.2206 232.4685  1.00271626 28098
ATHENA-FIDUS------------
1 39509U 14006B   21280.14176637  .00000153  00000-0  00000+0 0  9993
2 39509   0.0205 257.6269 0001619 303.6339 263.6007  1.00272160 28313
TURKSAT-4A--------------
1 39522U 14007A   21280.12688140  .00000145  00000-0  00000+0 0  9995
2 39522   0.0397 263.1035 0003947 326.6994 233.8740  1.00271286 28020
EXPRESS-AT1-------------
1 39612U 14010A   21279.46412907  .00000076  00000-0  00000-0 0  9994
2 39612   0.0434 338.6113 0000137 294.1876 325.6658  1.00273804 27859
EXPRESS-AT2-------------
1 39613U 14010B   21279.91147101 -.00000283  00000-0  00000-0 0  9997
2 39613   0.0382 325.6603 0000529 283.8949 234.2296  1.00271943 27690
AMAZONAS-4A-------------
1 39616U 14011A   21280.09702247 -.00000254  00000-0  00000+0 0  9997
2 39616   0.1061  78.7729 0003237 112.0313 146.1025  1.00269151 27688
ASTRA-5B----------------
1 39617U 14011B   21280.07965924  .00000153  00000-0  00000+0 0  9996
2 39617   0.0497 333.6420 0004159 219.2940 243.2128  1.00270807 27685
IRNSS-1B----------------
1 39635U 14017A   21280.03827650  .00000088  00000-0  00000+0 0  9998
2 39635  29.2638 269.3216 0020098 189.7026 345.6925  1.00267617 27619
LUCH-5V-----------------
1 39727U 14023A   21280.04603892 -.00000270  00000-0  00000+0 0  9992
2 39727   0.9185  66.6436 0002121 120.1909 300.4224  1.00273228545321
KAZSAT-3----------------
1 39728U 14023B   21280.13499402  .00000059  00000-0  00000+0 0  9997
2 39728   0.0101 198.8567 0000173 347.2466 297.0066  1.00270482 27250
EUTELSAT-3B-------------
1 39773U 14030A   21279.88425894  .00000019  00000-0  00000-0 0  9996
2 39773   0.0664   5.2663 0005970 184.7313 147.2234  1.00273053 26874
USA-254-----------------
1 40100U 14043B   21264.75026000  .00000107  00000-0  00000+0 0  9999
2 40100   0.2370  98.5897 0001445 159.4220  68.6583  0.99580380  1405
ASIASAT-8-(AMOS-7)------
1 40107U 14046A   21279.88286345 -.00000034  00000-0  00000-0 0  9990
2 40107   0.0120 219.6037 0002207 324.2623 145.8572  1.00271175 84961
ASIASAT-6---------------
1 40141U 14052A   21279.83576565 -.00000364  00000-0  00000-0 0  9992
2 40141   0.0285 140.3778 0000725  75.7867 220.3341  1.00268774 25974
OPTUS-10----------------
1 40146U 14054A   21279.84291755 -.00000147  00000-0  00000+0 0  9993
2 40146   0.0381 165.7016 0004255  24.4071 285.0814  1.00274547 25936
MEASAT-3B---------------
1 40147U 14054B   21280.04542840 -.00000243  00000-0  00000+0 0  9999
2 40147   0.0451  11.5025 0000933 209.2628 263.0089  1.00270705 25980
LUCH-(OLYMP)------------
1 40258U 14058A   21279.97902663  .00000046  00000-0  00000-0 0  9990
2 40258   0.0422 288.7749 0001701 291.1266 208.3657  1.00281617 23800
HIMAWARI-8--------------
1 40267U 14060A   21279.91164545 -.00000277  00000-0  00000-0 0  9993
2 40267   0.0130 244.8276 0001162 348.2389 251.5688  1.00269903 25579
IRNSS-1C----------------
1 40269U 14061A   21279.90013265 -.00000161  00000-0  00000-0 0  9999
2 40269   2.4649 141.6764 0020327   7.0400 274.1738  1.00273225 25496
INTELSAT-30-(IS-30)-----
1 40271U 14062A   21280.16812425 -.00000152  00000-0  00000+0 0  9997
2 40271   0.0184 236.5413 0002264 200.3164 264.6616  1.00270203 25578
ARSAT-1-----------------
1 40272U 14062B   21279.51044191 -.00000261  00000-0  00000-0 0  9994
2 40272   0.0359 278.8388 0001668 273.9788 294.5512  1.00271817 25421
EXPRESS-AM6-------------
1 40277U 14064A   21279.25535689  .00000096  00000-0  00000-0 0  9994
2 40277   0.0388 295.8256 0000422 183.2773  40.9927  1.00273857 25479
GSAT-16-----------------
1 40332U 14078A   21279.89463789  .00000083  00000-0  00000-0 0  9998
2 40332   0.0189 174.5466 0005302 300.9552 277.4089  1.00272217 24914
DIRECTV-14--------------
1 40333U 14078B   21279.62673949 -.00000126  00000-0  00000-0 0  9990
2 40333   0.0199 137.9105 0000459 300.6255  63.3786  1.00270536 24866
YAMAL-401---------------
1 40345U 14082A   21279.22822236 -.00000230  00000-0  00000-0 0  9995
2 40345   0.0038 182.1824 0000313  28.3787 336.6596  1.00270116 25213
ASTRA-2G----------------
1 40364U 14089A   21280.08521639  .00000149  00000-0  00000+0 0  9999
2 40364   0.0151  77.3926 0002085  20.4359 336.9773  1.00271236 24835
FENGYUN-2G--------------
1 40367U 14090A   21279.90353416 -.00000303  00000-0  00000-0 0  9993
2 40367   1.2992  91.6653 0002436 269.7028  79.4343  1.00270987 24802
MUOS-3------------------
1 40374U 15002A   21280.00743681 -.00000129  00000-0  00000+0 0  9990
2 40374   2.5477   2.7972 0059496 179.9550 180.2743  1.00273750 24636
INMARSAT-5-F2-----------
1 40384U 15005A   21279.80087840 -.00000286  00000-0  00000-0 0  9993
2 40384   0.0016 150.8087 0000201 261.3744 196.8431  1.00271494 23800
ABS-3A------------------
1 40424U 15010A   21280.02966002 -.00000028  00000-0  00000+0 0  9999
2 40424   0.0060 132.8167 0002291 327.7700 283.0020  1.00270774 24212
EUTELSAT-115-WEST-B-----
1 40425U 15010B   21280.00427111 -.00000026  00000-0  00000+0 0  9999
2 40425   0.0262  50.5395 0000112 136.8323  75.1578  1.00271706 24243
EXPRESS-AM7-------------
1 40505U 15012A   21279.81980472  .00000149  00000-0  00000-0 0  9997
2 40505   0.0185 259.0113 0003054 309.7969 142.0559  1.00274838 23819
IRNSS-1D----------------
1 40547U 15018A   21279.40342524 -.00000294  00000-0  00000-0 0  9996
2 40547  29.0988 269.3896 0018780 189.9327 172.8905  1.00267888 23809
BEIDOU-17---------------
1 40549U 15019A   21280.03745609 -.00000139  00000-0  00000+0 0  9998
2 40549  52.3115 315.6994 0038213 189.4890 336.6811  1.00297197 23890
THOR-7------------------
1 40613U 15022A   21279.88347397 -.00000009  00000-0  00000-0 0  9994
2 40613   0.0176 146.1466 0002587  42.6609 144.3673  1.00271251 23638
TURKMENALEM52E/MONACOSAT
1 40617U 15023A   21279.89402737  .00000102  00000-0  00000-0 0  9993
2 40617   0.0190 247.8674 0002951 307.3355 194.4698  1.00274140 23646
DIRECTV-15--------------
1 40663U 15026A   21279.62445865 -.00000103  00000-0  00000-0 0  9999
2 40663   0.0175 124.9408 0000419 332.6544  39.8575  1.00270357 23279
SKY-MEXICO-1------------
1 40664U 15026B   21279.86794917 -.00000235  00000-0  00000-0 0  9997
2 40664   0.0224 273.4837 0002025 280.0024  55.9642  1.00270399 23264
METEOSAT-11-(MSG-4)-----
1 40732U 15034A   21279.88373563 -.00000003  00000-0  00000-0 0  9997
2 40732   0.3450 114.7354 0001330  15.0503 204.4562  1.00263377 22833
STAR-ONE-C4-------------
1 40733U 15034B   21279.86969352 -.00000266  00000-0  00000-0 0  9994
2 40733   0.0597   8.8313 0000841 219.6225  30.3949  1.00270012 22839
WGS-F7-(USA-263)--------
1 40746U 15036A   21279.84675514  .00000017  00000-0  00000+0 0  9994
2 40746   0.0104 206.0112 0000317  12.9175 276.6440  1.00271940 22687
INTELSAT-34-(IS-34)-----
1 40874U 15039A   21280.05548778 -.00000287  00000-0  00000+0 0  9995
2 40874   0.0369 282.5387 0001077 106.5225 311.3556  1.00269644 22431
EUTELSAT-8-WEST-B-------
1 40875U 15039B   21279.88207848 -.00000067  00000-0  00000-0 0  9992
2 40875   0.0668  12.4865 0002626 139.8030 173.0345  1.00272019 22461
GSAT-6------------------
1 40880U 15041A   21280.07068569 -.00000162  00000-0  00000+0 0  9994
2 40880   0.0448  97.6352 0004140  92.1908 294.0959  1.00272376 22424
INMARSAT-5-F3-----------
1 40882U 15042A   21279.77584677  .00000049  00000-0  00000-0 0  9999
2 40882   0.0157 212.5230 0000396 236.1241  25.9262  1.00271834 22386
MUOS-4------------------
1 40887U 15044A   21280.04228854 -.00000097  00000-0  00000+0 0  9993
2 40887   2.6000 357.9679 0050461 356.6976 111.5109  1.00271540 22362
TJS-1-------------------
1 40892U 15046A   21279.91452365 -.00000158  00000-0  00000-0 0  9990
2 40892   0.0115 208.0690 0003220 153.8316 138.0953  1.00267999 22377
EXPRESS-AM8-------------
1 40895U 15048A   21279.88085743 -.00000112  00000-0  00000-0 0  9993
2 40895   0.0319 314.0614 0001158 325.2959  39.5269  1.00271863 22185
BEIDOU-20---------------
1 40938U 15053A   21280.06201775 -.00000115  00000-0  00000+0 0  9996
2 40938  51.8965 278.7817 0047848 196.4951  17.3722  1.00257937 22152
SKY-MUSTER-1-(NBN1A)----
1 40940U 15054A   21279.91155823 -.00000280  00000-0  00000-0 0  9998
2 40940   0.0129 236.7653 0001559 315.4705 291.9738  1.00270858 22079
ARSAT-2-----------------
1 40941U 15054B   21279.86751306 -.00000226  00000-0  00000-0 0  9991
2 40941   0.0366 277.3215 0001800 265.1581  64.5854  1.00271011 22132
MORELOS-3---------------
1 40946U 15056A   21279.62896639 -.00000050  00000-0  00000+0 0  9995
2 40946   4.0884 331.6282 0002420 176.0464 341.1611  1.00271633 22082
APSTAR-9----------------
1 40982U 15059A   21279.91190711 -.00000267  00000-0  00000-0 0  9999
2 40982   0.0223 127.2232 0002077  31.1713 327.7085  1.00270362 21964
TURKSAT-4B--------------
1 40984U 15060A   21280.03714267  .00000114  00000-0  00000+0 0  9995
2 40984   0.0207 156.5051 0001988  24.0034 258.7693  1.00270787 21913
CHINASAT-2C-(ZX-2C)-----
1 41021U 15063A   21280.04778329 -.00000325  00000-0  00000+0 0  9996
2 41021   0.0457  70.3000 0000813 250.6845 175.5979  1.00271386 21822
GSAT-15-----------------
1 41028U 15065A   21279.90222588 -.00000259  00000-0  00000-0 0  9996
2 41028   0.0487  90.3496 0002388  81.7468 261.9805  1.00270155 21614
BADR-7-(ARABSAT-6B)-----
1 41029U 15065B   21279.87549420  .00000143  00000-0  00000-0 0  9991
2 41029   0.0381 241.3057 0006260 346.1458 129.4759  1.00271727 21576
LAOSAT-1----------------
1 41034U 15067A   21279.98098389 -.00000344  00000-0  00000+0 0  9997
2 41034   0.0455  10.0248 0001729 165.0824 322.4141  1.00268573 21651
TELSTAR-12V-------------
1 41036U 15068A   21279.88068300 -.00000120  00000-0  00000-0 0  9992
2 41036   0.0206 260.4533 0001933 297.0196 120.3592  1.00270979 21434
CHINASAT-1C-(ZX-1C)-----
1 41103U 15073A   21279.89987100 -.00000150  00000-0  00000-0 0  9995
2 41103   2.7622  87.8397 0001619  80.7277 252.6183  1.00271629 21468
ELEKTRO-L-2-------------
1 41105U 15074A   21279.88077021 -.00000114  00000-0  00000-0 0  9999
2 41105   2.3505  91.1154 0002892  99.7443 127.4904  1.00271158 21326
COSMOS-2513-------------
1 41121U 15075A   21280.04316073 -.00000140  00000-0  00000+0 0  9999
2 41121   0.0476 115.7017 0003332 109.0441 246.9809  1.00272857 21418
EXPRESS-AMU1------------
1 41191U 15082A   21279.92497174  .00000154  00000-0  00000-0 0  9996
2 41191   0.0214 200.3201 0002398   0.4651 184.0743  1.00270300 21082
GAOFEN-4----------------
1 41194U 15083A   21280.04813216 -.00000336  00000-0  00000+0 0  9996
2 41194   0.0585 300.6469 0003832 280.9797 277.3311  1.00269311 21308
BELINTERSAT-1-----------
1 41238U 16001A   21279.89385295  .00000105  00000-0  00000-0 0  9992
2 41238   0.0598  79.2445 0001535  76.0117 233.8120  1.00272813 21061
IRNSS-1E----------------
1 41241U 16003A   21279.90580184 -.00000271  00000-0  00000+0 0  9998
2 41241  29.4151  88.5868 0021820 175.7942 189.2813  1.00269350 21019
EUTELSAT-9B-------------
1 41310U 16005A   21279.88539278  .00000060  00000-0  00000-0 0  9998
2 41310   0.0534  53.6168 0005213 194.7191  95.1981  1.00268830 20929
SES-9-------------------
1 41380U 16013A   21279.90519130 -.00000347  00000-0  00000-0 0  9991
2 41380   0.0302 272.8179 0001475 218.8870 318.2604  1.00271621 20242
EUTELSAT-65-WEST-A------
1 41382U 16014A   21280.02757876 -.00000277  00000-0  00000+0 0  9991
2 41382   0.0271  12.8284 0001817 174.1226 133.6895  1.00269376 20455
IRNSS-1F----------------
1 41384U 16015A   21280.03365396  .00000160  00000-0  00000+0 0  9997
2 41384   1.9687 177.9061 0017699 183.7988  58.8302  1.00268455 20481
BEIDOU-IGSO-6-----------
1 41434U 16021A   21279.84702188 -.00000138  00000-0  00000-0 0  9998
2 41434  57.7289  55.4780 0043351 210.5982 148.5193  1.00291136 20284
IRNSS-1G----------------
1 41469U 16027A   21279.98124553 -.00000334  00000-0  00000+0 0  9998
2 41469   1.9322 181.4211 0003239 317.2048 359.9986  1.00271833 19984
JCSAT-2B----------------
1 41471U 16028A   21279.91426199 -.00000166  00000-0  00000-0 0  9990
2 41471   0.0006 188.9828 0001725   5.7349 304.2305  1.00272609 19938
THAICOM-8---------------
1 41552U 16031A   21280.04281185 -.00000123  00000-0  00000+0 0  9996
2 41552   0.1024  77.8649 0001133  59.7332 332.2724  1.00272722 19594
INTELSAT-31-(IS-31)-----
1 41581U 16035A   21279.57759990 -.00000152  00000-0  00000-0 0  9995
2 41581   0.0149 225.8157 0001518 335.7676 286.7740  1.00270153 19415
BEIDOU-2-G7-------------
1 41586U 16037A   21279.90562740 -.00000353  00000-0  00000-0 0  9997
2 41586   1.9363  69.1988 0007521  12.5916  10.4827  1.00265559 19609
ABS-2A-(MONGOLSAT-1)----
1 41588U 16038A   21279.89856272 -.00000085  00000-0  00000-0 0  9996
2 41588   0.0251 198.5033 0002099 260.3644 315.1082  1.00268426 19515
EUTELSAT-117-WEST-B-----
1 41589U 16038B   21279.61270587 -.00000013  00000-0  00000-0 0  9997
2 41589   0.0067  32.4676 0000089 117.3273 329.2759  1.00271499 19483
BRISAT------------------
1 41591U 16039A   21279.91365147 -.00000198  00000-0  00000-0 0  9995
2 41591   0.0180 233.5824 0002105 317.2736 304.3625  1.00271114 19432
ECHOSTAR-18-------------
1 41592U 16039B   21280.04563323 -.00000283  00000-0  00000+0 0  9992
2 41592   0.0215 197.9804 0001474 352.7224 140.2922  1.00269424 19424
MUOS-5------------------
1 41622U 16041A   21279.62104002 -.00000137  00000-0  00000-0 0  9995
2 41622   6.2033 302.9855 0203371 229.9497 321.1166  1.00271990 19897
TIANTONG-1-1------------
1 41725U 16048A   21279.90388303 -.00000322  00000-0  00000-0 0  9991
2 41725   2.4396 347.4949 0002850 266.8116 188.2754  1.00269605 19082
JCSAT-16----------------
1 41729U 16050A   21279.91234319 -.00000252  00000-0  00000+0 0  9997
2 41729   0.0370  92.9535 0001344  11.6790  23.5667  1.00272767 18879
USA-270-----------------
1 41744U 16052A   21264.74589909  .00000135  00000-0  00000+0 0  9998
2 41744   0.0228 209.5737 0001472  42.3351  51.0122  1.00130986  1391
USA-271-----------------
1 41745U 16052B   21264.68545692 -.00000229  00000-0  00000+0 0  9998
2 41745   1.1752  95.0788 0003661  48.1472 194.8242  1.00176531  1395
INTELSAT-36-(IS-36)-----
1 41747U 16053A   21280.04080583 -.00000025  00000-0  00000+0 0  9996
2 41747   0.0155 233.2452 0002829 153.5186  72.3237  1.00269449 18779
INTELSAT-33E-(IS-33E)---
1 41748U 16053B   21279.99702227  .00000049  00000-0  00000+0 0  9990
2 41748   0.0514   9.7327 0000822 165.6314 259.4518  1.00260408 19030
INSAT-3DR---------------
1 41752U 16054A   21279.89838828 -.00000078  00000-0  00000-0 0  9996
2 41752   0.1036  93.5233 0011852 169.7528 149.9239  1.00270702 18613
GSAT-18-----------------
1 41793U 16060A   21280.04193968 -.00000078  00000-0  00000+0 0  9995
2 41793   0.0754  94.3020 0001159 306.0224  64.6919  1.00271601 18342
SKY-MUSTER-2-(NBN1B)----
1 41794U 16060B   21279.91251763 -.00000245  00000-0  00000+0 0  9994
2 41794   0.0129 237.8151 0001516 310.1137 301.1900  1.00270748 18388
HIMAWARI-9--------------
1 41836U 16064A   21279.91173266 -.00000276  00000-0  00000-0 0  9991
2 41836   0.0171 140.3587 0000426  30.1342 314.3008  1.00271612 18004
SHIJIAN-17-(SJ-17)------
1 41838U 16065A   21279.93406699 -.00000363  00000-0  00000-0 0  9992
2 41838   1.3907  91.9629 0000485  85.0693 292.6329  1.00272057 18028
GOES-16-----------------
1 41866U 16071A   21279.58143750 -.00000250  00000-0  00000-0 0  9992
2 41866   0.1074  81.6970 0000631 148.2972 279.5971  1.00273316 17925
TIANLIAN-1-04-----------
1 41869U 16072A   21279.86986334  .00000029  00000-0  00000-0 0  9993
2 41869   0.2003 275.2552 0023302 205.6148  24.8055  1.00271001 18127
WGS-F8-(USA-272)--------
1 41879U 16075A   21279.91347703 -.00000204  00000-0  00000-0 0  9990
2 41879   0.0161 151.6453 0000159 316.4720  26.3504  1.00270807 17645
FENGYUN-4A--------------
1 41882U 16077A   21280.21654065 -.00000331  00000-0  00000+0 0  9993
2 41882   0.2156 284.9361 0003886 112.1110 161.6997  1.00269124 17792
ECHOSTAR-19-------------
1 41893U 16079A   21279.62901922 -.00000140  00000-0  00000-0 0  9996
2 41893   0.0185 175.1609 0001821  15.3915 314.3456  1.00271530 17526
JCSAT-15----------------
1 41903U 16082A   21279.94022535 -.00000352  00000-0  00000-0 0  9996
2 41903   0.0193 212.5377 0001230 344.6454 267.2033  1.00271319 17561
STAR-ONE-D1-------------
1 41904U 16082B   21280.17502219 -.00000212  00000-0  00000+0 0  9990
2 41904   0.0377 102.1859 0001951  71.1215 181.7644  1.00272831 17605
TJS-2-------------------
1 41911U 17001A   21279.89991763 -.00000008  00000-0  00000-0 0  9997
2 41911   0.2785 285.0577 0005429 263.7184 217.4585  1.00270808 17540
SBIRS-GEO-4-(USA-273)---
1 41937U 17004A   21279.78003325  .00000124  00000-0  00000-0 0  9992
2 41937   2.8397 314.7179 0002410 235.8099 306.5552  1.00272263 17412
HISPASAT-36W-1----------
1 41942U 17006A   21279.87640931 -.00000245  00000-0  00000-0 0  9995
2 41942   0.0176  20.1261 0001036 179.5998  95.5598  1.00272115 17048
TELKOM-3S---------------
1 41944U 17007A   21279.89821225 -.00000364  00000-0  00000-0 0  9999
2 41944   0.0180 190.7860 0002326   1.7436 264.6152  1.00269795 16943
INTELSAT-32E-(IS-32E)---
1 41945U 17007B   21280.01856521 -.00000270  00000-0  00000+0 0  9998
2 41945   0.0206 192.8720 0000297 255.8662 250.6390  1.00267037 17058
ECHOSTAR-23-------------
1 42070U 17014A   21279.87004240 -.00000271  00000-0  00000-0 0  9993
2 42070   0.0222 196.9931 0002032 352.2473  71.8120  1.00267662 16749
WGS-F9-(USA-275)--------
1 42075U 17016A   21279.95298684 -.00000098  00000-0  00000+0 0  9992
2 42075   0.0226 194.3222 0000544 294.7387 217.7915  1.00272820 16737
SES-10------------------
1 42432U 17017A   21279.87030404 -.00000274  00000-0  00000-0 0  9992
2 42432   0.0130 270.0914 0002715 283.9614  68.1213  1.00269229 16551
CHINASAT-16-(SJ-13)-----
1 42662U 17018A   21279.98534211 -.00000353  00000-0  00000-0 0  9993
2 42662   0.0497  58.3279 0006928 168.7532 254.0057  1.00268429 16555
KOREASAT-7--------------
1 42691U 17023A   21279.90676123 -.00000363  00000-0  00000-0 0  9993
2 42691   0.0236 289.3984 0001837 275.8336 252.8976  1.00270501 16193
SGDC--------------------
1 42692U 17023B   21279.16611630 -.00000251  00000-0  00000-0 0  9990
2 42692   0.0404  61.1332 0002123 132.3815 166.5094  1.00271657 16210
GSAT-9------------------
1 42695U 17024A   21279.90301084 -.00000288  00000-0  00000-0 0  9995
2 42695   0.0761  90.5971 0002345 107.0498 240.5220  1.00270778 16112
INMARSAT-5-F4-----------
1 42698U 17025A   21279.89489955  .00000074  00000-0  00000-0 0  9993
2 42698   0.0230 212.4717 0000264 147.1952  34.7374  1.00268968 16073
SES-15------------------
1 42709U 17026A   21280.14564637  .00000059  00000-0  00000+0 0  9990
2 42709   0.0133 262.4526 0000254 267.8247 129.0382  1.00268445 16995
QZS-2-(MICHIBIKI-2)-----
1 42738U 17028A   21279.83785889 -.00000169  00000-0  00000-0 0  9996
2 42738  42.2006 267.7480 0748523 270.4496 278.3342  1.00257563 15953
VIASAT-2----------------
1 42740U 17029A   21280.10791562 -.00000266  00000-0  00000+0 0  9994
2 42740   0.0264 259.4241 0000035 323.0876 122.4387  1.00270078 15980
EUTELSAT-172B-----------
1 42741U 17029B   21279.84614462 -.00000007  00000-0  00000+0 0  9990
2 42741   0.0185 204.0429 0000177 221.8768  66.4366  1.00270574 16514
GSAT-19-----------------
1 42747U 17031A   21280.03670657  .00000124  00000-0  00000+0 0  9999
2 42747   0.0575  91.2741 0004381  29.1266 316.5902  1.00272296 15943
ECHOSTAR-21-------------
1 42749U 17032A   21279.88565444  .00000057  00000-0  00000-0 0  9996
2 42749   4.5228 311.1446 0002264 221.2170 172.5041  1.00271971 15923
BULGARIASAT-1-----------
1 42801U 17038A   21280.06854830  .00000010  00000-0  00000+0 0  9991
2 42801   0.0451 102.5891 0002702  93.9641 205.9857  1.00273162 15729
HELLAS-SAT-3------------
1 42814U 17040A   21279.84702094  .00000151  00000-0  00000-0 0  9993
2 42814   0.0641  15.7570 0000609 102.4532 241.4946  1.00275155 15629
GSAT-17-----------------
1 42815U 17040B   21280.04577727 -.00000259  00000-0  00000+0 0  9990
2 42815   0.0746  96.4509 0004522 150.0480 239.4040  1.00270734 15689
INTELSAT-35E-(IS-35E)---
1 42818U 17041A   21279.87675818 -.00000239  00000-0  00000-0 0  9992
2 42818   0.0160 166.4492 0001658  20.6042 109.8374  1.00272479 15626
COSMOS-2520-------------
1 42907U 17046A   21279.84146672  .00000135  00000-0  00000-0 0  9998
2 42907   0.0231 151.5279 0000069 164.9180  47.2515  1.00275680 15205
TDRS-13-----------------
1 42915U 17047A   21279.88129352 -.00000107  00000-0  00000-0 0  9998
2 42915   4.8511 331.5827 0015160 118.6169 231.2911  1.00271570 15150
QZS-3-(MICHIBIKI-3)-----
1 42917U 17048A   21279.98072222 -.00000349  00000-0  00000+0 0  9992
2 42917   0.0626 154.6233 0002538  48.0208 293.3535  1.00271642 15170
AMAZONAS-5--------------
1 42934U 17053A   21279.87143788 -.00000284  00000-0  00000-0 0  9990
2 42934   0.0415 321.5054 0002389 264.6761  42.3005  1.00271758 14895
ASIASAT-9---------------
1 42942U 17057A   21279.69264064 -.00000361  00000-0  00000-0 0  9990
2 42942   0.0026 229.6693 0002141 329.6933 187.6804  1.00269935 14757
INTELSAT-37E-(IS-37E)---
1 42950U 17059A   21280.10345012 -.00000142  00000-0  00000+0 0  9998
2 42950   0.0004 188.4623 0002891  10.2878 196.4911  1.00271087 14859
BSAT-4A-----------------
1 42951U 17059B   21279.92248266 -.00000352  00000-0  00000-0 0  9994
2 42951   0.0846  51.9600 0000670  56.3536 349.4416  1.00271627 14612
QZS-4-(MICHIBIKI-4)-----
1 42965U 17062A   21279.55439986 -.00000297  00000-0  00000-0 0  9991
2 42965  40.8142   5.3929 0748376 269.8266  79.3882  1.00274616 14615
SES-11-(ECHOSTAR-105)---
1 42967U 17063A   21280.16224201 -.00000091  00000-0  00000+0 0  9996
2 42967   0.0309 267.4574 0002685 296.1013 125.9462  1.00271201 14615
KOREASAT-5A-------------
1 42984U 17067A   21279.90615071 -.00000360  00000-0  00000-0 0  9998
2 42984   0.0283 111.9316 0001600  76.4190 266.8131  1.00269556 14341
ALCOMSAT-1--------------
1 43039U 17078A   21279.87867698 -.00000187  00000-0  00000-0 0  9999
2 43039   0.0232 177.6254 0002216  17.2604 112.4130  1.00271724 14091
SBIRS-GEO-3-(USA-282)---
1 43162U 18009A   21279.98307711 -.00000298  00000-0  00000+0 0  9990
2 43162   4.0365 317.5893 0002390 232.0925 319.0923  1.00271086 13645
AL-YAH-3----------------
1 43174U 18012A   21279.87963639 -.00000157  00000-0  00000-0 0  9997
2 43174   0.0146 252.3528 0001900 300.0935 119.8918  1.00270058 13665
SES-14------------------
1 43175U 18012B   21279.87414163 -.00000279  00000-0  00000-0 0  9996
2 43175   0.0195 222.4061 0001073 318.3096 102.2151  1.00268766 13872
GOES-17-----------------
1 43226U 18022A   21279.71252639  .00000096  00000-0  00000-0 0  9991
2 43226   0.0516 296.7756 0000203 253.8224 304.3060  1.00272142 13227
HISPASAT-30W-6----------
1 43228U 18023A   21280.02118175 -.00000217  00000-0  00000+0 0  9991
2 43228   0.0196  67.1400 0002385 104.1434 182.2508  1.00272697 13307
SUPERBIRD-8-------------
1 43271U 18033A   21279.84413861 -.00000093  00000-0  00000+0 0  9990
2 43271   0.0118 223.6250 0000911 327.7646 290.2407  1.00270900 12854
HYLAS-4-----------------
1 43272U 18033B   21280.05743972 -.00000234  00000-0  00000+0 0  9992
2 43272   0.0313 182.0780 0004456 359.7587 181.2885  1.00275164 12884
IRNSS-1I----------------
1 43286U 18035A   21279.10496477  .00000123  00000-0  00000-0 0  9995
2 43286  29.3153 101.5146 0020271 179.0129 187.5010  1.00278106 12883
USA-283-----------------
1 43339U 18036A   21279.55152166 -.00000318  00000-0  00000+0 0  9994
2 43339   0.0266 219.4448 0000801  85.3824  43.2773  1.00273248  1542
COSMOS-2526-------------
1 43432U 18037A   21279.96108672 -.00000346  00000-0  00000+0 0  9998
2 43432   0.0232 139.6620 0000634  77.8976 272.3405  1.00268973 12775
APSTAR-6C---------------
1 43450U 18041A   21279.91033718 -.00000319  00000-0  00000-0 0  9997
2 43450   0.0300 264.3228 0002758 319.2585 253.9580  1.00271671 12654
BANGABANDHUSAT-1--------
1 43463U 18044A   21279.97915229 -.00000364  00000-0  00000+0 0  9995
2 43463   0.0210 261.7536 0002361 294.5320 291.1680  1.00269906 12544
SES-12------------------
1 43488U 18049A   21279.85813321 -.00000271  00000-0  00000-0 0  9992
2 43488   0.0444  50.1899 0001991 194.4359 175.0496  1.00270033 12234
FENGYUN-2H--------------
1 43491U 18050A   21279.89934769 -.00000128  00000-0  00000-0 0  9993
2 43491   0.5097 104.8124 0003939  38.9227 274.7924  1.00275187 12244
BEIDOU-IGSO-7-----------
1 43539U 18057A   21279.96088294 -.00000123  00000-0  00000-0 0  9999
2 43539  55.0618 177.9595 0041002 223.8783  72.3537  1.00287951 11961
TELSTAR-19V-------------
1 43562U 18059A   21279.87108900 -.00000281  00000-0  00000-0 0  9999
2 43562   0.0098 198.3497 0002844 321.7608 106.2422  1.00270250 11966
TELKOM-4-(MERAH-PUTIH)--
1 43587U 18064A   21279.90519130 -.00000345  00000-0  00000-0 0  9998
2 43587   0.0186 188.5623 0001551  25.9494 235.1592  1.00269648 11670
TELSTAR-18V-(APSTAR-5C)-
1 43611U 18069A   21279.91112214 -.00000295  00000-0  00000-0 0  9998
2 43611   0.0073 266.9138 0001930 276.2135 298.6867  1.00270261 11446
AZERSPACE-2-(IS-38)-----
1 43632U 18074A   21279.89263188  .00000135  00000-0  00000-0 0  9993
2 43632   0.0196 167.7689 0001338  32.1883 182.2826  1.00271245 11272
HORIZONS-3E-------------
1 43633U 18074B   21279.84553410 -.00000032  00000-0  00000-0 0  9996
2 43633   0.0185  22.2864 0001056 268.8645 197.9977  1.00270349 11153
AEHF-4-(USA-288)--------
1 43651U 18079A   21279.87012961 -.00000280  00000-0  00000-0 0  9990
2 43651   2.9339 313.4250 0002839 245.2035  62.8308  1.00273681 11106
BEIDOU-3-G1-------------
1 43683U 18085A   21279.98325156 -.00000280  00000-0  00000+0 0  9996
2 43683   0.9119 211.9813 0004749  30.2609 267.5635  1.00267115 10867
GSAT-29-----------------
1 43698U 18089A   21279.89463789  .00000083  00000-0  00000-0 0  9992
2 43698   0.0669  90.5648 0002096 117.0442 185.3183  1.00271712 10596
ES'HAIL-2---------------
1 43700U 18090A   21280.08521639  .00000143  00000-0  00000+0 0  9996
2 43700   0.0138 248.2809 0002226 330.2219 213.9608  1.00272521 10733
GEO-KOMPSAT-2A----------
1 43823U 18100A   21279.96396338 -.00000346  00000-0  00000-0 0  9992
2 43823   0.0432 327.5956 0001762 273.8584 249.6631  1.00267827 10433
GSAT-11-----------------
1 43824U 18100B   21280.04193968 -.00000079  00000-0  00000+0 0  9990
2 43824   0.0239 238.0404 0005968 248.6304 338.3734  1.00272109 10445
GSAT-7A-----------------
1 43864U 18105A   21280.13633581  .00000025  00000-0  00000+0 0  9999
2 43864   0.0702 121.8014 0002258  83.6860 282.3877  1.00271993 10270
COSMOS-2533-------------
1 43867U 18107A   21280.06739954 -.00000040  00000-0  00000+0 0  9995
2 43867   0.0131 158.7504 0000171  78.5892 232.8819  1.00270196 10249
TJS-3-------------------
1 43874U 18110A   21279.93549900  .00000081  00000-0  00000-0 0  9996
2 43874   0.0393 304.4324 0002944 234.7679 233.3565  1.00053250 10228
TJS-3-AKM---------------
1 43917U 18110C   21279.93684955  .00000053  00000-0  00000-0 0  9993
2 43917   0.0278 235.5529 0006514 318.0463 218.7217  1.00273865 10174
CHINASAT-2D-(ZX-2D)-----
1 43920U 19001A   21279.90955221 -.00000339  00000-0  00000-0 0  9999
2 43920   0.0406 306.5748 0001466  37.8464 128.8023  1.00268962 10168
HELLAS-SAT-4-&-SGS-1----
1 44034U 19007A   21280.12688140  .00000151  00000-0  00000+0 0  9991
2 44034   0.0639 129.1460 0006087  32.5817 298.9805  1.00271052 10162
GSAT-31-----------------
1 44035U 19007B   21280.03670657  .00000124  00000-0  00000+0 0  9996
2 44035   0.0180 138.2200 0003871  89.1761 209.6012  1.00269862  9782
NUSANTARA-SATU----------
1 44048U 19009A   21279.91269206 -.00000236  00000-0  00000+0 0  9996
2 44048   0.0175 181.7608 0001892   6.6446 301.9374  1.00268049  9581
CHINASAT-6C-(ZX-6C)-----
1 44067U 19012A   21279.90955221 -.00000338  00000-0  00000-0 0  9993
2 44067   0.0738 269.5656 0003518  10.8053 192.8923  1.00270691  9542
WGS-10-(USA-291)--------
1 44071U 19014A   21280.06934397  .00000045  00000-0  00000+0 0  9993
2 44071   0.0199 189.8977 0000325 276.8860 354.4464  1.00270743  9422
TIANLIAN-2-01-----------
1 44076U 19017A   21279.89952212 -.00000139  00000-0  00000-0 0  9992
2 44076   0.8611 282.3942 0033462 228.9829 268.2703  1.00270887  9423
ARABSAT-6A--------------
1 44186U 19021A   21279.88975368  .00000152  00000-0  00000-0 0  9999
2 44186   0.0569 332.0051 0005928 258.9258 135.6522  1.00273678  8974
BEIDOU-3-IGSO-1---------
1 44204U 19023A   21279.78458565 -.00000202  00000-0  00000-0 0  9993
2 44204  56.1874  55.7098 0022767 185.5551 175.2356  1.00287932  9173
BEIDOU-2-G8-------------
1 44231U 19027A   21279.91243042 -.00000249  00000-0  00000-0 0  9995
2 44231   0.3197  40.1463 0007326 164.3748 284.2453  1.00268449  8881
YAMAL-601---------------
1 44307U 19031A   21279.89341684  .00000118  00000-0  00000-0 0  9996
2 44307   0.0160 195.4100 0001947   1.8690 189.1396  1.00272653  8744
AT&T-T-16---------------
1 44333U 19034A   21279.62552753 -.00000116  00000-0  00000-0 0  9999
2 44333   0.0026 180.3769 0000383 262.3102  57.1624  1.00269175  8443
EUTELSAT-7C-------------
1 44334U 19034B   21280.06854830  .00000047  00000-0  00000+0 0  9992
2 44334   0.0394 251.5355 0002984 286.2038 229.8917  1.00272897  8949
BEIDOU-3-IGSO-2---------
1 44337U 19035A   21279.66930924 -.00000123  00000-0  00000-0 0  9996
2 44337  55.0969 173.9946 0020193 181.6051  20.4202  1.00278690  8509
COSMOS-2539-------------
1 44457U 19048A   21279.61577044  .00000080  00000-0  00000-0 0  9999
2 44457   0.0173 141.8970 0000317 186.8167 280.4876  1.00274419  8039
EDRS-C------------------
1 44475U 19049A   21278.87237390  .00000153  00000-0  00000+0 0  9994
2 44475   0.0960 271.4118 0000641 299.1917 149.4220  1.00274778  7997
INTELSAT-39-(IS-39)-----
1 44476U 19049B   21279.89594617  .00000032  00000-0  00000-0 0  9993
2 44476   0.0184 232.6043 0000879 167.4520   0.2145  1.00270809  7960
AMOS-17-----------------
1 44479U 19050A   21279.92063257  .00000108  00000-0  00000-0 0  9997
2 44479   0.0191 243.7686 0001884 309.4482 171.0290  1.00270156  7995
AEHF-5-(USA-292)--------
1 44481U 19051A   21280.14517251  .00000076  00000-0  00000+0 0  9998
2 44481   4.9512 305.4311 0004136 235.5551 301.8458  1.00268015  8078
EUTELSAT-5-WEST-B-------
1 44624U 19067A   21279.88260179 -.00000043  00000-0  00000-0 0  9993
2 44624   0.0693  25.4748 0005656 117.5323 185.5032  1.00271458  7250
MEV-1-------------------
1 44625U 19067B   21279.37568986 -.00000203  00000-0  00000-0 0  9993
2 44625   0.0246 101.8714 0000904  96.8894 284.2789  1.00270827  5781
TJS-4-------------------
1 44637U 19070A   21280.07098661 -.00000171  00000-0  00000+0 0  9990
2 44637   0.0927 103.2412 0002305 192.5539 189.2624  1.00269454  7360
BEIDOU-3-IGSO-3---------
1 44709U 19073A   21279.73268407 -.00000152  00000-0  00000-0 0  9991
2 44709  57.6675 299.0129 0020357 185.7256 274.3796  1.00283604  7262
TIBA-1------------------
1 44800U 19080A   21280.10327201  .00000154  00000-0  00000+0 0  9992
2 44800   0.0625 350.3495 0002407 205.8058 252.5445  1.00274512  6893
INMARSAT-GX5------------
1 44801U 19080B   21279.88582887  .00000073  00000-0  00000-0 0  9990
2 44801   0.0540 339.5782 0002241 216.0054 150.0941  1.00271188  6916
JCSAT-18-(KACIFIC-1)----
1 44868U 19091A   21279.91356425 -.00000202  00000-0  00000-0 0  9991
2 44868   0.0252 283.2086 0000846 299.5640 271.9029  1.00271958  6833
ELEKTRO-L-3-------------
1 44903U 19095A   21279.89882437 -.00000099  00000-0  00000-0 0  9993
2 44903   0.0567   9.0877 0001549 226.3035 179.9750  1.00272224  6522
SHIJIAN-20-(SJ-20)------
1 44910U 19097A   21279.92501803 -.00000208  00000-0  00000-0 0  9994
2 44910   0.5313  93.4435 0003699  56.1336 286.7819  1.00270306  6502
TJS-5-------------------
1 44978U 20002A   21279.90501686 -.00000344  00000-0  00000-0 0  9994
2 44978   0.2750 284.1750 0004711 224.0929 300.8348  1.00268853  6517
GSAT-30-----------------
1 45026U 20005A   21280.07098661 -.00000166  00000-0  00000+0 0  9997
2 45026   0.0478 102.7679 0003410   8.4707  13.2701  1.00272576  6341
EUTELSAT-KONNECT--------
1 45027U 20005B   21280.06854830  .00000048  00000-0  00000+0 0  9993
2 45027   0.0474 111.2655 0000479 203.9228  92.6691  1.00270293  7141
JCSAT-17----------------
1 45245U 20013A   21279.53603788 -.00000323  00000-0  00000+0 0  9995
2 45245   6.4065 344.4693 0003552 201.0751 158.8298  1.00273828  6050
GEO-KOMPSAT-2B----------
1 45246U 20013B   21279.90920333 -.00000346  00000-0  00000-0 0  9991
2 45246   0.0139  71.8720 0000913  73.2431 326.2119  1.00265898  6070
BEIDOU-3-G2-------------
1 45344U 20017A   21279.89960934 -.00000145  00000-0  00000-0 0  9990
2 45344   2.2970 340.3940 0003060 178.2289 261.0597  1.00271858  6087
AEHF-6-(USA-298)--------
1 45465U 20022B   21279.98281545 -.00000308  00000-0  00000+0 0  9994
2 45465   6.5345 304.9929 0048061 349.8123 212.6124  1.00274561  5799
BEIDOU-3-G3-------------
1 45807U 20040A   21279.98880837 -.00000358  00000-0  00000-0 0  9999
2 45807   2.0308 299.1144 0010675 337.3662 205.9005  1.00268940  4890
APSTAR-6D---------------
1 45863U 20045A   21279.98211771 -.00000318  00000-0  00000+0 0  9996
2 45863   0.0463  97.7217 0002148  69.4981 336.2133  1.00273813  4668
KOREASAT-116------------
1 45920U 20048A   21279.90676123 -.00000363  00000-0  00000-0 0  9992
2 45920   0.0298 273.0078 0001254 285.2696 260.1490  1.00268234  4448
EXPRESS-103-------------
1 45985U 20053A   21279.68877894 -.00000282  00000-0  00000+0 0  9991
2 45985   0.0321 317.5662 0000445 307.0249  95.4342  1.00272424  4459
EXPRESS-80--------------
1 45986U 20053B   21279.89960934 -.00000138  00000-0  00000-0 0  9994
2 45986   0.0419 334.9850 0001411 300.4450 144.2168  1.00271537  4458
BSAT-4B-----------------
1 46112U 20056A   21279.92248275 -.00000352  00000-0  00000-0 0  9998
2 46112   0.0757 113.7174 0003353  51.8470 292.1857  1.00272168  4193
MEV-2-------------------
1 46113U 20056B   21279.31993855 -.00000012  00000-0  00000-0 0  9996
2 46113   0.0233 108.2445 0000924  93.5408 287.6201  1.00271798 63430
GALAXY-30-(G-30)--------
1 46114U 20056C   21279.71514293  .00000036  00000-0  00000-0 0  9991
2 46114   0.0140 243.5854 0002810 313.1865 311.2933  1.00271458  4107
GAOFEN-13---------------
1 46610U 20071A   21279.92381178 -.00000365  00000-0  00000-0 0  9992
2 46610   1.1324 276.4103 0003350 269.7462 280.0880  1.00271431  3727
TIANTONG-1-2------------
1 46916U 20082A   21279.90850559 -.00000364  00000-0  00000-0 0  9994
2 46916   4.7389 297.4305 0002739 241.8813 288.4716  1.00270915  3461
LUCAS-(JDRS-1)----------
1 47202U 20089A   21279.90170257 -.00000238  00000-0  00000-0 0  9990
2 47202   0.0414 114.4032 0001713  54.4707 262.2848  1.00274439  3218
SXM-7-------------------
1 47240U 20096A   21280.00418389 -.00000023  00000-0  00000+0 0  9995
2 47240   0.0220 204.8513 0001189 167.5568 249.6645  1.00269195  3140
CMS-01------------------
1 47256U 20099A   21280.07098661 -.00000167  00000-0  00000+0 0  9998
2 47256   0.0731  97.3735 0006369 151.5094 235.6925  1.00271792  3004
TURKSAT-5A--------------
1 47306U 21001A   21279.93174410  .00000153  00000-0  00000-0 0  9993
2 47306   0.0199 169.8442 0000139 197.5931  14.7470  1.00271895  2786
TIANTONG-1-3------------
1 47321U 21003A   21279.68452934 -.00000164  00000-0  00000-0 0  9997
2 47321   4.9900 308.8193 0003623 264.7960 129.9228  1.00272262  2783
TJS-6-------------------
1 47613U 21010A   21279.84727845  .00000040  00000-0  00000-0 0  9995
2 47613   0.4438 281.6123 0001869 337.1619 240.4492  1.00269468  2642
SBIRS-GEO-5-(USA-315)---
1 48618U 21042A   21280.07740528 -.00000294  00000-0  00000+0 0  9997
2 48618   7.7763 327.2010 0002461 215.6285 168.2292  1.00547763  1549
FENGYUN-4B--------------
1 48808U 21047A   21279.98314594 -.00000359  00000-0  00000+0 0  9993
2 48808   0.2298 283.8498 0001036 100.5364 108.8882  1.00260028  1388
SXM-8-------------------
1 48838U 21049A   21279.86664088 -.00000206  00000-0  00000-0 0  9993
2 48838   0.1120 103.6897 0001836 262.6532 236.1836  1.00270197  1439
TIANLIAN-1-05-----------
1 49011U 21063A   21279.88574164  .00000066  00000-0  00000-0 0  9993
2 49011   2.8038 285.9619 0002997 331.7235  87.5316  1.00269282   896
STAR-ONE-D2-------------
1 49055U 21069A   21279.15266856 -.00000267  00000-0  00000+0 0  9996
2 49055   0.0157 191.6522 0002738  20.5214 147.8395  1.00275522   717
EUTELSAT-QUANTUM--------
1 49056U 21069B   21280.03670657  .00000125  00000-0  00000+0 0  9996
2 49056   0.0162 160.9944 0002182  87.3851 188.4628  1.00270433   730
CHINASAT-2E-(ZX-2E)-----
1 49062U 21071A   21280.04673667 -.00000293  00000-0  00000+0 0  9998
2 49062   0.1902 265.8494 0001370  26.0058 198.9876  1.00271864   877
TJS-7-------------------
1 49115U 21077A   21280.21866133 -.00000232  00000-0  00000+0 0  9997
2 49115   0.9231 275.4339 0001233 298.0990  27.8193  1.00271125   623
CHINASAT-9B-------------
1 49125U 21080A   21279.90388303 -.00000314  00000-0  00000-0 0  9996
2 49125   0.0388 259.7680 0003875 278.6885 264.1560  1.00270339   454
