TDRS-3------------------
1 19548U 88091B   23008.81942455 -.00000288  00000+0  00000+0 0  9991
2 19548  13.5642 349.7355 0040230 332.3977  32.2140  1.00272546112800
FLTSATCOM-8-(USA-46)----
1 20253U 89077A   23008.72312034 -.00000069  00000+0  00000+0 0  9992
2 20253  12.7982 358.8702 0002279 160.0346 281.3331  1.00270875248023
SKYNET-4C---------------
1 20776U 90079A   23008.62062780  .00000135  00000+0  00000+0 0  9998
2 20776  13.7437 358.5299 0003352 289.4241  76.8555  1.00267788118301
TDRS-5------------------
1 21639U 91054B   23008.67198404  .00000093  00000+0  00000+0 0  9992
2 21639  14.2208   3.0529 0026841 349.4479 189.6753  1.00273659115122
TDRS-6------------------
1 22314U 93003B   23008.82003469 -.00000286  00000+0  00000+0 0  9997
2 22314  14.1427   6.3156 0006570 137.2734 213.6601  1.00265859109813
AMSC-1------------------
1 23553U 95019A   23008.59247351 -.00000086  00000+0  00000+0 0  9994
2 23553  12.1358  24.8614 0006095 267.5029 281.3101  1.00272233101587
TDRS-7------------------
1 23613U 95035B   23008.72724207 -.00000190  00000+0  00000+0 0  9990
2 23613  13.8979 357.0243 0024962  50.2114  47.2881  1.00268494100661
INMARSAT-3-F1-----------
1 23839U 96020A   23008.85091420 -.00000249  00000+0  00000+0 0  9998
2 23839   7.9636  56.7661 0003579 212.9047 244.7401  0.99981286 97705
INMARSAT-3-F2-----------
1 24307U 96053A   23007.96460038 -.00000184  00000+0  00000+0 0  9999
2 24307   6.9808  65.4154 0002502 249.9692 120.0917  1.00002346 96364
AMC-1-(GE-1)------------
1 24315U 96054A   23008.51619205  .00000073  00000+0  00000+0 0  9999
2 24315   6.1041  71.3982 0003717 214.5297 236.7844  1.00271966 33739
INMARSAT-3-F3-----------
1 24674U 96070A   23008.73008042  .00000114  00000+0  00000+0 0  9996
2 24674   7.5761  60.3148 0004777 218.9469 314.5656  0.99987388 95350
AMC-3-(GE-3)------------
1 24936U 97050A   23008.59962104 -.00000251  00000+0  00000+0 0  9991
2 24936   5.0460  77.5459 0003368 211.5248 322.6626  1.00272858 39845
USA-134-----------------
1 25019U 97065A   23008.59160185 -.00000054  00000+0  00000+0 0  9990
2 25019  11.2892  30.2175 0003835 297.5989 240.8882  1.00274098 20362
ASTRA-1G----------------
1 25071U 97076A   23008.83302227  .00000123  00000+0  00000+0 0  9998
2 25071   6.7137  66.6953 0004089 221.8382 138.8364  1.00272898 91957
INMARSAT-3-F5-----------
1 25153U 98006B   23008.59604517 -.00000281  00000+0  00000+0 0  9999
2 25153   6.8564  64.3432 0005390 222.2967 341.8099  1.00274774 91305
ASTRA-2A----------------
1 25462U 98050A   23008.84051847  .00000079  00000+0  00000+0 0  9995
2 25462   3.9173  83.3695 0003536 199.7151 184.8208  1.00270258 33752
SKYNET-4E---------------
1 25639U 99009B   23008.75718873 -.00000025  00000+0  00000+0 0  9997
2 25639  11.3499  15.8350 0003296 269.7478  93.7740  1.00270668 38808
AMC-4-(GE-4)------------
1 25954U 99060A   23008.73720852  .00000099  00000+0  00000+0 0  9992
2 25954   2.0384  89.5154 0003204 206.4475 302.5325  1.00271654 30967
ASIASTAR----------------
1 26107U 00016A   23008.85226631 -.00000325  00000+0  00000+0 0  9998
2 26107   6.1618  70.3040 0004647 216.3117 233.3007  1.00273778 83336
TDRS-8------------------
1 26388U 00034A   23008.72911885 -.00000222  00000+0  00000+0 0  9993
2 26388  10.6907  41.1297 0019938 331.2696  87.0762  1.00263819 82590
AMC-6-(GE-6)------------
1 26580U 00067A   23008.72973177  .00000118  00000+0  00000+0 0  9998
2 26580   0.0277 314.7046 0002715 334.4109 302.5746  1.00271377 81311
ANIK-F1-----------------
1 26624U 00076A   23008.87913257 -.00000050  00000+0  00000+0 0  9992
2 26624   1.9553  90.1559 0002130 196.7634  28.5269  1.00272551 30554
ASTRA-2D----------------
1 26638U 00081A   23008.83380677  .00000137  00000+0  00000+0 0  9998
2 26638   7.7270  58.8928 0001800 224.7092 148.3740  1.00275295 40322
ASTRA-2C----------------
1 26853U 01025A   23008.64417457 -.00000250  00000+0  00000+0 0  9999
2 26853   5.0703  77.3572 0003310 217.0050 332.9616  1.00269279 32454
TDRS-9------------------
1 27389U 02011A   23008.03382529 -.00000268  00000+0  00000+0 0  9993
2 27389   9.4432  58.8315 0016110 284.4860  72.4073  1.00083220 77849
DIRECTV-5-(TEMPO-1)-----
1 27426U 02023A   23008.87895823 -.00000044  00000+0  00000+0 0  9998
2 27426   1.6496  90.8025 0003410 199.1361  24.5037  1.00271647 75530
TDRS-10-----------------
1 27566U 02055A   23008.79501834  .00000096  00000+0  00000+0 0  9991
2 27566   8.5787  48.7961 0006146 311.0759 223.2780  1.00268608 73646
NIMIQ-2-----------------
1 27632U 02062A   23008.43559529 -.00000058  00000+0  00000+0 0  9997
2 27632   6.4831  68.9777 0007623 198.6557 247.7544  1.00272188 31597
ASIASAT-4---------------
1 27718U 03014A   23008.86951537 -.00000210  00000+0  00000+0 0  9992
2 27718   1.4850  91.5104 0002720 205.2697 271.9431  1.00272155 32710
HELLAS-SAT-2------------
1 27811U 03020A   23008.82718222 -.00000072  00000+0  00000+0 0  9997
2 27811   4.1975  82.3899 0007635 201.2489 112.2358  1.00271335 30257
OPTUS-C1----------------
1 27831U 03028B   23008.87126715 -.00000140  00000+0  00000+0 0  9998
2 27831   3.7147  84.1944 0005956 204.3583 288.9723  1.00272481 40474
USA-170-----------------
1 27875U 03040A   23008.46207469 -.00000265  00000+0  00000+0 0  9999
2 27875   7.8135  58.4827 0002473 213.6714 319.6525  1.00271983 20373
YAMAL-202---------------
1 28089U 03053A   23008.86169956 -.00000069  00000+0  00000+0 0  9995
2 28089   3.1528  85.7622 0003527 175.3912 320.6767  1.00272029 70093
AMC-11-(GE-11)----------
1 28252U 04017A   23005.00548841 -.00000079  00000+0  00000+0 0  9996
2 28252   0.0448 300.8212 0008576 243.1304 171.2441  1.00556615 68245
ANIK-F2-----------------
1 28378U 04027A   23008.87869674 -.00000036  00000+0  00000+0 0  9997
2 28378   0.1828  91.5567 0000500 219.7526   2.0292  1.00270494 28674
AMC-15------------------
1 28446U 04041A   23008.87956838 -.00000075  00000+0  00000+0 0  9991
2 28446   0.0245 333.6256 0002670 311.2713  34.8467  1.00272015 66729
XTAR-EUR----------------
1 28542U 05005A   23007.87488531  .00000163  00000+0  00000+0 0  9995
2 28542   1.0949  92.2891 0003729 193.1661 165.6473  1.00270945 65590
INMARSAT-4-F1-----------
1 28628U 05009A   23008.86799301 -.00000250  00000+0  00000+0 0  9992
2 28628   3.7701  37.1080 0003124 256.5546 270.4503  1.00271650 65080
DIRECTV-8---------------
1 28659U 05019A   23008.79285429  .00000014  00000+0  00000+0 0  9997
2 28659   0.0157  58.5915 0003231 233.8707 341.9808  1.00272023 64489
SYRACUSE-3A-------------
1 28885U 05041B   23008.83851366  .00000141  00000+0  00000+0 0  9998
2 28885   1.6393  90.9592 0003515 199.7286 166.2787  1.00269815 63160
INMARSAT-4-F2-----------
1 28899U 05044A   23008.14563170  .00000021  00000+0  00000+0 0  9990
2 28899   3.6645  39.1431 0003198 251.3325 293.2667  1.00271532 62920
SPACEWAY-2--------------
1 28903U 05046B   23008.72973177  .00000114  00000+0  00000+0 0  9997
2 28903   2.3741  86.0551 0001179 179.1384 326.6145  1.00272649 38758
ECHOSTAR-10-------------
1 28935U 06003A   23008.87887108 -.00000042  00000+0  00000+0 0  9991
2 28935   0.0253 316.4009 0001705 347.2826  10.6570  1.00272101 61883
SPAINSAT----------------
1 28945U 06007A   23008.78294741 -.00000203  00000+0  00000+0 0  9990
2 28945   0.0251 283.5124 0006034 348.7590  87.6595  1.00271278 61625
ASTRA-1KR---------------
1 29055U 06012A   23008.83293510  .00000133  00000+0  00000+0 0  9999
2 29055   0.0457 269.6178 0005162 349.6444 167.8683  1.00271333 33135
SYRACUSE-3B-------------
1 29273U 06033B   23008.82814104 -.00000031  00000+0  00000+0 0  9999
2 29273   0.0312  97.4720 0004566 192.9813 110.5602  1.00271977 60111
DIRECTV-9S--------------
1 29494U 06043A   23008.88052720 -.00000100  00000+0  00000+0 0  9996
2 29494   0.0206  47.4943 0003307 248.3638  28.0903  1.00269620 38791
OPTUS-D1----------------
1 29495U 06043B   23007.85686448 -.00000098  00000+0  00000+0 0  9999
2 29495   0.0239  88.8644 0003625 197.7339 289.0200  1.00272147 59524
AMC-18------------------
1 29644U 06054B   23008.68451927 -.00000202  00000+0  00000+0 0  9998
2 29644   0.0213  56.8772 0002937 239.9418 334.5691  1.00271361 58943
SKYNET-5A---------------
1 30794U 07007B   23008.90674248 -.00000260  00000+0  00000+0 0  9997
2 30794   2.0867  88.3308 0003375 200.7153 240.7485  1.00272250 58118
ANIK-F3-----------------
1 31102U 07009A   23008.87712778  .00000013  00000+0  00000+0 0  9995
2 31102   0.0262  54.9643 0001984 257.2952 352.9651  1.00268998 33970
ASTRA-1L----------------
1 31306U 07016A   23008.83293510  .00000133  00000+0  00000+0 0  9996
2 31306   0.0553 317.8496 0005547 329.6663 139.6276  1.00271311 32423
DIRECTV-10--------------
1 31862U 07032A   23008.32410351 -.00000090  00000+0  00000+0 0  9992
2 31862   0.0115  91.6641 0000526 266.0038 123.8100  1.00270026 33003
SPACEWAY-3--------------
1 32018U 07036A   23008.88192184 -.00000139  00000+0  00000+0 0  9996
2 32018   0.7515  91.2395 0000044 283.0273 316.4242  1.00271482 33964
BSAT-3A-----------------
1 32019U 07036B   23008.85428016 -.00000337  00000+0  00000+0 0  9990
2 32019   0.0593 227.6125 0003569  29.0800 268.8137  1.00271702 37938
OPTUS-D2----------------
1 32252U 07044A   23008.87106713 -.00000170  00000+0  00000+0 0  9992
2 32252   0.0359 274.1131 0003903  13.3163 286.3023  1.00272619 55983
WGS-F1-(USA-195)--------
1 32258U 07046A   23008.68684657  .00000054  00000+0  00000+0 0  9997
2 32258   0.0181  24.7842 0000592 288.9005  47.5346  1.00272287 39759
SKYNET-5B---------------
1 32294U 07056B   23008.83415542  .00000153  00000+0  00000+0 0  9990
2 32294   2.0433  87.6120 0003622 208.0524 137.8427  1.00268998 55603
ASTRA-4A-(SIRIUS-4)-----
1 32299U 07057A   23008.89632427  .00000046  00000+0  00000+0 0  9996
2 32299   0.0121   7.2536 0003054 280.0539 148.3433  1.00272832 39073
THOR-5------------------
1 32487U 08006A   23008.82901269  .00000004  00000+0  00000+0 0  9990
2 32487   0.0148 279.9174 0002869  15.9021 109.9881  1.00271464 54719
AMC-14------------------
1 32708U 08011A   23008.76084965  .00000078  00000+0  00000+0 0  9991
2 32708  22.3615  35.6679 0038106 353.2571  10.4925  1.00272786 55577
DIRECTV-11--------------
1 32729U 08013A   23008.88113736 -.00000112  00000+0  00000+0 0  9998
2 32729   0.0188  87.5239 0000973 180.4045  58.2425  1.00268998 33002
STAR-ONE-C2-------------
1 32768U 08018B   23008.84632583 -.00000263  00000+0  00000+0 0  9995
2 32768   0.0297 344.7699 0002701 302.1351  60.8806  1.00273367 54087
SKYNET-5C---------------
1 33055U 08030A   23008.84285470 -.00000127  00000+0  00000+0 0  9997
2 33055   0.5590  87.4799 0005103 208.9061  97.3385  1.00271585 53367
TURKSAT-3A--------------
1 33056U 08030B   23008.83746769  .00000159  00000+0  00000+0 0  9994
2 33056   0.0504 107.4835 0002989 162.5931 181.5038  1.00273485 39773
ECHOSTAR-11-------------
1 33207U 08035A   23008.87895823 -.00000043  00000+0  00000+0 0  9990
2 33207   0.0155 322.7647 0002917 319.9315  31.8758  1.00272020 38635
AMC-21------------------
1 33275U 08038B   23008.74943653  .00000049  00000+0  00000+0 0  9994
2 33275   0.0446 298.0934 0002656 354.4282 320.3901  1.00271967 52905
INMARSAT-4-F3-----------
1 33278U 08039A   23008.43907034 -.00000128  00000+0  00000+0 0  9996
2 33278   3.3789  22.2256 0002739 268.9424 236.6169  1.00271104 33959
NIMIQ-4-----------------
1 33373U 08044A   23008.81280000 -.00000207  00000+0  00000+0 0  9995
2 33373   0.0476  78.0555 0002369 226.9352  13.7413  1.00268034 52399
ASTRA-1M----------------
1 33436U 08057A   23008.83293510  .00000133  00000+0  00000+0 0  9998
2 33436   0.0190  75.5841 0001815 158.5869 192.9838  1.00270589 33130
CIEL-2------------------
1 33453U 08063A   23008.74128260  .00000071  00000+0  00000+0 0  9994
2 33453   0.0150  62.5459 0003302 229.2664 314.2180  1.00270097 51546
TELSTAR-11N-------------
1 34111U 09009A   23008.82169083 -.00000238  00000+0  00000+0 0  9990
2 34111   0.0167  51.1471 0002719 237.1171  78.0976  1.00271406 33640
WGS-F2-(USA-204)--------
1 34713U 09017A   23008.23521716  .00000080  00000+0  00000+0 0  9991
2 34713   0.0190  21.1093 0000665 233.2472 355.3386  1.00271956 33028
GOES-14-----------------
1 35491U 09033A   23008.88009139 -.00000079  00000+0  00000+0 0  9993
2 35491   0.0979 241.8146 0017369 346.5373  92.2821  1.00269977 49527
ASIASAT-5---------------
1 35696U 09042A   23008.85028390 -.00000295  00000+0  00000+0 0  9997
2 35696   0.0194  71.5204 0001429 198.3541 244.8394  1.00273642 49104
OPTUS-D3----------------
1 35756U 09044B   23008.59452206 -.00000134  00000+0  00000+0 0  9996
2 35756   0.0285  11.4972 0004007 288.9159 177.4941  1.00272148 48976
NIMIQ-5-----------------
1 35873U 09050A   23008.85188566 -.00000244  00000+0  00000+0 0  9999
2 35873   0.0201  77.4027 0002475 202.2811  62.4230  1.00271125 48763
AMAZONAS-2--------------
1 35942U 09054A   23008.84632583 -.00000269  00000+0  00000+0 0  9999
2 35942   0.0296 131.9396 0000876 109.8867 109.9755  1.00273530 48597
COMSATBW-1--------------
1 35943U 09054B   23008.84173876  .00000037  00000+0  00000+0 0  9997
2 35943   0.0671  64.5991 0002814 224.2782 185.2559  1.00273782 48711
THOR-6------------------
1 36033U 09058B   23008.82901269  .00000003  00000+0  00000+0 0  9998
2 36033   0.0137  96.9904 0002001 197.8042 110.9079  1.00272224 48413
WGS-F3-(USA-211)--------
1 36108U 09068A   23008.83389392  .00000151  00000+0  00000+0 0  9994
2 36108   0.2811  96.5269 0000383 332.2406   3.4772  1.00272785 34016
DIRECTV-12--------------
1 36131U 09075A   23008.43424148 -.00000091  00000+0  00000+0 0  9997
2 36131   0.0064 166.7290 0000277 133.0366 221.5628  1.00272108 33974
GOES-15-----------------
1 36411U 10008A   23008.73191089  .00000067  00000+0  00000+0 0  9996
2 36411   0.0535 291.5622 0003064 267.5741  44.4064  1.00265455 47070
ECHOSTAR-14-------------
1 36499U 10010A   23008.42309675  .00000013  00000+0  00000+0 0  9994
2 36499   0.0221  41.8321 0002190 259.8613 199.4413  1.00272776 33967
ASTRA-3B----------------
1 36581U 10021A   23008.83380677  .00000150  00000+0  00000+0 0  9996
2 36581   0.0417  22.3374 0002945 266.9740 142.4442  1.00271891 46293
COMSATBW-2--------------
1 36582U 10021B   23008.89632427  .00000101  00000+0  00000+0 0  9992
2 36582   0.0265 124.1794 0002613 171.3715 148.4659  1.00269571 46361
COMS-1------------------
1 36744U 10032A   23008.86228953 -.00000333  00000+0  00000+0 0  9994
2 36744   1.5923  91.4020 0001134 191.5043 263.8239  1.00272355 38508
ECHOSTAR-15-------------
1 36792U 10034A   23008.84632583 -.00000269  00000+0  00000+0 0  9993
2 36792   0.0329  75.4430 0001868 207.1973  68.5143  1.00272819 45745
NILESAT-201-------------
1 36830U 10037A   23008.82779237 -.00000045  00000+0  00000+0 0  9997
2 36830   0.0631 196.2823 0004005  74.2094 128.6073  1.00271291 45771
XM-5--------------------
1 37185U 10053A   23008.37479639 -.00000010  00000+0  00000+0 0  9994
2 37185   0.0250  44.5989 0000660 119.3359 323.4305  1.00269879 44892
BSAT-3B-----------------
1 37207U 10056B   23008.85428016 -.00000337  00000+0  00000+0 0  9990
2 37207   0.0773 299.3623 0004535  11.8945 214.2497  1.00270983 39536
SKYTERRA-1--------------
1 37218U 10061A   23008.88052720 -.00000106  00000+0  00000+0 0  9990
2 37218   2.7119  38.8425 0002077 228.1731  56.8314  1.00271991 44604
HYLAS-1-----------------
1 37237U 10065A   23008.83947248  .00000115  00000+0  00000+0 0  9997
2 37237   2.4339  88.0086 0002212 202.7989 171.2499  1.00274093 44398
KOREASAT-6--------------
1 37265U 10070B   23008.85746184 -.00000349  00000+0  00000+0 0  9992
2 37265   0.0273 112.2927 0003133 185.5124 235.0153  1.00271803 44185
INTELSAT-NEW-DAWN-------
1 37392U 11016A   23008.81507559  .00000168  00000+0  00000+0 0  9999
2 37392   0.0190  71.8046 0000948 174.7647 187.7334  1.00271874 40691
YAHSAT-1A---------------
1 37393U 11016B   23008.83964681  .00000114  00000+0  00000+0 0  9996
2 37393   0.0208  51.9923 0003341 263.9017 147.0053  1.00270184 29829
TELSTAR-14R-------------
1 37602U 11021A   23008.84632583 -.00000267  00000+0  00000+0 0  9999
2 37602   0.0271  69.9031 0003554 257.2929  22.5874  1.00271470 43244
TIANLIAN-1-02-----------
1 37737U 11032A   23008.86248405 -.00000039  00000+0  00000+0 0  9995
2 37737   2.8018  74.7826 0076891   0.9223 149.8761  1.00271217 42136
ASTRA-1N----------------
1 37775U 11041A   23008.83293510  .00000132  00000+0  00000+0 0  9994
2 37775   0.0479  23.5050 0003095 320.1507  83.5085  1.00269847 31933
QUETZSAT-1--------------
1 37826U 11054A   23008.85743696 -.00000228  00000+0  00000+0 0  9999
2 37826   0.0282 316.9987 0002893 328.6718  54.1353  1.00272203 37299
ASIASAT-7---------------
1 37933U 11069A   23008.85197438 -.00000321  00000+0  00000+0 0  9995
2 37933   0.0277 254.7467 0001564  16.1950 249.4054  1.00270641 40874
LUCH-5A-----------------
1 37951U 11074B   23008.74944517 -.00000038  00000+0  00000+0 0  9992
2 37951   5.5358  93.8610 0002381 176.4618 274.4662  1.00274272 40603
NIGCOMSAT-1R------------
1 38014U 11077A   23008.83764201  .00000157  00000+0  00000+0 0  9997
2 38014   0.0168 141.8397 0004118 195.5031 114.8211  1.00273838 40378
FENGYUN-2F--------------
1 38049U 12002A   23008.85477171 -.00000348  00000+0  00000+0 0  9996
2 38049   4.2941  78.0888 0001298 268.9558 180.8625  1.00277994 40292
WGS-F4-(USA-233)--------
1 38070U 12003A   23008.24233338 -.00000202  00000+0  00000+0 0  9998
2 38070   0.0190  24.5725 0000595 264.8070 353.7613  1.00270493 31548
APSTAR-7----------------
1 38107U 12013A   23008.93035591 -.00000089  00000+0  00000+0 0  9990
2 38107   0.0424  97.0244 0002886 178.2993 244.3032  1.00271992 39584
YAHSAT-1B---------------
1 38245U 12016A   23008.48003067  .00000139  00000+0  00000+0 0  9994
2 38245   0.0275  88.8737 0002852 222.9915  16.3048  1.00271957 33006
NIMIQ-6-----------------
1 38342U 12026A   23008.88270632 -.00000160  00000+0  00000+0 0  9996
2 38342   0.0367 290.8200 0002827 358.9921  45.0197  1.00271763 37839
ECHOSTAR-17-------------
1 38551U 12035A   23008.42909992 -.00000062  00000+0  00000+0 0  9997
2 38551   0.0271  52.7412 0001972 234.2626 228.0911  1.00270670 38477
TIANLIAN-1-03-----------
1 38730U 12040A   23008.90327030  .00000136  00000+0  00000+0 0  9993
2 38730   2.5360  88.9223 0004047 320.1057  44.7528  1.00269656 38404
HYLAS-2-----------------
1 38741U 12043B   23008.81507559  .00000167  00000+0  00000+0 0  9998
2 38741   0.0372 269.3912 0002068  10.4655 152.6948  1.00271587 38171
ASTRA-2F----------------
1 38778U 12051A   23008.81507559  .00000163  00000+0  00000+0 0  9993
2 38778   0.0734 242.5785 0003753  13.5260 173.5802  1.00272226 28533
LUCH-5B-----------------
1 38977U 12061A   23007.46292188 -.00000129  00000+0  00000+0 0  9997
2 38977   7.7339  61.0676 0002256 148.2538  47.7381  1.00270736 37575
YAMAL-300K--------------
1 38978U 12061B   23008.86562199  .00000084  00000+0  00000+0 0  9994
2 38978   0.0189  97.0823 0000617 273.8396 231.7899  1.00273917 37049
STAR-ONE-C3-------------
1 38991U 12062A   23008.85743696 -.00000236  00000+0  00000+0 0  9992
2 38991   0.0416 272.4736 0002299  15.0160  54.3256  1.00272708 37168
ECHOSTAR-16-------------
1 39008U 12065A   23008.45823942 -.00000269  00000+0  00000+0 0  9990
2 39008   0.0178  49.5320 0002005 238.4955 283.1718  1.00272716 37033
YAMAL-402---------------
1 39022U 12070A   23008.24077169  .00000098  00000+0  00000+0 0  9990
2 39022   0.0449 111.3516 0004469 170.8805 326.9021  1.00274520 37009
SKYNET-5D---------------
1 39034U 12075A   23008.83964681  .00000112  00000+0  00000+0 0  9994
2 39034   0.0706  17.2964 0004163 268.5972 177.2062  1.00272390 36576
MEXSAT-3----------------
1 39035U 12075B   23008.87791226 -.00000013  00000+0  00000+0 0  9993
2 39035   0.0190  56.0602 0002495 222.4647  30.8686  1.00272795 36595
TDRS-11-----------------
1 39070U 13004A   23008.86614498  .00000094  00000+0  00000+0 0  9997
2 39070   2.7776 352.4782 0003396  45.3078 207.8342  1.00266563 34102
AMAZONAS-3--------------
1 39078U 13006A   23008.84632583 -.00000269  00000+0  00000+0 0  9995
2 39078   0.0114 262.2335 0003947 351.9880  97.5835  1.00270345 32313
AZERSPACE-1-------------
1 39079U 13006B   23008.83833933  .00000146  00000+0  00000+0 0  9990
2 39079   0.0180  40.3544 0002568 270.4089 145.1288  1.00272950 36228
ANIK-G1-----------------
1 39127U 13014A   23008.66427084 -.00000061  00000+0  00000+0 0  9997
2 39127   0.0230  79.9822 0003154 200.8413 318.9311  1.00271248 35668
SES-6-------------------
1 39172U 13026A   23008.19841253 -.00000248  00000+0  00000+0 0  9993
2 39172   0.0239 335.1997 0002511 310.1160 213.0854  1.00271863 35139
IRNSS-1A----------------
1 39199U 13034A   23008.76843302  .00000074  00000+0  00000+0 0  9997
2 39199  32.8874  82.2697 0020917 187.0860 170.3204  1.00271115 34774
WGS-F6-(USA-244)--------
1 39222U 13041A   23008.43591262  .00000102  00000+0  00000+0 0  9993
2 39222   0.0212  85.3025 0000594 207.0623 197.0901  1.00271928 33469
AMOS-4------------------
1 39237U 13045A   23008.84092444  .00000020  00000+0  00000+0 0  9995
2 39237   0.0041 338.9182 0003299 340.0213 156.9025  1.00271917 34374
AEHF-3-(USA-246)--------
1 39256U 13050A   23008.79824345  .00000146  00000+0  00000+0 0  9998
2 39256   2.1835  73.5038 0058465 186.9183 339.9939  1.00267217 33081
ASTRA-2E----------------
1 39285U 13056A   23008.83485274  .00000163  00000+0  00000+0 0  9994
2 39285   0.0548  19.0858 0002531 279.5073 138.5238  1.00271953 33858
RADUGA-1M-3-------------
1 39375U 13062A   23008.94146705  .00000166  00000+0  00000+0 0  9999
2 39375   2.7559  87.4921 0001414 151.7061 242.8944  1.00272450 33548
SES-8-------------------
1 39460U 13071A   23008.87341174 -.00000257  00000+0  00000+0 0  9995
2 39460   0.0445 229.7702 0001027  83.0058 204.7959  1.00271964 31842
INMARSAT-5-F1-----------
1 39476U 13073A   23008.48299428  .00000041  00000+0  00000+0 0  9995
2 39476   0.0181  38.9450 0000045  39.6886 265.6012  1.00270761 33337
EXPRESS-AM5-------------
1 39487U 13077A   23008.86697837 -.00000267  00000+0  00000+0 0  9990
2 39487   0.0480 209.0208 0001185 184.6222 166.6372  1.00270243 33754
GSAT-14-----------------
1 39498U 14001A   23008.88452309 -.00000064  00000+0  00000+0 0  9990
2 39498   0.0449 233.6352 0005989  42.7433 224.2043  1.00271345 32803
THAICOM-6---------------
1 39500U 14002A   23008.84488956 -.00000108  00000+0  00000+0 0  9997
2 39500   0.0880 105.9769 0002403 169.6655 215.1293  1.00270607 32875
ATHENA-FIDUS------------
1 39509U 14006B   23008.83668319  .00000167  00000+0  00000+0 0  9996
2 39509   0.0222  94.9687 0001450 193.4045 158.7378  1.00270075 32492
TURKSAT-4A--------------
1 39522U 14007A   23008.83755486  .00000159  00000+0  00000+0 0  9995
2 39522   0.0674 259.6421 0005107  14.4680 177.5181  1.00269726 32407
AMAZONAS-4A-------------
1 39616U 14011A   23008.85188566 -.00000239  00000+0  00000+0 0  9995
2 39616   0.0162 308.8254 0004128   0.7635  31.2125  1.00273791 32113
ASTRA-5B----------------
1 39617U 14011B   23008.81507559  .00000167  00000+0  00000+0 0  9998
2 39617   0.0369 345.5613 0004116 305.4840 141.9584  1.00270226 32084
LUCH-5V-----------------
1 39727U 14023A   23008.90674248 -.00000257  00000+0  00000+0 0  9994
2 39727   1.9936  77.2224 0003141 231.0207 221.1179  1.00272138 31771
ASIASAT-6---------------
1 40141U 14052A   23008.86854966 -.00000349  00000+0  00000+0 0  9992
2 40141   0.0415 110.9909 0000746 181.5347 248.2016  1.00271936 30574
OPTUS-10----------------
1 40146U 14054A   23008.70491377 -.00000134  00000+0  00000+0 0  9997
2 40146   0.1304 344.5931 0003922 318.1983 214.9645  1.00271903 30448
LUCH-(OLYMP)------------
1 40258U 14058A   23008.84285470 -.00000128  00000+0  00000+0 0  9998
2 40258   0.0142  30.2382 0000545 225.8066 137.3945  1.00274450 28396
INTELSAT-30-(IS-30)-----
1 40271U 14062A   23007.35188337 -.00000138  00000+0  00000+0 0  9998
2 40271   0.0271  45.4573 0002046  63.9181  28.9011  1.00269238 29984
ARSAT-1-----------------
1 40272U 14062B   23008.85188566 -.00000246  00000+0  00000+0 0  9999
2 40272   0.0137  19.7897 0001687 264.6361  58.5652  1.00272114 30023
DIRECTV-14--------------
1 40333U 14078B   23008.36924476 -.00000113  00000+0  00000+0 0  9991
2 40333   0.0256  68.6413 0000456 171.2717 261.4516  1.00273912 29479
YAMAL-401---------------
1 40345U 14082A   23008.87879230 -.00000216  00000+0  00000+0 0  9996
2 40345   0.0198  82.1987 0000586 280.0153 152.2587  1.00271187 29333
ASTRA-2G----------------
1 40364U 14089A   23008.81507559  .00000163  00000+0  00000+0 0  9990
2 40364   0.0358 349.9454 0002254  18.6253  61.1370  1.00270059 29385
INMARSAT-5-F2-----------
1 40384U 15005A   23008.45954691 -.00000272  00000+0  00000+0 0  9996
2 40384   0.0274  53.6515 0000506 310.3744 214.1596  1.00268535 28404
THOR-7------------------
1 40613U 15022A   23008.82901269  .00000004  00000+0  00000+0 0  9996
2 40613   0.0046 320.0810 0002843 327.5540 118.2528  1.00271317 28226
TURKMENALEM52E/MONACOSAT
1 40617U 15023A   23008.83947248  .00000116  00000+0  00000+0 0  9993
2 40617   0.0324  87.4925 0002779 195.0441 179.7941  1.00273370 28251
DIRECTV-15--------------
1 40663U 15026A   23008.32410351 -.00000090  00000+0  00000+0 0  9993
2 40663   0.0184  36.8832 0000237 199.5854 244.9535  1.00271626 27946
SKY-MEXICO-1------------
1 40664U 15026B   23008.88035538 -.00000221  00000+0  00000+0 0  9991
2 40664   0.0109  20.3592 0002361 275.3444  50.6106  1.00271407 27867
STAR-ONE-C4-------------
1 40733U 15034B   23004.29637179 -.00000252  00000+0  00000+0 0  9991
2 40733   0.0258  41.6619 0002562 264.2202 194.4489  1.00272027 27395
EUTELSAT-8-WEST-B-------
1 40875U 15039B   23008.82753088 -.00000053  00000+0  00000+0 0  9993
2 40875   0.0639  19.9345 0002885 297.6755  80.3970  1.00271038 27052
INMARSAT-5-F3-----------
1 40882U 15042A   23008.07595969  .00000062  00000+0  00000+0 0  9993
2 40882   0.0277  53.3143 0000238  89.5555 171.4390  1.00268864 26962
TJS-1-------------------
1 40892U 15046A   23008.89146569 -.00000144  00000+0  00000+0 0  9998
2 40892   0.0117  23.4892 0005073 327.0389 233.5202  1.00271226 26971
ARSAT-2-----------------
1 40941U 15054B   23008.59779057 -.00000212  00000+0  00000+0 0  9999
2 40941   0.0114  19.8213 0001911 265.0079 317.2438  1.00272144 26738
MORELOS-3---------------
1 40946U 15056A   23008.87834809 -.00000026  00000+0  00000+0 0  9997
2 40946   3.4616 338.5386 0002450   0.0279 332.6806  1.00271828 26690
APSTAR-9----------------
1 40982U 15059A   23008.86799253 -.00000253  00000+0  00000+0 0  9994
2 40982   0.0211 250.7896 0002932 358.4190 313.4170  1.00271031 26565
TURKSAT-4B--------------
1 40984U 15060A   23008.83912382  .00000128  00000+0  00000+0 0  9995
2 40984   0.0167 351.8140 0002204 304.2020 164.1745  1.00270026 26523
CHINASAT-2C-(ZX-2C)-----
1 41021U 15063A   23008.49110063 -.00000311  00000+0  00000+0 0  9994
2 41021   0.0580 235.9466 0003056 158.0945 353.9020  1.00274806 26428
LAOSAT-1----------------
1 41034U 15067A   23008.86228985 -.00000330  00000+0  00000+0 0  9997
2 41034   0.0146 190.3013 0002990  60.7585 296.0062  1.00274036 26278
TELSTAR-12V-------------
1 41036U 15068A   23008.84285470 -.00000106  00000+0  00000+0 0  9991
2 41036   0.0181  37.4401 0002716 258.9309 100.1725  1.00272204 26032
ELEKTRO-L-2-------------
1 41105U 15074A   23007.60691845 -.00000106  00000+0  00000+0 0  9995
2 41105   3.5015  85.7462 0002478 162.6969  62.4658  1.00270659 25917
COSMOS-2513-------------
1 41121U 15075A   23008.24285420 -.00000126  00000+0  00000+0 0  9995
2 41121   0.0668 109.8974 0003797 163.4417   1.8656  1.00272199 25937
EXPRESS-AMU1------------
1 41191U 15082A   23008.83633455  .00000168  00000+0  00000+0 0  9995
2 41191   0.0231  42.9773 0002954 262.1125 140.2059  1.00269284 25689
GAOFEN-4----------------
1 41194U 15083A   23007.98949203 -.00000323  00000+0  00000+0 0  9999
2 41194   0.1056 210.9356 0002223  79.9987 278.3702  1.00270734 25939
EUTELSAT-9B-------------
1 41310U 16005A   23008.89632427  .00000075  00000+0  00000+0 0  9995
2 41310   0.0479  68.7901 0005264 203.3267 167.7171  1.00273095 25523
SES-9-------------------
1 41380U 16013A   23008.06175179 -.00000333  00000+0  00000+0 0  9994
2 41380   0.0330 295.6969 0000534  44.8816 257.3009  1.00271865 24847
THAICOM-8---------------
1 41552U 16031A   23008.84488957 -.00000109  00000+0  00000+0 0  9993
2 41552   0.0679  55.8580 0002894 268.7280 166.2154  1.00273589 24138
BRISAT------------------
1 41591U 16039A   23008.26646449 -.00000184  00000+0  00000+0 0  9995
2 41591   0.0213  31.6188 0002296 253.0125  69.3576  1.00270164 24016
GOES-16-----------------
1 41866U 16071A   23008.45553730 -.00000235  00000+0  00000+0 0  9994
2 41866   0.0754 247.7859 0001029  70.6524 238.0859  1.00270303 22523
TIANLIAN-1-04-----------
1 41869U 16072A   23008.79266490  .00000043  00000+0  00000+0 0  9995
2 41869   0.0504  84.6857 0021096  51.0247  74.4909  1.00270514 22720
FENGYUN-4A--------------
1 41882U 16077A   23008.87410384 -.00000318  00000+0  00000+0 0  9993
2 41882   0.0469  40.8628 0005233  12.4184 114.2332  1.00272925 22395
ECHOSTAR-19-------------
1 41893U 16079A   23008.31854931 -.00000126  00000+0  00000+0 0  9993
2 41893   0.0186  40.4316 0001783 261.8207 182.9241  1.00272014 22148
STAR-ONE-D1-------------
1 41904U 16082B   23008.81245135 -.00000197  00000+0  00000+0 0  9993
2 41904   0.0493  78.7532 0001950 228.5442   9.3117  1.00266560 22180
TJS-2-------------------
1 41911U 17001A   23008.84192372  .00000006  00000+0  00000+0 0  9998
2 41911   0.0731  60.3646 0004744 171.7579 245.5909  1.00273675 22144
HISPASAT-36W-1----------
1 41942U 17006A   23008.46329500 -.00000232  00000+0  00000+0 0  9992
2 41942   0.0067 338.7166 0001077 305.9118 313.8986  1.00271691 21638
TELKOM-3S---------------
1 41944U 17007A   23008.85843047 -.00000350  00000+0  00000+0 0  9996
2 41944   0.0268  56.8359 0002515 228.4476 249.8978  1.00268480 21551
ECHOSTAR-23-------------
1 42070U 17014A   23008.32966045 -.00000044  00000+0  00000+0 0  9991
2 42070   0.0185  40.7315 0001874 243.4094 192.2430  1.00271925 21332
SES-10------------------
1 42432U 17017A   23008.32965955 -.00000260  00000+0  00000+0 0  9995
2 42432   0.0208  60.4874 0003070 225.8494 233.0504  1.00272216 21157
KOREASAT-7--------------
1 42691U 17023A   23008.85746184 -.00000349  00000+0  00000+0 0  9996
2 42691   0.0286  39.8243 0001162 217.4207 275.4778  1.00271221 20796
SGDC--------------------
1 42692U 17023B   23007.91007225 -.00000237  00000+0  00000+0 0  9995
2 42692   0.0291  29.5689 0002431 258.7716  71.6330  1.00270699 20851
INMARSAT-5-F4-----------
1 42698U 17025A   23008.55349804  .00000088  00000+0  00000+0 0  9999
2 42698   0.0272  52.4947 0000617 250.8435  60.2519  1.00270242 20681
SES-15------------------
1 42709U 17026A   23008.38035948  .00000073  00000+0  00000+0 0  9999
2 42709   0.0177   4.0190 0000916 317.8024 153.6055  1.00271015 21559
EUTELSAT-172B-----------
1 42741U 17029B   23008.07430354  .00000007  00000+0  00000+0 0  9991
2 42741   0.0563 158.9251 0000169 101.7360  45.4400  1.00271556 21129
ECHOSTAR-21-------------
1 42749U 17032A   23008.89632427  .00000082  00000+0  00000+0 0  9991
2 42749   3.5550 312.2264 0002649 325.6722 163.1973  1.00271620 20522
BULGARIASAT-1-----------
1 42801U 17038A   23008.82953567  .00000024  00000+0  00000+0 0  9996
2 42801   0.0255  62.6916 0002677 237.4831 108.4488  1.00270779 20232
HELLAS-SAT-3------------
1 42814U 17040A   23008.83694469  .00000165  00000+0  00000+0 0  9993
2 42814   0.0482  36.0402 0003388 297.8187 114.5421  1.00273568 20231
TDRS-13-----------------
1 42915U 17047A   23008.89046493 -.00000084  00000+0  00000+0 0  9997
2 42915   4.1988 335.6895 0012912 110.9326 330.5164  1.00270982 19763
QZS-3-(MICHIBIKI-3)-----
1 42917U 17048A   23008.86079841 -.00000335  00000+0  00000+0 0  9999
2 42917   0.0608 181.3328 0002388 123.4355 240.2940  1.00272974 19675
AMAZONAS-5--------------
1 42934U 17053A   23008.16100906 -.00000270  00000+0  00000+0 0  9992
2 42934   0.0338 329.9679 0005250 332.2531 162.1811  1.00272062 19486
ASIASAT-9---------------
1 42942U 17057A   23008.69598197 -.00000347  00000+0  00000+0 0  9991
2 42942   0.0155  46.7551 0002792 239.4452 194.4275  1.00271046 19352
BSAT-4A-----------------
1 42951U 17059B   23008.62235655 -.00000338  00000+0  00000+0 0  9993
2 42951   0.0366  37.2793 0003076 316.0923  88.3999  1.00269752 19210
ALCOMSAT-1--------------
1 43039U 17078A   23008.84285470 -.00000173  00000+0  00000+0 0  9993
2 43039   0.0456 147.6742 0003035 139.7163  99.3518  1.00272010 18702
AL-YAH-3----------------
1 43174U 18012A   23008.46643295 -.00000142  00000+0  00000+0 0  9999
2 43174   0.1341  95.6541 0002403 202.4068 317.4937  1.00273153 18253
GOES-17-----------------
1 43226U 18022A   23008.80138139  .00000111  00000+0  00000+0 0  9997
2 43226   0.0049 137.9374 0000545 170.8912 310.4058  1.00272934 17836
APSTAR-6C---------------
1 43450U 18041A   23008.59172421 -.00000305  00000+0  00000+0 0  9991
2 43450   0.0533 246.1204 0002286  31.8236 176.9463  1.00272983 17252
FENGYUN-2H--------------
1 43491U 18050A   23008.84496389 -.00000118  00000+0  00000+0 0  9998
2 43491   1.6688  93.5640 0002059  79.4208 318.6142  1.00274277 16850
TELSTAR-19V-------------
1 43562U 18059A   23008.32410545 -.00000267  00000+0  00000+0 0  9994
2 43562   0.0300 148.5992 0001159  66.3083 306.3773  1.00270801 16550
GEO-KOMPSAT-2A----------
1 43823U 18100A   23008.86228987 -.00000331  00000+0  00000+0 0  9999
2 43823   0.0398 139.1743 0000433 236.1715 171.4672  1.00270793 15031
WGS-10-(USA-291)--------
1 44071U 19014A   23008.23521716  .00000060  00000+0  00000+0 0  9995
2 44071   0.0248  87.5227 0000550 242.8508 282.1199  1.00268552 14031
TIANLIAN-2-01-----------
1 44076U 19017A   23008.88452309 -.00000122  00000+0  00000+0 0  9995
2 44076   0.1030  95.0486 0031279  66.3396 345.1160  1.00269423 14073
AT&T-T-16---------------
1 44333U 19034A   23008.32410351 -.00000102  00000+0  00000+0 0  9998
2 44333   0.0163  52.3936 0000531 154.0511 276.9816  1.00270119 13041
EUTELSAT-7C-------------
1 44334U 19034B   23008.61539791  .00000061  00000+0  00000+0 0  9994
2 44334   0.0618 226.4337 0003457  52.9265  57.0665  1.00272560 13512
EDRS-C------------------
1 44475U 19049A   23008.61365750  .00000167  00000+0  00000+0 0  9995
2 44475   0.0602 251.2431 0000434  19.6300  89.1081  1.00273181 12601
EUTELSAT-5-WEST-B-------
1 44624U 19067A   23008.82814104 -.00000029  00000+0  00000+0 0  9994
2 44624   0.0632   2.7187 0001086 167.0089 231.5133  1.00271354 11850
TIBA-1------------------
1 44800U 19080A   23008.81507559  .00000169  00000+0  00000+0 0  9991
2 44800   0.0555 345.5882 0002084 299.6027 151.8366  1.00273938 11473
INMARSAT-GX5------------
1 44801U 19080B   23008.89632427  .00000087  00000+0  00000+0 0  9992
2 44801   0.0334   4.7885 0001964 284.3039 152.7412  1.00270542 11522
EUTELSAT-KONNECT--------
1 45027U 20005B   23008.05951894  .00000062  00000+0  00000+0 0  9995
2 45027   0.0498  92.3819 0001261 251.1151 152.4736  1.00272211 11735
GEO-KOMPSAT-2B----------
1 45246U 20013B   23008.86228988 -.00000331  00000+0  00000+0 0  9997
2 45246   0.0527 217.4713 0002510  62.4522 266.8951  1.00270202 10698
CMS-01------------------
1 47256U 20099A   23008.87896591 -.00000152  00000+0  00000+0 0  9997
2 47256   0.0146  74.5763 0008483 197.6318 235.3679  1.00271175  7610
TURKSAT-5A--------------
1 47306U 21001A   23007.04207685  .00000166  00000+0  00000+0 0  9999
2 47306   0.0226  81.8169 0000243 207.2102 223.3727  1.00271689  7375
TJS-7-------------------
1 49115U 21077A   23008.52239285 -.00000110  00000+0  00000+0 0  9997
2 49115   0.2288 109.7890 0002226 106.3013 340.1975  1.00269514  5228
TURKSAT-5B--------------
1 50212U 21126A   23007.54642594  .00000158  00000+0  00000+0 0  9995
2 50212   0.0657 344.8798 0005224 323.5388  37.1358  1.00272569  3695
INMARSAT-6-F1-----------
1 50319U 21128A   23007.78521628 -.00000259  00000+0  00000+0 0  9998
2 50319   0.0466  84.2130 0000866 272.8496 119.7452  1.01820520  3665
GOES-18-----------------
1 51850U 22021A   23007.79750510  .00000109  00000+0  00000+0 0  9990
2 51850   0.0091 273.9665 0000967   4.0073 339.2774  1.00272787  3209
NILESAT-301-------------
1 52817U 22061A   23008.82779237 -.00000045  00000+0  00000+0 0  9990
2 52817   0.0374  12.2435 0004757 289.1025  97.7496  1.00272329  2152
MEASAT-3D---------------
1 52904U 22067B   23008.87341174 -.00000229  00000+0  00000+0 0  9997
2 52904   0.0313 334.0544 0003748 334.5166 205.4918  1.00270496  2068