TDRS 3                  
1 19548U 88091B   22023.83443713 -.00000289  00000+0  00000+0 0  9993
2 19548  13.8165 352.4644 0040822 329.1697  53.0995  1.00274782109297
FLTSATCOM 8 (USA 46)    
1 20253U 89077A   22023.48915260 -.00000069  00000+0  00000+0 0  9991
2 20253  12.8997   1.2175 0001352  75.1697 294.4211  1.00270750244513
SKYNET 4C               
1 20776U 90079A   22023.55343248  .00000135  00000+0  00000+0 0  9997
2 20776  13.8455   1.1595 0003237 309.0343  45.6866  1.00269735114787
TDRS 5                  
1 21639U 91054B   22024.12341001  .00000093  00000+0  00000+0 0  9992
2 21639  14.2461   5.7927 0026641 352.1126   2.2578  1.00274448111614
TDRS 6                  
1 22314U 93003B   22023.82452712 -.00000286  00000+0  00000+0 0  9992
2 22314  14.1199   9.0225 0006188  93.7133 271.3138  1.00267598106310
UFO 2 (USA 95)          
1 22787U 93056A   22023.12341253  .00000136  00000+0  00000+0 0  9997
2 22787  11.4313  11.9398 0004429 277.4023 266.2843  1.00275047102444
USA 99 (MILSTAR-1 1)    
1 22988U 94009A   22023.52874970 -.00000189  00000+0  00000+0 0  9999
2 22988  15.1107  44.6573 0003141 262.3623 276.1583  1.00270365 16865
USA 107 (DSP 17)        
1 23435U 94084A   22023.53068623 -.00000157  00000+0  00000+0 0  9996
2 23435  14.5860   6.9311 0000363 350.2315 220.2414  1.00274087 16858
UFO 4 (USA 108)         
1 23467U 95003A   22023.73756160 -.00000014  00000+0  00000+0 0  9997
2 23467   9.8295  18.4060 0001141 328.8254 213.5666  1.00268455 98855
AMSC 1                  
1 23553U 95019A   22023.61118358 -.00000084  00000+0  00000+0 0  9995
2 23553  11.8113  27.1812 0006391 291.8383 276.4138  1.00272719 98073
TDRS 7                  
1 23613U 95035B   22023.41998848 -.00000189  00000+0  00000+0 0  9994
2 23613  14.0300 359.7067 0027113  40.9755 317.8501  1.00267495 97146
USA 113                 
1 23628U 95038A   22023.94382240 -.00000330  00000+0  00000+0 0  9992
2 23628  11.9506  25.9937 0002571 287.6022 253.2164  1.00267592 15519
USA 115 (MILSTAR-1 2)   
1 23712U 95060A   22023.65627042 -.00000010  00000+0  00000+0 0  9996
2 23712  13.4673  15.3660 0003115 288.3797 295.4556  1.00271851 16789
INMARSAT 3-F1           
1 23839U 96020A   22023.87851751 -.00000199  00000+0  00000+0 0  9991
2 23839   7.2433  59.0332 0003187 254.2727 220.1086  0.99979232 94200
INMARSAT 3-F2           
1 24307U 96053A   22023.87966047 -.00000221  00000+0  00000+0 0  9999
2 24307   6.1925  68.0601 0004115 283.0426  62.4708  1.00001526 92865
AMC-1 (GE-1)            
1 24315U 96054A   22023.73584597  .00000075  00000+0  00000+0 0  9996
2 24315   5.2780  74.3677 0003511 239.3790 303.2769  1.00272077 30229
INMARSAT 3-F3           
1 24674U 96070A   22023.73296778  .00000131  00000+0  00000+0 0  9996
2 24674   6.8248  62.7212 0004418 245.1939 293.6371  0.99990097 91859
GALAXY 25 (G-25)        
1 24812U 97026A   22023.75928661  .00000007  00000+0  00000+0 0  9999
2 24812   3.3336  85.1126 0004556 203.9983 173.3861  1.00272193 90287
INTELSAT 5 (IS-5)       
1 24916U 97046A   22020.64428277  .00000097  00000+0  00000+0 0  9998
2 24916   6.9146  62.0682 0003813 226.7707 286.0830  1.00273188 89497
AMC-3 (GE-3)            
1 24936U 97050A   22023.53232565 -.00000250  00000+0  00000+0 0  9991
2 24936   4.1908  80.8411 0003217 230.8270 290.7920  1.00271494 36337
USA 134                 
1 25019U 97065A   22023.66468457 -.00000052  00000+0  00000+0 0  9995
2 25019  10.8858  32.3898 0005610 316.5506 261.2680  1.00270563 16859
ASTRA 1G                
1 25071U 97076A   22023.83868655  .00000124  00000+0  00000+0 0  9997
2 25071   5.9146  69.3819 0003958 232.4706 142.5816  1.00271455 88410
INMARSAT 3-F5           
1 25153U 98006B   22023.58451160 -.00000280  00000+0  00000+0 0  9997
2 25153   6.0773  66.8147 0005174 238.7519 333.7597  1.00272004 87799
UFO 8 (USA 138)         
1 25258U 98016A   22023.79612456 -.00000017  00000+0  00000+0 0  9992
2 25258   9.2700  30.4759 0002943 264.8741 285.9577  1.00269632 87759
ASTRA 2A                
1 25462U 98050A   22023.83868655  .00000159  00000+0  00000+0 0  9992
2 25462   3.0435  87.1293 0002293 216.4830 149.3916  1.00272305 30248
JCSAT-4A                
1 25630U 99006A   22023.73445049  .00000035  00000+0  00000+0 0  9991
2 25630   5.9096  69.8623 0024141 358.3785 181.3758  0.98809358   342
SKYNET 4E               
1 25639U 99009B   22023.76657470 -.00000024  00000+0  00000+0 0  9998
2 25639  11.1742  17.7060 0002862 292.5247  87.6050  1.00275145 35293
ABS-7                   
1 25894U 99046A   22023.76872726  .00000166  00000+0  00000+0 0  9991
2 25894   2.3993  89.2245 0003012 217.0814 127.5268  1.00270950 81021
ABS-6                   
1 25924U 99053A   22023.80011921 -.00000108  00000+0  00000+0 0  9997
2 25924   0.0296 343.1850 0001616 331.6032 255.3587  1.00270795 81754
AMC-4 (GE-4)            
1 25954U 99060A   22023.64481194  .00000099  00000+0  00000+0 0  9991
2 25954   1.1560  93.5434 0003227 220.2770 266.3426  1.00272002 27453
UFO 10 (USA 146)        
1 25967U 99063A   22023.82914969 -.00000179  00000+0  00000+0 0  9999
2 25967   8.5370  33.9123 0002290 276.9102  87.8067  1.00266652 81255
GALAXY 11 (G-11)        
1 26038U 99071A   22023.67147887 -.00000151  00000+0  00000+0 0  9998
2 26038   2.6505  89.6509 0000363  48.9713 132.9682  1.00271009 80986
USA 148                 
1 26052U 00001A   22023.79786892  .00000049  00000+0  00000+0 0  9992
2 26052   9.3101  43.2664 0002422 268.0298 279.3725  1.00275884 15524
ASIASTAR                
1 26107U 00016A   22023.87955828 -.00000324  00000+0  00000+0 0  9992
2 26107   5.3431  73.1366 0003988 233.4554 238.2149  1.00268988 79821
USA 149 (DSP 20)        
1 26356U 00024A   22023.73973630  .00000104  00000+0  00000+0 0  9998
2 26356  11.9756  22.4516 0001472 331.5937 229.6521  1.00264875 16814
TDRS 8                  
1 26388U 00034A   22023.64146574 -.00000225  00000+0  00000+0 0  9998
2 26388  10.1393  43.5524 0019498 324.8734  74.7826  1.00270540 79088
INTELSAT 9 (IS-9)       
1 26451U 00043A   22023.56129670 -.00000278  00000+0  00000+0 0  9996
2 26451   6.9058  62.2237 0002592 231.2978 341.3969  1.00273718 28048
NSS-11 (AAP-1)          
1 26554U 00059A   22023.79708396  .00000037  00000+0  00000+0 0  9992
2 26554   0.0391 290.0828 0002858  27.8700 268.0815  1.00271373 25194
USA 153                 
1 26575U 00065A   22023.80496253 -.00000316  00000+0  00000+0 0  9991
2 26575   8.8559  46.5986 0002267 270.3179 230.3395  1.00267254 16836
AMC-6 (GE-6)            
1 26580U 00067A   22023.73427604  .00000117  00000+0  00000+0 0  9993
2 26580   0.0519 279.3815 0002664  30.0841 298.8916  1.00272797 77829
INTELSAT 1R (IS-1R)     
1 26608U 00072A   22023.86508365 -.00000129  00000+0  00000+0 0  9992
2 26608   4.0798  81.4479 0001014   1.1084 149.1259  1.00271160 25225
ANIK F1                 
1 26624U 00076A   22023.66647259 -.00000050  00000+0  00000+0 0  9991
2 26624   1.0705  94.4707 0002506 242.7001 276.5576  1.00272176 27042
ASTRA 2D                
1 26638U 00081A   22023.76672124  .00000139  00000+0  00000+0 0  9999
2 26638   6.9890  61.2743 0002223 233.6088 127.9028  1.00275535 36816
AMC-8 (GE-8)            
1 26639U 00081B   22023.64488343  .00000099  00000+0  00000+0 0  9990
2 26639   2.0853  90.1674 0002743 217.6595 272.2601  1.00273374 77230
USA 157 (MILSTAR-2 2)   
1 26715U 01009A   22023.65358455  .00000024  00000+0  00000+0 0  9995
2 26715   9.8747  27.8226 0002298 288.3733 277.7757  1.00270043 16859
EUTELSAT 133 WEST A     
1 26719U 01011A   22023.73549709  .00000088  00000+0  00000+0 0  9995
2 26719   3.3584  84.1430 0003134 225.6277 305.1570  1.00271134 76443
INTELSAT 10 (IS-10)     
1 26766U 01019A   22023.79743284  .00000044  00000+0  00000+0 0  9997
2 26766   5.2362  74.5927 0003442 235.9803 277.3884  1.00272334 29523
INTELSAT 901 (IS-901)   
1 26824U 01024A   22023.46935404 -.00000190  00000+0  00000+0 0  9992
2 26824   0.0493 257.6975 0000899  57.0740 309.4694  1.00270343  6876
ASTRA 2C                
1 26853U 01025A   22023.53223844 -.00000249  00000+0  00000+0 0  9996
2 26853   4.2167  80.6400 0002828 221.0441 300.2945  1.00273039 28949
USA 159 (DSP 21)        
1 26880U 01033A   22023.82400382 -.00000288  00000+0  00000+0 0  9994
2 26880  11.2939  26.6638 0000976 345.8278 358.1986  1.00270037 16862
INTELSAT 902 (IS-902)   
1 26900U 01039A   22023.82374215 -.00000271  00000+0  00000+0 0  9990
2 26900   2.0445  90.6199 0003066 218.3855  60.5448  1.00270259 74593
USA 164 (MILSTAR-2 3)   
1 27168U 02001A   22024.17410635  .00000109  00000+0  00000+0 0  9992
2 27168   9.3563  29.5969 0002425 266.4209 269.0865  1.00270202 15550
ECHOSTAR 7              
1 27378U 02006A   22023.65853962  .00000012  00000+0  00000+0 0  9999
2 27378   0.0471 281.0950 0001832 354.3318 325.7962  1.00269245 34502
INTELSAT 904 (IS-904)   
1 27380U 02007A   22023.87966047 -.00000203  00000+0  00000+0 0  9999
2 27380   2.8761  87.4893 0003059 222.3982 100.4567  1.00272444 35667
TDRS 9                  
1 27389U 02011A   22023.53351316 -.00000278  00000+0  00000+0 0  9995
2 27389   8.7134  62.1415 0027913 290.5796 259.9502  1.00270696 74344
ASTRA 3A                
1 27400U 02015B   22023.51673713 -.00000194  00000+0  00000+0 0  9996
2 27400   7.0946  60.1188 0001645 245.1384 276.7548  1.00269160 72629
NSS-7                   
1 27414U 02019A   22023.87410598 -.00000149  00000+0  00000+0 0  9994
2 27414   5.5641  72.4908 0002516 238.4312 106.9115  1.00271909 72469
DIRECTV 5 (TEMPO 1)     
1 27426U 02023A   22023.66540250 -.00000044  00000+0  00000+0 0  9992
2 27426   0.7635  94.9555 0003709 228.6310 288.7952  1.00271618 72020
INTELSAT 905 (IS-905)   
1 27438U 02027A   22023.87966047 -.00000174  00000+0  00000+0 0  9992
2 27438   2.6982  88.2556 0002683 219.0467 108.0638  1.00271335 35269
GALAXY 3C (G-3C)        
1 27445U 02030A   22023.88653934 -.00000140  00000+0  00000+0 0  9996
2 27445   0.0237 313.6077 0002113  36.3638 357.3338  1.00280636 71858
EUTELSAT 5 WEST A       
1 27460U 02035A   22023.86855192 -.00000032  00000+0  00000+0 0  9996
2 27460   1.9597  90.9793 0005840 216.8647 122.9750  1.00270438 71515
METEOSAT-8 (MSG-1)      
1 27509U 02040B   22023.69842931  .00000145  00000+0  00000+0 0  9998
2 27509   7.7703  51.4139 0000857   3.5617   0.8600  1.00269525 71163
INTELSAT 906 (IS-906)   
1 27513U 02041A   22023.77474532  .00000026  00000+0  00000+0 0  9999
2 27513   1.7114  92.2107 0003336 220.7476 153.1336  1.00272664 70937
HISPASAT 30W-4          
1 27528U 02044A   22023.73340385  .00000128  00000+0  00000+0 0  9995
2 27528   2.4798  88.4889 0004765 235.9893 279.5589  1.00269968 26871
TDRS 10                 
1 27566U 02055A   22023.79981770  .00000098  00000+0  00000+0 0  9990
2 27566   7.9399  50.7628 0007657 307.6605 241.4480  1.00268967 70138
NSS-6                   
1 27603U 02057A   22023.79996216  .00000119  00000+0  00000+0 0  9999
2 27603   1.2461  93.3452 0003332 213.9046 294.2772  1.00271672 69943
NIMIQ 2                 
1 27632U 02062A   22023.53258730 -.00000233  00000+0  00000+0 0  9999
2 27632   5.6691  71.6965 0007677 271.0079 261.3194  1.00003232 28081
USA 167                 
1 27691U 03008A   22023.64945155  .00000062  00000+0  00000+0 0  9990
2 27691   7.7587  55.5279 0002187 326.7638 204.5814  1.00277156 16850
USA 169 (MILSTAR-2 4)   
1 27711U 03012A   22023.86403701 -.00000186  00000+0  00000+0 0  9996
2 27711   9.9087  41.1586 0002716 268.9408 276.2429  1.00270222 16859
GALAXY 12 (G-12)        
1 27715U 03013B   22023.65038177  .00000069  00000+0  00000+0 0  9998
2 27715   2.9101  87.0709 0002214 236.4696 264.5380  1.00272318 35991
ASIASAT 4               
1 27718U 03014A   22023.87688373  .00000038  00000+0  00000+0 0  9991
2 27718   0.6065  96.1244 0004412 211.6594 187.3768  1.00546497 29208
HELLAS-SAT 2            
1 27811U 03020A   22023.82034064 -.00000269  00000+0  00000+0 0  9996
2 27811   3.3270  86.1535 0007140 215.6324  49.3292  1.00434823 26742
THURAYA-2               
1 27825U 03026A   22023.69895262  .00000137  00000+0  00000+0 0  9990
2 27825   6.5599  34.2675 0003961 225.6294 158.7072  1.00273009 68259
OPTUS C1                
1 27831U 03028B   22023.86473476 -.00000140  00000+0  00000+0 0  9992
2 27831   2.8394  88.0595 0005668 218.3071 283.7732  1.00273033 36966
GALAXY 23 (G-23)        
1 27854U 03034A   22023.73776477  .00000026  00000+0  00000+0 0  9999
2 27854   0.0609 262.3035 0002949  46.3324 318.9793  1.00272892 67644
USA 170                 
1 27875U 03040A   22023.39469517 -.00000263  00000+0  00000+0 0  9999
2 27875   7.0779  60.8746 0001640 256.0222 265.6208  1.00268233 16867
GALAXY 13 (HORIZONS 1)  
1 27954U 03044A   22023.65166515  .00000061  00000+0  00000+0 0  9997
2 27954   0.0196  74.4337 0002281 133.8346  22.2370  1.00268554 30475
YAMAL 202               
1 28089U 03053A   22023.86630469 -.00000068  00000+0  00000+0 0  9992
2 28089   2.2744  89.5547 0002497 199.1941 309.7618  1.00272338 66587
UFO 11 (USA 174)        
1 28117U 03057A   22023.56154377 -.00000085  00000+0  00000+0 0  9993
2 28117   6.7852  37.9285 0003208 321.4031  40.3679  1.00273215 66350
USA 176 (DSP 22)        
1 28158U 04004A   22023.56398590 -.00000210  00000+0  00000+0 0  9998
2 28158   9.9029  36.0623 0000951 340.1881  37.0171  1.00273976 16837
ABS-4 (MOBISAT-1)       
1 28184U 04007A   22023.79563146  .00000052  00000+0  00000+0 0  9999
2 28184   1.9607  90.7758 0005390 217.0587 162.6270  1.00271601 36248
EUTELSAT 7A             
1 28187U 04008A   22023.73418882  .00000116  00000+0  00000+0 0  9994
2 28187   1.7468  89.5217 0004265 217.3513 301.2439  1.00272963 65255
AMC-11 (GE-11)          
1 28252U 04017A   22023.64824139  .00000081  00000+0  00000+0 0  9994
2 28252   0.0203 345.0190 0002670 322.3975 277.8834  1.00272404 64788
INTELSAT 10-02          
1 28358U 04022A   22023.86855192  .00000001  00000+0  00000+0 0  9996
2 28358   0.0537 259.6259 0000703  51.5307 123.7085  1.00271271 64447
ANIK F2                 
1 28378U 04027A   22023.88339948 -.00000037  00000+0  00000+0 0  9991
2 28378   0.0252  94.6306 0001510  82.8572 152.6177  1.00271460 25160
AMC-15                  
1 28446U 04041A   22023.88453331 -.00000076  00000+0  00000+0 0  9999
2 28446   0.0242 340.5364 0002626 325.6415  30.3751  1.00271552 63226
NSS-10 (AMC-12)         
1 28526U 05003A   22023.82627149 -.00000240  00000+0  00000+0 0  9994
2 28526   2.4249  88.9091 0002990 213.4037  80.8064  1.00270599 37055
XTAR-EUR                
1 28542U 05005A   22023.57808082  .00000163  00000+0  00000+0 0  9996
2 28542   0.2122  96.2857 0002746 219.5992  44.0790  1.00271601 62092
XM-3 (RHYTHM)           
1 28626U 05008A   22023.81679531 -.00000193  00000+0  00000+0 0  9998
2 28626   0.0142 101.2816 0000788 341.3547 249.4382  1.00266988 26529
INMARSAT 4-F1           
1 28628U 05009A   22023.79061906 -.00000250  00000+0  00000+0 0  9993
2 28628   3.5076  33.5161 0002907 280.3085 237.3765  1.00271939 61576
DIRECTV 8               
1 28659U 05019A   22023.65853949  .00000014  00000+0  00000+0 0  9996
2 28659   0.0197  79.3739 0003005 241.6008 280.0216  1.00270911 60978
GALAXY 28 (G-28)        
1 28702U 05022A   22024.03127829 -.00000173  00000+0  00000+0 0  9990
2 28702   0.0348 261.2637 0002356  75.5410  68.7880  1.00271571 60738
EXPRESS-AM3             
1 28707U 05023A   22024.07342831 -.00000121  00000+0  00000+0 0  9995
2 28707   3.2290  85.2575 0001130 253.0935 246.2493  1.00473871 60744
THAICOM 4               
1 28786U 05028A   22023.82542344 -.00000350  00000+0  00000+0 0  9994
2 28786   0.0189  82.6335 0002622 222.2216 234.8816  1.00269969 36167
GALAXY 14 (G-14)        
1 28790U 05030A   22023.76855282  .00000167  00000+0  00000+0 0  9998
2 28790   0.8980  93.7316 0001779 221.9774 116.9326  1.00273785 60207
ANIK F1R                
1 28868U 05036A   22023.88409722 -.00000062  00000+0  00000+0 0  9992
2 28868   0.1967  93.4149 0002265 263.5654 337.1685  1.00271302 30353
GALAXY 15 (G-15)        
1 28884U 05041A   22023.64709623  .00000091  00000+0  00000+0 0  9994
2 28884   0.0148  32.6886 0001726 272.2774 277.9084  1.00272286 59510
SYRACUSE 3A             
1 28885U 05041B   22023.77134381  .00000141  00000+0  00000+0 0  9998
2 28885   0.7604  95.1563 0002874 202.5371 150.0275  1.00270180 59643
INMARSAT 4-F2           
1 28899U 05044A   22023.77465810  .00000022  00000+0  00000+0 0  9998
2 28899   3.3922  35.9956 0002874 275.3029 154.5294  1.00271803 59425
SPACEWAY 2              
1 28903U 05046B   22023.73427604  .00000115  00000+0  00000+0 0  9994
2 28903   1.5730  89.4526 0000416 300.9481 218.0531  1.00270905 35248
METEOSAT-9 (MSG-2)      
1 28912U 05049B   22023.76717660  .00000026  00000+0  00000+0 0  9995
2 28912   5.6959  67.2107 0001284 219.7554 115.5536  1.00272165 58934
EUTELSAT 174A           
1 28924U 05052A   22023.86839793  .00000022  00000+0  00000+0 0  9991
2 28924   0.1498  87.7674 0006375 218.3776 303.6216  1.00270879 36232
ECHOSTAR 10             
1 28935U 06003A   22023.66540238 -.00000043  00000+0  00000+0 0  9995
2 28935   0.0499 277.7527 0001450   9.3731 325.1754  1.00271065 58373
SPAINSAT                
1 28945U 06007A   22023.74133780 -.00000204  00000+0  00000+0 0  9998
2 28945   0.0546 251.0817 0004765  26.7888  82.0612  1.00272357 58111
EUTELSAT HOTBIRD 13E    
1 28946U 06007B   22023.76454080  .00000099  00000+0  00000+0 0  9991
2 28946   0.0547 229.5137 0004621  55.1782 126.6042  1.00273500 58201
JCSAT-5A                
1 29045U 06010A   22024.00363009 -.00000316  00000+0  00000+0 0  9997
2 29045   0.0146  98.5997 0001853 202.2555 315.7954  1.00271446 57841
ASTRA 1KR               
1 29055U 06012A   22023.93035568  .00000132  00000+0  00000+0 0  9992
2 29055   0.0836 271.4710 0004334 354.9688 210.9049  1.00273342 29636
EWS-G1 (GOES 13)        
1 29155U 06018A   22023.82320451  .00000046  00000+0  00000+0 0  9999
2 29155   0.4187  99.6051 0005444 152.7821 228.8532  1.00275161 27289
EUTELSAT 113 WEST A     
1 29162U 06020A   22023.88287618 -.00000025  00000+0  00000+0 0  9991
2 29162   0.0367 116.2540 0003055 203.7206   8.0270  1.00271060 57376
GALAXY 16 (G-16)        
1 29236U 06023A   22023.67454778 -.00000114  00000+0  00000+0 0  9995
2 29236   0.0136  72.5912 0002814 246.0777 308.1356  1.00270809 56877
EUTELSAT HOTBIRD 13B    
1 29270U 06032A   22023.76454080  .00000099  00000+0  00000+0 0  9990
2 29270   0.0655   5.1739 0004882 310.0510  96.0524  1.00272973 31208
JCSAT-3A                
1 29272U 06033A   22023.88016413 -.00000333  00000+0  00000+0 0  9992
2 29272   0.0029 356.3868 0002633 319.6756 251.9617  1.00272451 31642
SYRACUSE 3B             
1 29273U 06033B   22023.86855192 -.00000032  00000+0  00000+0 0  9992
2 29273   0.0312 105.5832 0003358 197.8434 127.1995  1.00271113 56607
KOREASAT 5 (MUGUNGWHA 5)
1 29349U 06034A   22023.78206236 -.00000346  00000+0  00000+0 0  9995
2 29349   0.0127 140.9350 0001563 136.3675 240.3669  1.00272320 25225
DIRECTV 9S              
1 29494U 06043A   22023.88514385 -.00000100  00000+0  00000+0 0  9992
2 29494   0.0270 189.6728 0003323 126.9889  23.9534  1.00270906 35283
OPTUS D1                
1 29495U 06043B   22023.80011921 -.00000099  00000+0  00000+0 0  9990
2 29495   0.0473 252.5783 0003415  56.8118 261.7428  1.00271592 56029
XM-4 (BLUES)            
1 29520U 06049A   22024.08451963 -.00000010  00000+0  00000+0 0  9993
2 29520   0.0528 267.6802 0002169  53.1884  77.6930  1.00269058 55905
BADR-4                  
1 29526U 06051A   22023.76715734  .00000156  00000+0  00000+0 0  9995
2 29526   0.0411 344.6833 0006426 329.0323 111.4983  1.00269744 35168
WILDBLUE-1              
1 29643U 06054A   22023.66540264 -.00000037  00000+0  00000+0 0  9990
2 29643   0.0188  94.0974 0001711 211.9224 305.2958  1.00272541 37696
AMC-18                  
1 29644U 06054B   22023.81714417 -.00000203  00000+0  00000+0 0  9996
2 29644   0.0405 273.9144 0002349  35.9567  24.4101  1.00274411 55450
INSAT-4B                
1 30793U 07007A   22022.00396530  .00000019  00000+0  00000+0 0  9998
2 30793   1.8625  91.3515 0001737 244.3525 227.0555  0.99513793 26092
SKYNET 5A               
1 30794U 07007B   22023.78093782 -.00000261  00000+0  00000+0 0  9998
2 30794   1.9852  88.8874 0003499 214.1586 196.3419  1.00273433 54606
ANIK F3                 
1 31102U 07009A   22023.73820087  .00000012  00000+0  00000+0 0  9998
2 31102   0.0137  80.9610 0002387 243.3079 305.7900  1.00270948 30460
ASTRA 1L                
1 31306U 07016A   22023.76576184  .00000132  00000+0  00000+0 0  9994
2 31306   0.0962 292.0206 0004923   6.1548 119.7587  1.00272994 28928
GALAXY 17 (G-17)        
1 31307U 07016B   22023.81548703 -.00000162  00000+0  00000+0 0  9991
2 31307   0.0086  28.1439 0003160 287.5756   9.9630  1.00271801 53709
ZHONGXING-6B            
1 31800U 07031A   22024.04355146 -.00000349  00000+0  00000+0 0  9996
2 31800   0.0175 118.5881 0003550 194.7727 301.1533  1.00268948 53371
DIRECTV 10              
1 31862U 07032A   22024.02857451 -.00000091  00000+0  00000+0 0  9993
2 31862   0.0021 175.1155 0000187 211.0921   4.5938  1.00271001 53315
SPACEWAY 3              
1 32018U 07036A   22023.88653934 -.00000139  00000+0  00000+0 0  9997
2 32018   0.0130 111.3828 0000430 248.0014 347.9924  1.00272883 30451
BSAT-3A                 
1 32019U 07036B   22023.87723439 -.00000338  00000+0  00000+0 0  9996
2 32019   0.0709 249.7947 0002686  24.9192 274.1007  1.00271880 34425
OPTUS D2                
1 32252U 07044A   22024.22474959 -.00000171  00000+0  00000+0 0  9999
2 32252   0.0459 263.0275 0003664  44.0104  49.3865  1.00271741 52354
INTELSAT 11 (IS-11)     
1 32253U 07044B   22024.04910444 -.00000256  00000+0  00000+0 0  9998
2 32253   0.0227  73.5179 0001890 253.0287 131.4909  1.00269944 52431
WGS F1 (USA 195)        
1 32258U 07046A   22023.76747694  .00000053  00000+0  00000+0 0  9992
2 32258   0.0149 128.3790 0000269 348.0519 288.9126  1.00271901 36245
STAR ONE C1             
1 32293U 07056A   22024.03066775 -.00000157  00000+0  00000+0 0  9993
2 32293   0.5982  94.5778 0005527 212.4977  95.2654  1.00271189 52014
SKYNET 5B               
1 32294U 07056B   22023.83868655  .00000153  00000+0  00000+0 0  9993
2 32294   1.1648  90.1467 0003973 214.9520 145.0261  1.00269721 52109
ASTRA 4A (SIRIUS 4)     
1 32299U 07057A   22023.76288363  .00000045  00000+0  00000+0 0  9993
2 32299   0.0208 339.6987 0002903 322.3267 100.4765  1.00272629 35573
HORIZONS 2              
1 32388U 07063B   22023.82514899 -.00000170  00000+0  00000+0 0  9992
2 32388   0.0086  60.5558 0002796 252.7773 191.6781  1.00270721 51724
THURAYA-3               
1 32404U 08001A   22023.75879039 -.00000291  00000+0  00000+0 0  9990
2 32404   3.9597  20.6698 0001580 271.0526 202.9957  1.00271608 51393
EXPRESS-AM33            
1 32478U 08003A   22023.87358516 -.00000076  00000+0  00000+0 0  9999
2 32478   0.6950  94.9122 0000504 300.4563  31.3544  1.00271511 37630
THOR 5                  
1 32487U 08006A   22023.86855192  .00000003  00000+0  00000+0 0  9992
2 32487   0.0503 254.6594 0002718  62.5388 117.8888  1.00272637 51206
AMC-14                  
1 32708U 08011A   22022.73452153  .00000085  00000+0  00000+0 0  9999
2 32708  21.8553  39.9993 0039808 354.6663   9.7956  1.00272266 52053
DIRECTV 11              
1 32729U 08013A   22023.67454809 -.00000113  00000+0  00000+0 0  9991
2 32729   0.0333 219.7467 0000331 156.5542 250.3180  1.00271640 29499
ICO G1                  
1 32763U 08016A   22024.03049333 -.00000160  00000+0  00000+0 0  9997
2 32763   3.9056  23.9780 0002327 280.1009  97.3558  1.00270978 50375
VINASAT-1               
1 32767U 08018A   22023.91490367 -.00000316  00000+0  00000+0 0  9999
2 32767   0.0367 282.6796 0001420  48.6200 253.2195  1.00270839 50507
STAR ONE C2             
1 32768U 08018B   22023.85674406 -.00000264  00000+0  00000+0 0  9993
2 32768   0.0377  78.6128 0002155 234.2729  53.6977  1.00271675 50572
TIANLIAN 1-01           
1 32779U 08019A   22023.62966047 -.00000130  00000+0  00000+0 0  9998
2 32779   5.4136  69.5508 0032341 270.0708  89.9898  1.00272292 50370
AMOS-3                  
1 32794U 08022A   22024.05432347 -.00000023  00000+0  00000+0 0  9999
2 32794   0.0300 246.7567 0001265  63.5504 188.4583  1.00272176 50350
GALAXY 18 (G-18)        
1 32951U 08024A   22024.09625590  .00000037  00000+0  00000+0 0  9998
2 32951   0.0219  75.5478 0002802 239.9442  79.5514  1.00270789 49991
CHINASAT 9 (ZX 9)       
1 33051U 08028A   22024.04771494 -.00000235  00000+0  00000+0 0  9995
2 33051   0.0162 104.8015 0003805 218.0931 269.8331  1.00270373 49910
SKYNET 5C               
1 33055U 08030A   22023.87410598 -.00000127  00000+0  00000+0 0  9997
2 33055   0.0660  26.8176 0003597 275.3134 117.8806  1.00271448 49853
TURKSAT 3A              
1 33056U 08030B   22023.93591263  .00000158  00000+0  00000+0 0  9997
2 33056   0.0520  87.8099 0002802 227.3342 186.9863  1.00272658 36261
INTELSAT 25 (IS-25)     
1 33153U 08034A   22024.00396515 -.00000212  00000+0  00000+0 0  9993
2 33153   0.0179 121.6521 0003184 204.2028 127.3610  1.00270810 49547
BADR-6                  
1 33154U 08034B   22024.15743781  .00000157  00000+0  00000+0 0  9998
2 33154   0.0750  64.2231 0005208 282.1230 219.7605  1.00273164 49659
ECHOSTAR 11             
1 33207U 08035A   22023.66647255 -.00000044  00000+0  00000+0 0  9998
2 33207   0.0425 271.4790 0002435  28.7176 312.6981  1.00271624 35138
SUPERBIRD-C2            
1 33274U 08038A   22023.79061906 -.00000239  00000+0  00000+0 0  9998
2 33274   0.0477 256.2243 0001872  80.7141 214.7121  1.00271427 89630
AMC-21                  
1 33275U 08038B   22023.65394662  .00000049  00000+0  00000+0 0  9990
2 33275   0.0405 286.7671 0002730  24.7518 281.9422  1.00271594 49399
INMARSAT 4-F3           
1 33278U 08039A   22024.02953392 -.00000129  00000+0  00000+0 0  9997
2 33278   3.2646  18.4190 0002692 285.3865  92.1304  1.00273066 49170
NIMIQ 4                 
1 33373U 08044A   22023.81740583 -.00000208  00000+0  00000+0 0  9999
2 33373   0.0224  75.8365 0002509 242.9372  16.5859  1.00270458 48887
GALAXY 19 (G-19)        
1 33376U 08045A   22024.02970837 -.00000127  00000+0  00000+0 0  9994
2 33376   0.0282 282.6573 0003168  35.6311  78.7164  1.00272813 48746
ASTRA 1M                
1 33436U 08057A   22023.83868655  .00000131  00000+0  00000+0 0  9990
2 33436   0.0171  85.0724 0000725 140.8832 218.2691  1.00269653 29626
CIEL-2                  
1 33453U 08063A   22023.73628206  .00000071  00000+0  00000+0 0  9994
2 33453   0.0502 248.2924 0002993  59.7744 311.1673  1.00271530 48033
EUTELSAT HOTBIRD 13C    
1 33459U 08065A   22023.76454080  .00000099  00000+0  00000+0 0  9992
2 33459   0.0446  42.0523 0002220 286.5350  82.6868  1.00272755 31248
EUTELSAT 48D            
1 33460U 08065B   22023.87410598 -.00000089  00000+0  00000+0 0  9992
2 33460   1.0972  94.4185 0003320 209.6882 121.2255  1.00271717 47859
FENGYUN 2E              
1 33463U 08066A   22023.70723836 -.00000191  00000+0  00000+0 0  9994
2 33463   5.5808  66.1320 0003918 333.2632  64.7365  1.00265446 47996
EXPRESS-AM44            
1 33595U 09007A   22023.17063272 -.00000077  00000+0  00000+0 0  9991
2 33595   0.0447 229.0017 0000332  49.1712 254.7219  1.00271821 47457
NSS-9                   
1 33749U 09008A   22023.79688708  .00000084  00000+0  00000+0 0  9995
2 33749   0.0189 349.2100 0002198 317.2173 286.6096  1.00272608 47430
EUTELSAT 33E            
1 33750U 09008B   22023.84633015  .00000168  00000+0  00000+0 0  9997
2 33750   0.0519   7.7943 0004202 302.8535 150.2439  1.00270087 47357
TELSTAR 11N             
1 34111U 09009A   22023.82627149 -.00000238  00000+0  00000+0 0  9998
2 34111   0.0191  74.3170 0002585 229.5016  79.2030  1.00274213 47327
EUTELSAT 10A            
1 34710U 09016A   22023.76393025  .00000080  00000+0  00000+0 0  9991
2 34710   0.0605   6.7228 0005493 298.0249 103.3039  1.00270732 25152
WGS F2 (USA 204)        
1 34713U 09017A   22023.82350545  .00000080  00000+0  00000+0 0  9992
2 34713   0.0169  83.9241 0000540 291.3315 101.8232  1.00271228 29524
SES-7 (PROTOSTAR 2)     
1 34941U 09027A   22024.04355146 -.00000333  00000+0  00000+0 0  9995
2 34941   0.0086  59.6547 0002260 238.4938 309.1076  1.00272086 46518
MEASAT-3A               
1 35362U 09032A   22023.85761226 -.00000229  00000+0  00000+0 0  9991
2 35362   0.0552 232.1496 0002302  51.0464 240.1927  1.00269745 46152
GOES 14                 
1 35491U 09033A   22023.88470775 -.00000080  00000+0  00000+0 0  9999
2 35491   0.0563 305.1268 0014028 282.6962 109.4070  1.00270725 46019
FM-5                    
1 35493U 09034A   22024.03188882 -.00000188  00000+0  00000+0 0  9994
2 35493   0.0151  46.0625 0000777  39.0718 323.5315  1.00272139 45887
TERRESTAR-1             
1 35496U 09035A   22023.88339948 -.00000044  00000+0  00000+0 0  9992
2 35496   3.0098  35.3823 0002867 276.3839  18.4182  1.00272222 46039
ASIASAT 5               
1 35696U 09042A   22023.78198444 -.00000295  00000+0  00000+0 0  9993
2 35696   0.0590 266.1126 0001602  40.5046 198.4738  1.00268392 45591
JCSAT-RA (JCSAT-12)     
1 35755U 09044A   22023.71561131 -.00000335  00000+0  00000+0 0  9996
2 35755   0.0255 113.0012 0004841 194.9490 200.1566  1.00271754 45512
OPTUS D3                
1 35756U 09044B   22023.79307192 -.00000135  00000+0  00000+0 0  9998
2 35756   0.0295  14.0708 0004086 305.4495 245.0750  1.00271217 45465
NIMIQ 5                 
1 35873U 09050A   22023.85674406 -.00000244  00000+0  00000+0 0  9998
2 35873   0.0162  73.8196 0002899 247.7147  37.3388  1.00271142 45257
AMAZONAS 2              
1 35942U 09054A   22023.85674406 -.00000270  00000+0  00000+0 0  9998
2 35942   0.0253 173.2766 0000530 119.9033  77.3992  1.00272827 45084
COMSATBW-1              
1 35943U 09054B   22023.82320451  .00000036  00000+0  00000+0 0  9993
2 35943   0.0935  96.0817 0002208 212.6351 173.7576  1.00272118 45216
NSS-12                  
1 36032U 09058A   22023.82350545  .00000083  00000+0  00000+0 0  9996
2 36032   0.0467 276.8157 0002782  37.7964 161.9575  1.00272065 44829
THOR 6                  
1 36033U 09058B   22023.86855192  .00000002  00000+0  00000+0 0  9990
2 36033   0.0151 129.1271 0001781 184.4985 121.3610  1.00271393 44900
INTELSAT 14 (IS-14)     
1 36097U 09064A   22024.00951943 -.00000261  00000+0  00000+0 0  9993
2 36097   0.0150  81.7633 0002421 238.3199 121.6509  1.00271167 44608
EUTELSAT 36B            
1 36101U 09065A   22023.76916337  .00000167  00000+0  00000+0 0  9994
2 36101   0.0651   5.5914 0004829 301.3850 128.8637  1.00269988 44626
INTELSAT 15 (IS-15)     
1 36106U 09067A   22023.94424272 -.00000173  00000+0  00000+0 0  9991
2 36106   0.0153  70.1988 0002297 239.4311 238.6819  1.00271713 25133
WGS F3 (USA 211)        
1 36108U 09068A   22023.86961898  .00000063  00000+0  00000+0 0  9992
2 36108   0.1127  96.1490 0000255 115.7092  44.1733  1.00271356 30513
DIRECTV 12              
1 36131U 09075A   22024.02857451 -.00000091  00000+0  00000+0 0  9996
2 36131   0.0504 232.5660 0000309 140.0585  18.2648  1.00270897 44296
BEIDOU 3                
1 36287U 10001A   22023.79530002 -.00000270  00000+0  00000+0 0  9991
2 36287   1.8355  46.2342 0001430  41.8389 101.7347  1.00269474 44062
RADUGA-1M 2             
1 36358U 10002A   22023.85813306 -.00000171  00000+0  00000+0 0  9999
2 36358   0.0754 255.5982 0002352  32.3463 229.1310  1.00270173 33995
SDO                     
1 36395U 10005A   22023.28631833 -.00000067  00000+0  00000+0 0  9997
2 36395  31.3750 111.5896 0001798 236.9068 134.9192  1.00268511 43962
INTELSAT 16 (IS-16)     
1 36397U 10006A   22023.85118977 -.00000232  00000+0  00000+0 0  9996
2 36397   0.0167  77.2799 0002120 242.1590  33.9407  1.00272081 43557
GOES 15                 
1 36411U 10008A   22023.73636928  .00000068  00000+0  00000+0 0  9999
2 36411   0.0754 266.4744 0001050  89.2026 264.0844  1.00272285 43573
ECHOSTAR 14             
1 36499U 10010A   22023.65853576  .00000013  00000+0  00000+0 0  9999
2 36499   0.0146  68.5229 0002655 236.0759 296.5444  1.00270967 30454
SES-1                   
1 36516U 10016A   22023.67333873 -.00000102  00000+0  00000+0 0  9990
2 36516   0.0094  35.4118 0002575 276.7694 312.1843  1.00271867 42941
ASTRA 3B                
1 36581U 10021A   22023.83868655  .00000149  00000+0  00000+0 0  9997
2 36581   0.0585  62.9824 0004164 228.1377 157.4011  1.00271897 42784
COMSATBW-2              
1 36582U 10021B   22023.76462801  .00000100  00000+0  00000+0 0  9990
2 36582   0.0487  92.6278 0002168 219.8499  99.0053  1.00271068 42858
BADR-5                  
1 36592U 10025A   22023.76715734  .00000157  00000+0  00000+0 0  9993
2 36592   0.0433 111.8275 0000477 165.2385 148.1445  1.00272395 37118
COMS 1                  
1 36744U 10032A   22023.88829028 -.00000333  00000+0  00000+0 0  9992
2 36744   0.7070  96.0367 0000905 221.9082 253.1964  1.00271942 34990
ARABSAT-5A              
1 36745U 10032B   22023.76802951  .00000165  00000+0  00000+0 0  9998
2 36745   0.0498  30.1542 0001959 275.1933 124.6912  1.00268880 42540
ECHOSTAR 15             
1 36792U 10034A   22023.85674406 -.00000269  00000+0  00000+0 0  9990
2 36792   0.0137  64.1559 0001970 215.6369  90.1371  1.00272486 42231
BEIDOU 5                
1 36828U 10036A   22023.57585801 -.00000076  00000+0  00000+0 0  9997
2 36828  54.1889 177.5589 0027185 178.1464  81.8657  1.00288557 42120
NILESAT 201             
1 36830U 10037A   22023.86855192 -.00000046  00000+0  00000+0 0  9993
2 36830   0.0535 217.0324 0003568 109.0213 102.7605  1.00271258 42263
RASCOM-QAF 1R           
1 36831U 10037B   22024.05451404  .00000030  00000+0  00000+0 0  9996
2 36831   0.0331  96.6959 0006765 195.5351 213.6142  1.00270963 42190
AEHF-1 (USA 214)        
1 36868U 10039A   22023.76717660  .00000035  00000+0  00000+0 0  9999
2 36868   4.1722  88.7638 0001579 326.2524 348.2714  1.00268320 37556
CHINASAT 6A (ZX 6A)     
1 37150U 10042A   22020.93504222 -.00000335  00000+0  00000+0 0  9996
2 37150   0.0751 102.7588 0007546 191.5720 281.2591  0.99951259 41775
QZS-1 (MICHIBIKI-1)     
1 37158U 10045A   22023.59658976 -.00000113  00000+0  00000+0 0  9992
2 37158  42.1859 135.3995 0761837 270.5105  74.8831  1.00267268 41617
XM-5                    
1 37185U 10053A   22023.66189369 -.00000011  00000+0  00000+0 0  9991
2 37185   0.0440 155.4764 0000342   2.9290  87.6400  1.00272589 41382
BSAT-3B                 
1 37207U 10056B   22024.04355146 -.00000338  00000+0  00000+0 0  9992
2 37207   0.0751 305.7621 0004649  19.7687 283.3254  1.00271784 41179
BEIDOU 6                
1 37210U 10057A   22024.23164447 -.00000100  00000+0  00000+0 0  9997
2 37210   0.9073  51.0745 0005690 166.4343 149.4152  1.00273264 41199
SKYTERRA 1              
1 37218U 10061A   22023.88514385 -.00000106  00000+0  00000+0 0  9996
2 37218   2.2985  26.8923 0002165 291.8408  21.7869  1.00271464 41097
ZHONGXING-20A           
1 37234U 10064A   22023.78695589 -.00000339  00000+0  00000+0 0  9990
2 37234   2.2871  90.2762 0003126 229.6904 212.7837  1.00275624 40934
HYLAS 1                 
1 37237U 10065A   22023.62479906 -.00000214  00000+0  00000+0 0  9992
2 37237   1.5525  91.7940 0002236 217.3681 317.8850  1.00269225 40882
INTELSAT 17 (IS-17)     
1 37238U 10065B   22023.75928661  .00000010  00000+0  00000+0 0  9997
2 37238   0.0133 116.4194 0002555 198.3420 147.6164  1.00272460 37148
BEIDOU 7                
1 37256U 10068A   22023.85106140 -.00000186  00000+0  00000+0 0  9996
2 37256  50.4686 291.3780 0017776 188.7258  55.7426  1.00296013 40691
EUTELSAT KA-SAT 9A      
1 37258U 10069A   22023.54837382  .00000074  00000+0  00000+0 0  9999
2 37258   0.0557 256.6901 0000218 186.7145 245.8171  1.00271681 27896
HISPASAT 30W-5          
1 37264U 10070A   22023.87966047 -.00000204  00000+0  00000+0 0  9991
2 37264   0.0360 109.9597 0002006 204.2109  95.6515  1.00269774 37084
KOREASAT 6              
1 37265U 10070B   22023.87589171 -.00000350  00000+0  00000+0 0  9993
2 37265   0.0218  77.1845 0001519 230.3082 247.0016  1.00271152 40678
BEIDOU 8                
1 37384U 11013A   22023.84890605 -.00000165  00000+0  00000+0 0  9991
2 37384  60.0876  55.6967 0021230 193.2974 286.4776  1.00293817 39570
INTELSAT NEW DAWN       
1 37392U 11016A   22024.06626622  .00000168  00000+0  00000+0 0  9996
2 37392   0.0188 165.3407 0000813 351.3339  23.3246  1.00273370 39429
YAHSAT 1A               
1 37393U 11016B   22023.77239043  .00000113  00000+0  00000+0 0  9991
2 37393   0.0120  74.7099 0001958 222.4840 156.4400  1.00269374 26304
SBIRS GEO-1 (USA 230)   
1 37481U 11019A   22023.77518141  .00000004  00000+0  00000+0 0  9990
2 37481   1.8305  15.6795 0001952 285.0559 167.5865  1.00272155 39302
TELSTAR 14R             
1 37602U 11021A   22023.85674406 -.00000267  00000+0  00000+0 0  9996
2 37602   0.0244 337.4324 0003135   3.1198  28.0081  1.00270918 39739
GSAT-8                  
1 37605U 11022A   22023.77291375  .00000097  00000+0  00000+0 0  9991
2 37605   0.0440 266.3214 0007844  10.5262 179.5255  1.00271852 37127
ST-2                    
1 37606U 11022B   22023.82599625 -.00000199  00000+0  00000+0 0  9991
2 37606   0.0178  99.1032 0002280 232.8690 176.5194  1.00271044 39189
CHINASAT 10 (ZX 10)     
1 37677U 11026A   22023.87723439 -.00000340  00000+0  00000+0 0  9998
2 37677   0.0514 242.2862 0002705 341.0783 326.1381  1.00272116 38890
TIANLIAN 1-02           
1 37737U 11032A   22023.86700243 -.00000039  00000+0  00000+0 0  9994
2 37737   2.8238  75.0361 0074942 357.1631 170.0443  1.00273693 38625
GSAT-12                 
1 37746U 11034A   22023.77151824  .00000136  00000+0  00000+0 0  9998
2 37746   1.0147  94.2705 0007085 346.3264   8.1329  1.00273770 27398
SES-3                   
1 37748U 11035A   22023.88496940 -.00000089  00000+0  00000+0 0  9992
2 37748   0.0418 298.7792 0003074  20.3721  19.6071  1.00271655 38504
KAZSAT-2                
1 37749U 11035B   22023.82599625 -.00000186  00000+0  00000+0 0  9999
2 37749   0.0167 218.0190 0000936 165.1873 123.8040  1.00270458 37292
BEIDOU 9                
1 37763U 11038A   22023.11863964 -.00000029  00000+0  00000+0 0  9996
2 37763  54.4745 180.0373 0087422 225.2067 214.8753  1.00264657 38547
ASTRA 1N                
1 37775U 11041A   22023.83868655  .00000131  00000+0  00000+0 0  9997
2 37775   0.0424  10.6247 0003543 345.7173  87.9123  1.00269163 28431
BSAT-3C (JCSAT-110R)    
1 37776U 11041B   22023.87723439 -.00000339  00000+0  00000+0 0  9993
2 37776   0.0079  17.4940 0000312  48.7411 122.7018  1.00272691 34381
PAKSAT-1R               
1 37779U 11042A   22023.82569529  .00000166  00000+0  00000+0 0  9997
2 37779   0.0898 263.7422 0002204  97.2590  97.4639  1.00271278 38384
CHINASAT 1A (ZX 1A)     
1 37804U 11047A   22023.91246155 -.00000326  00000+0  00000+0 0  9997
2 37804   0.0324 141.4413 0001845 169.4629 270.6050  1.00268586 37978
SES-2                   
1 37809U 11049A   22024.03171437 -.00000184  00000+0  00000+0 0  9990
2 37809   0.0410 274.7649 0003088  38.3385  94.6296  1.00271748 37907
ARABSAT-5C              
1 37810U 11049B   22023.83868655  .00000135  00000+0  00000+0 0  9999
2 37810   0.0547  25.9492 0003474 207.1661 211.9256  1.00273467 37960
EUTELSAT 7 WEST A       
1 37816U 11051A   22023.86855192 -.00000048  00000+0  00000+0 0  9997
2 37816   0.0610  23.3064 0003957 208.8003 196.4035  1.00271679 37794
QUETZSAT 1              
1 37826U 11054A   22023.83174494 -.00000229  00000+0  00000+0 0  9998
2 37826   0.0131  52.8938 0002722 253.9619  38.6984  1.00272155 33799
INTELSAT 18 (IS-18)     
1 37834U 11056A   22024.07827017  .00000065  00000+0  00000+0 0  9999
2 37834   0.0224 355.5353 0001937 322.4139  13.5878  1.00270966 37742
EUTELSAT 16A            
1 37836U 11057A   22023.76515132  .00000116  00000+0  00000+0 0  9996
2 37836   0.0684  27.8660 0004955 278.5302 108.0986  1.00272911 29866
VIASAT-1                
1 37843U 11059A   22023.88244007 -.00000011  00000+0  00000+0 0  9994
2 37843   0.0167  71.5465 0002181 241.0027  13.1940  1.00270181 31223
ASIASAT 7               
1 37933U 11069A   22023.81045455 -.00000321  00000+0  00000+0 0  9998
2 37933   0.0384 229.4553 0001634  48.2706 242.6484  1.00270525 37364
BEIDOU 10               
1 37948U 11073A   22023.70889550 -.00000140  00000+0  00000+0 0  9998
2 37948  50.5825 291.0111 0078088 219.3036 322.9717  1.00285593 37305
LUCH 5A                 
1 37951U 11074B   22023.86700243 -.00000038  00000+0  00000+0 0  9997
2 37951   4.6557 100.5763 0002706 213.4772 288.0769  1.00273107 37097
NIGCOMSAT 1R            
1 38014U 11077A   22023.93591263  .00000157  00000+0  00000+0 0  9990
2 38014   0.0410 252.0838 0002401 134.3841 116.1613  1.00272463 36869
FENGYUN 2F              
1 38049U 12002A   22023.95535550 -.00000347  00000+0  00000+0 0  9998
2 38049   3.4412  80.7711 0005086 353.0871 145.5434  1.00275798 36790
WGS F4 (USA 233)        
1 38070U 12003A   22023.62813878 -.00000203  00000+0  00000+0 0  9990
2 38070   0.0194  66.4286 0000224 255.1534 115.8665  1.00270709 28041
SES-4                   
1 38087U 12007A   22023.39870722 -.00000156  00000+0  00000+0 0  9994
2 38087   0.0097  18.5992 0002439 292.0553 293.5659  1.00272126 36135
BEIDOU 11               
1 38091U 12008A   22024.12921959  .00000067  00000+0  00000+0 0  9991
2 38091   2.0426  71.8958 0007233 275.7436 241.0866  1.00275694 36385
MUOS-1                  
1 38093U 12009A   22023.67355000 -.00000115  00000+0  00000+0 0  9996
2 38093   2.7841  27.9866 0055306 355.8253 241.6100  1.00270608 36349
INTELSAT 22 (IS-22)     
1 38098U 12011A   22023.77631525 -.00000047  00000+0  00000+0 0  9998
2 38098   0.0119  49.1384 0002765 254.5969 170.8893  1.00272162 35724
APSTAR 7                
1 38107U 12013A   22023.85049601 -.00000090  00000+0  00000+0 0  9996
2 38107   0.0364 103.5244 0002320 223.1270 179.1777  1.00271247 35716
YAHSAT 1B               
1 38245U 12016A   22023.77143104  .00000138  00000+0  00000+0 0  9998
2 38245   0.0178  93.8903 0002713 224.2259 130.2678  1.00270970 29498
AEHF-2 (USA 235)        
1 38254U 12019A   22023.88653934 -.00000148  00000+0  00000+0 0  9992
2 38254   3.0495  59.5775 0003953 245.1155  43.3983  1.00269570 34755
JCSAT-13                
1 38331U 12023A   22023.78669424 -.00000344  00000+0  00000+0 0  9991
2 38331   0.0327 269.4171 0001618  40.7522 220.1062  1.00270375 35431
VINASAT-2               
1 38332U 12023B   22023.91392219 -.00000317  00000+0  00000+0 0  9992
2 38332   0.0266 308.9828 0002075   6.8729 268.2028  1.00271286 30568
NIMIQ 6                 
1 38342U 12026A   22023.73980594 -.00000161  00000+0  00000+0 0  9992
2 38342   0.0544 272.9390 0002283  26.4664 358.8444  1.00270390 34320
CHINASAT 2A (ZX 2A)     
1 38352U 12028A   22024.24103331 -.00000280  00000+0  00000+0 0  9990
2 38352   0.0326 145.1067 0002482 193.5647 329.8585  1.00268862 35549
INTELSAT 19 (IS-19)     
1 38356U 12030A   22023.86682800 -.00000045  00000+0  00000+0 0  9996
2 38356   0.0179  90.7286 0002733 223.1472 287.3357  1.00271602 34340
ECHOSTAR 17             
1 38551U 12035A   22023.66877472 -.00000063  00000+0  00000+0 0  9997
2 38551   0.0195  66.9428 0001918 231.5764 318.0964  1.00270225 34963
METEOSAT-10 (MSG-3)     
1 38552U 12035B   22023.76384304  .00000075  00000+0  00000+0 0  9998
2 38552   1.3395  31.1165 0000214 256.5743 119.8056  1.00279323 34769
SES-5                   
1 38652U 12036A   22023.76747694  .00000046  00000+0  00000+0 0  9993
2 38652   0.0578 285.8911 0002052  17.9047 100.5282  1.00271539 28384
TIANLIAN 1-03           
1 38730U 12040A   22023.93035568  .00000136  00000+0  00000+0 0  9994
2 38730   1.6517  93.3615 0004932 294.7026  90.4470  1.00272345 34890
INTELSAT 20 (IS-20)     
1 38740U 12043A   22024.13540164 -.00000012  00000+0  00000+0 0  9998
2 38740   0.0166  93.3844 0001925  86.1509  61.1209  1.00272356 34736
HYLAS 2                 
1 38741U 12043B   22023.76811674  .00000166  00000+0  00000+0 0  9993
2 38741   0.0507 264.3153 0001637  35.5043 130.8009  1.00272259 34666
INTELSAT 21 (IS-21)     
1 38749U 12045A   22023.82217222 -.00000272  00000+0  00000+0 0  9998
2 38749   0.0168  75.7160 0001921 242.4297  42.9573  1.00270880 34437
ASTRA 2F                
1 38778U 12051A   22023.83868655  .00000162  00000+0  00000+0 0  9997
2 38778   0.0761 245.1937 0003437  21.0744 186.9609  1.00272091 25025
GSAT-10                 
1 38779U 12051B   22023.82514899 -.00000153  00000+0  00000+0 0  9996
2 38779   0.0989 273.2103 0003646 342.7064 247.2618  1.00272564 34010
INTELSAT 23 (IS-23)     
1 38867U 12057A   22023.82313163 -.00000272  00000+0  00000+0 0  9993
2 38867   0.0527 244.6024 0001853  62.6110  59.2115  1.00273226 33847
BEIDOU 16               
1 38953U 12059A   22024.10361950 -.00000163  00000+0  00000+0 0  9999
2 38953   1.6324  84.5641 0012352 278.2023 241.9406  1.00269796 33957
LUCH 5B                 
1 38977U 12061A   22023.83045796 -.00000126  00000+0  00000+0 0  9993
2 38977   6.9809  63.6893 0000584 228.4331 113.6363  1.00271077 34075
YAMAL 300K              
1 38978U 12061B   22023.56543792  .00000083  00000+0  00000+0 0  9994
2 38978   0.0232  76.9956 0000074 141.8643 290.5222  1.00269657 33772
STAR ONE C3             
1 38991U 12062A   22023.85118977 -.00000237  00000+0  00000+0 0  9997
2 38991   0.0439 260.1388 0002190  53.1301  41.2955  1.00273259 33664
EUTELSAT 21B            
1 38992U 12062B   22023.83868655  .00000142  00000+0  00000+0 0  9995
2 38992   0.0682  27.8703 0002623 276.1915 142.5774  1.00273135 33749
ECHOSTAR 16             
1 39008U 12065A   22023.85674406 -.00000269  00000+0  00000+0 0  9999
2 39008   0.0202  65.7296 0001953 246.1639  58.1804  1.00270936 33527
CHINASAT 12 (ZX 12)     
1 39017U 12067A   22023.82599625 -.00000195  00000+0  00000+0 0  9995
2 39017   0.0308 105.7016 0002699 197.2862 204.9885  1.00270591 33416
EUTELSAT 70B            
1 39020U 12069A   22023.82629707 -.00000032  00000+0  00000+0 0  9996
2 39020   0.0704  41.0369 0005530 207.1695 242.8797  1.00272771 33410
YAMAL 402               
1 39022U 12070A   22023.87688373  .00000098  00000+0  00000+0 0  9990
2 39022   0.0065 141.1916 0003068 170.6361 181.9157  1.00271933 33502
SKYNET 5D               
1 39034U 12075A   22023.77247765  .00000111  00000+0  00000+0 0  9999
2 39034   0.0701  18.8481 0004020 286.1787 148.8581  1.00272229 33077
MEXSAT 3                
1 39035U 12075B   22023.66189340 -.00000013  00000+0  00000+0 0  9994
2 39035   0.0217  83.0233 0002011 222.5040 300.9017  1.00271911 33086
TDRS 11                 
1 39070U 13004A   22023.79379453  .00000095  00000+0  00000+0 0  9995
2 39070   3.0710 342.2209 0003881  48.1081 204.2627  1.00277923 30597
AMAZONAS 3              
1 39078U 13006A   22023.85674406 -.00000270  00000+0  00000+0 0  9994
2 39078   0.0496 228.8688 0003497  48.4683  93.2401  1.00269706 28804
AZERSPACE 1             
1 39079U 13006B   22023.77116937  .00000145  00000+0  00000+0 0  9996
2 39079   0.0204  63.3950 0002074 273.8419 109.4264  1.00272031 32703
SBIRS GEO-2 (USA 241)   
1 39120U 13011A   22023.83868655  .00000133  00000+0  00000+0 0  9994
2 39120   1.8858  13.9550 0001999 284.8944 146.8989  1.00272229 32440
EUTELSAT 117 WEST A     
1 39122U 13012A   22023.66082626  .00000000  00000+0  00000+0 0  9997
2 39122   0.0175 346.7808 0002881 322.9449 294.3163  1.00271704 32342
ANIK G1                 
1 39127U 13014A   22023.88409722 -.00000061  00000+0  00000+0 0  9996
2 39127   0.0145 110.9677 0002293 167.2829  55.8866  1.00270538 32151
CHINASAT 11 (ZX 11)     
1 39157U 13020A   22023.78146113 -.00000278  00000+0  00000+0 0  9997
2 39157   0.0306 246.8936 0001784  65.2824 190.0967  1.00268725 32054
EUTELSAT 7B             
1 39163U 13022A   22023.76331973  .00000060  00000+0  00000+0 0  9992
2 39163   0.0718 344.8460 0005496 353.1011  66.8893  1.00270918 31874
WGS F5 (USA 243)        
1 39168U 13024A   22024.06021598 -.00000272  00000+0  00000+0 0  9998
2 39168   0.0170  86.9603 0000757 304.6727  60.9035  1.00267161 31738
SES-6                   
1 39172U 13026A   22023.82566095 -.00000249  00000+0  00000+0 0  9998
2 39172   0.0634 283.5375 0002326   6.0651  90.2531  1.00273067 31629
IRNSS-1A                
1 39199U 13034A   22023.13549392  .00000082  00000+0  00000+0 0  9995
2 39199  32.1059  87.6060 0020917 187.3528 311.3354  1.00278228 31265
MUOS-2                  
1 39206U 13036A   22023.87031674  .00000076  00000+0  00000+0 0  9999
2 39206   2.6050  18.0899 0051690 184.5144  56.8542  1.00270275 31095
ALPHASAT                
1 39215U 13038A   22024.15743781  .00000146  00000+0  00000+0 0  9990
2 39215   2.6568  14.9631 0001835 293.0217 257.0070  1.00274302 31176
INSAT-3D                
1 39216U 13038B   22023.82009944 -.00000145  00000+0  00000+0 0  9990
2 39216   0.0544 262.9880 0000751  57.5294 180.0108  1.00270984 31009
WGS F6 (USA 244)        
1 39222U 13041A   22023.67930897  .00000101  00000+0  00000+0 0  9995
2 39222   0.0178  79.9568 0000267 216.4014 295.9494  1.00271074 29952
ES'HAIL 1               
1 39233U 13044A   22023.83868655  .00000155  00000+0  00000+0 0  9999
2 39233   0.0473   6.8800 0001965 299.3041 144.3440  1.00270482 30543
GSAT-7                  
1 39234U 13044B   22023.86577094 -.00000065  00000+0  00000+0 0  9998
2 39234   0.0390  99.1640 0009287 177.7950 231.8766  1.00271729 29234
AMOS-4                  
1 39237U 13045A   22023.82380640  .00000019  00000+0  00000+0 0  9995
2 39237   0.0292  87.3015 0002694 220.5353 176.8331  1.00272309 30864
AEHF-3 (USA 246)        
1 39256U 13050A   22023.73839258  .00000146  00000+0  00000+0 0  9997
2 39256   1.3680  68.3313 0056957 188.0559 337.3608  1.00273919 29572
ASTRA 2E                
1 39285U 13056A   22023.83868655  .00000162  00000+0  00000+0 0  9997
2 39285   0.0555   5.1226 0002652 307.7923 140.5963  1.00271699 30349
FM-6                    
1 39360U 13058A   22023.73846252 -.00000004  00000+0  00000+0 0  9997
2 39360   0.0105 299.9863 0000588 254.3986  78.3242  1.00271709 29962
RADUGA-1M 3             
1 39375U 13062A   22023.84633015  .00000167  00000+0  00000+0 0  9990
2 39375   1.8733  91.5165 0003291  73.4898 297.7644  1.00272006 30035
SES-8                   
1 39460U 13071A   22023.82896729 -.00000257  00000+0  00000+0 0  9997
2 39460   0.0491 250.1773 0001053  89.3165 177.0593  1.00270995 28335
INMARSAT 5-F1           
1 39476U 13073A   22023.82320451  .00000040  00000+0  00000+0 0  9999
2 39476   0.0182  74.1974 0000301 301.4774 106.3976  1.00270123 29496
TKSAT-1 (TUPAC KATARI)  
1 39481U 13075A   22023.59007694 -.00000182  00000+0  00000+0 0  9990
2 39481   0.0483 253.5380 0002913  60.8599 293.7192  1.00271856 29497
EXPRESS-AM5             
1 39487U 13077A   22022.56977593 -.00000269  00000+0  00000+0 0  9994
2 39487   0.0430 204.5958 0001036 216.5234  45.8838  1.00269533 30240
GSAT-14                 
1 39498U 14001A   22023.86577094 -.00000065  00000+0  00000+0 0  9994
2 39498   0.0729 272.4610 0005472   2.6140 233.7635  1.00271467 29307
THAICOM 6               
1 39500U 14002A   22024.10743845 -.00000108  00000+0  00000+0 0  9994
2 39500   0.0858 114.6770 0000281  11.5324 114.3648  1.00270040 29421
TDRS 12                 
1 39504U 14004A   22023.82548652 -.00000256  00000+0  00000+0 0  9991
2 39504   3.9903 344.8978 0001404  23.2229  11.0632  1.00264553 28187
ABS-2                   
1 39508U 14006A   22023.86577094 -.00000074  00000+0  00000+0 0  9991
2 39508   0.0223  53.1198 0003512 274.0289 182.6075  1.00271197 29192
ATHENA-FIDUS            
1 39509U 14006B   22023.82569529  .00000166  00000+0  00000+0 0  9993
2 39509   0.0210 111.6179 0000965 205.4507 141.0862  1.00272114 28987
TURKSAT 4A              
1 39522U 14007A   22023.77029719  .00000158  00000+0  00000+0 0  9996
2 39522   0.0777 268.7507 0004330  23.2521 150.3543  1.00268874 28887
EXPRESS-AT1             
1 39612U 14010A   22023.87688373  .00000091  00000+0  00000+0 0  9994
2 39612   0.0420 247.6415 0000422 135.1082 112.0719  1.00271789 28956
EXPRESS-AT2             
1 39613U 14010B   22024.22887442 -.00000268  00000+0  00000+0 0  9990
2 39613   0.0510 246.4805 0000532 240.7079 218.5671  1.00277387 28788
AMAZONAS 4A             
1 39616U 14011A   22023.85674406 -.00000240  00000+0  00000+0 0  9996
2 39616   0.1556  85.8571 0003568 226.3971  45.3407  1.00269599 28598
ASTRA 5B                
1 39617U 14011B   22023.76820396  .00000166  00000+0  00000+0 0  9994
2 39617   0.0490 317.3732 0004015 328.6929 145.0408  1.00268282 28568
IRNSS-1B                
1 39635U 14017A   22022.75049476  .00000124  00000+0  00000+0 0  9994
2 39635  29.0380 267.5331 0018155 179.5338   0.2336  1.00273446 28688
LUCH 5V                 
1 39727U 14023A   22023.78085060 -.00000258  00000+0  00000+0 0  9995
2 39727   1.1639  71.9968 0002024 277.2142 149.6870  1.00274264 28262
KAZSAT-3                
1 39728U 14023B   22024.12921959  .00000073  00000+0  00000+0 0  9995
2 39728   0.0141 129.3547 0000827 292.0497 167.0033  1.00271225 28345
EUTELSAT 3B             
1 39773U 14030A   22023.76253477  .00000032  00000+0  00000+0 0  9990
2 39773   0.0627  27.6099 0003898 193.5377 179.5058  1.00271946 27961
ASIASAT 8 (AMOS-7)      
1 40107U 14046A   22023.86855192 -.00000021  00000+0  00000+0 0  9992
2 40107   0.0010 285.7766 0002004 359.2085 146.9609  1.00271101 86040
ASIASAT 6               
1 40141U 14052A   22021.03660579 -.00000351  00000+0  00000+0 0  9993
2 40141   0.0402 265.5005 0001027  56.4828 291.4393  1.00268573 27039
OPTUS 10                
1 40146U 14054A   22023.86482198 -.00000135  00000+0  00000+0 0  9992
2 40146   0.0333  98.6888 0002639 186.7077 305.0932  1.00271875 26932
MEASAT-3B               
1 40147U 14054B   22023.94424272 -.00000229  00000+0  00000+0 0  9995
2 40147   0.0252  17.5664 0002684 314.4793 222.5901  1.00269864 26811
LUCH (OLYMP)            
1 40258U 14058A   22023.82320451  .00000036  00000+0  00000+0 0  9998
2 40258   0.0111 136.7859 0001024  22.1733 322.3333  1.00326097 24898
HIMAWARI-8              
1 40267U 14060A   22024.13452279 -.00000264  00000+0  00000+0 0  9994
2 40267   0.0221  74.1016 0000839 265.5916 332.8251  1.00267490 26763
IRNSS-1C                
1 40269U 14061A   22023.94424272 -.00000150  00000+0  00000+0 0  9991
2 40269   2.6711 135.6776 0017199   9.9383  40.5607  1.00271997 26594
INTELSAT 30 (IS-30)     
1 40271U 14062A   22022.22539463 -.00000139  00000+0  00000+0 0  9991
2 40271   0.0191  67.9502 0002368  46.9677 352.7255  1.00270068 26656
ARSAT 1                 
1 40272U 14062B   22023.85674406 -.00000247  00000+0  00000+0 0  9999
2 40272   0.0448 268.2796 0001447  33.2967  58.1869  1.00271978 26515
EXPRESS-AM6             
1 40277U 14064A   22022.55241949  .00000109  00000+0  00000+0 0  9990
2 40277   0.0553 235.4106 0000294 146.8210 351.5040  1.00273426 26565
GSAT-16                 
1 40332U 14078A   22023.79563146  .00000097  00000+0  00000+0 0  9996
2 40332   0.0623 265.8433 0003095 185.6437  13.0797  1.00272599 26018
DIRECTV 14              
1 40333U 14078B   22023.67454730 -.00000113  00000+0  00000+0 0  9992
2 40333   0.0233  94.6381 0000153  78.6025  93.3351  1.00273358 25966
YAMAL 401               
1 40345U 14082A   22023.80049369 -.00000216  00000+0  00000+0 0  9997
2 40345   0.0246 100.6803 0000286 314.0311  86.4985  1.00271132 26316
ASTRA 2G                
1 40364U 14089A   22023.83868655  .00000162  00000+0  00000+0 0  9994
2 40364   0.0357 340.1720 0002985  33.6873  79.3844  1.00269561 25872
FENGYUN 2G              
1 40367U 14090A   22023.78189722 -.00000292  00000+0  00000+0 0  9999
2 40367   1.5721  90.8516 0003505 319.1598  94.3482  1.00273203 25900
MUOS-3                  
1 40374U 15002A   22023.87410598 -.00000117  00000+0  00000+0 0  9995
2 40374   2.5344   7.0840 0053904 181.2438 234.0065  1.00270469 25494
INMARSAT 5-F2           
1 40384U 15005A   22023.50568883 -.00000273  00000+0  00000+0 0  9993
2 40384   0.0186  74.6747 0000629 254.9405 280.2346  1.00272982 24896
ABS-3A                  
1 40424U 15010A   22023.86855192 -.00000014  00000+0  00000+0 0  9998
2 40424   0.0166  61.5811 0001509 154.6003 216.6648  1.00272142 25284
EUTELSAT 115 WEST B     
1 40425U 15010B   22023.66189389 -.00000012  00000+0  00000+0 0  9993
2 40425   0.0081 185.5053 0000072  65.6042 355.2174  1.00271965 25303
EXPRESS-AM7             
1 40505U 15012A   22023.84170911  .00000163  00000+0  00000+0 0  9991
2 40505   0.0150  86.3899 0002441 210.6330 169.1133  1.00273122 24919
IRNSS-1D                
1 40547U 15018A   22023.78374817 -.00000260  00000+0  00000+0 0  9996
2 40547  28.8652 267.5631 0017836 177.6917  71.7460  1.00268195 24896
BEIDOU 17               
1 40549U 15019A   22023.47957654 -.00000175  00000+0  00000+0 0  9996
2 40549  52.1340 314.4400 0035595 190.7754 246.5104  1.00273587 24983
THOR 7                  
1 40613U 15022A   22024.05442257  .00000004  00000+0  00000+0 0  9995
2 40613   0.0332 269.0554 0002593  36.3994 196.8188  1.00270938 24713
TURKMENALEM52E/MONACOSAT
1 40617U 15023A   22023.93591263  .00000116  00000+0  00000+0 0  9992
2 40617   0.0314  97.7606 0002313 206.4163 207.9888  1.00272501 24741
DIRECTV 15              
1 40663U 15026A   22024.02857451 -.00000091  00000+0  00000+0 0  9994
2 40663   0.0140  87.3036 0000496 101.1888 202.2585  1.00272896 24442
SKY MEXICO-1            
1 40664U 15026B   22023.81801635 -.00000222  00000+0  00000+0 0  9990
2 40664   0.0173  41.5410 0002166 274.2044  23.0766  1.00271579 24356
METEOSAT-11 (MSG-4)     
1 40732U 15034A   22023.76192424  .00000006  00000+0  00000+0 0  9997
2 40732   0.2337 330.1690 0001042 107.8591 318.9312  1.00274212 23936
STAR ONE C4             
1 40733U 15034B   22023.85674406 -.00000253  00000+0  00000+0 0  9998
2 40733   0.0203  32.6364 0003020 302.6695  26.2656  1.00272187 23925
WGS F7 (USA 263)        
1 40746U 15036A   22024.10118694  .00000030  00000+0  00000+0 0  9997
2 40746   0.0093  33.5457 0000118 176.1923 125.0751  1.00271046 23783
INTELSAT 34 (IS-34)     
1 40874U 15039A   22023.75093473 -.00000273  00000+0  00000+0 0  9999
2 40874   0.0240 319.0479 0000611 241.8322 137.0033  1.00272273 23527
EUTELSAT 8 WEST B       
1 40875U 15039B   22023.86855192 -.00000054  00000+0  00000+0 0  9993
2 40875   0.0630  12.7892 0003315 330.3920  84.6422  1.00271354 23561
GSAT-6                  
1 40880U 15041A   22024.10743845 -.00000148  00000+0  00000+0 0  9995
2 40880   0.0092  44.1911 0002034 222.2514 338.1197  1.00274142 23503
INMARSAT 5-F3           
1 40882U 15042A   22023.79752005  .00000062  00000+0  00000+0 0  9994
2 40882   0.0186  73.8600 0000193 230.7161 285.2219  1.00273170 23461
MUOS-4                  
1 40887U 15044A   22023.77701300 -.00000082  00000+0  00000+0 0  9994
2 40887   2.5628   2.1196 0056810 356.7312 118.9717  1.00271794 23468
TJS-1                   
1 40892U 15046A   22023.86320222 -.00000144  00000+0  00000+0 0  9991
2 40892   0.1085 282.9105 0004621  77.2337 228.7601  1.00270964 23468
EXPRESS-AM8             
1 40895U 15048A   22023.87410598 -.00000099  00000+0  00000+0 0  9992
2 40895   0.0446 250.5761 0000094  82.1025  91.1565  1.00271777 23283
BEIDOU 20               
1 40938U 15053A   22024.14356351 -.00000115  00000+0  00000+0 0  9992
2 40938  51.7225 277.5338 0042706 194.1916 159.5458  1.00278802 23250
SKY MUSTER 1 (NBN1A)    
1 40940U 15054A   22024.13452279 -.00000266  00000+0  00000+0 0  9998
2 40940   0.0116  15.3628 0001774 289.0864   7.6510  1.00272158 23165
ARSAT 2                 
1 40941U 15054B   22024.03293543 -.00000213  00000+0  00000+0 0  9997
2 40941   0.0434 265.2200 0001829  35.2493 113.7030  1.00271742 23222
MORELOS 3               
1 40946U 15056A   22023.88296338 -.00000028  00000+0  00000+0 0  9995
2 40946   3.9223 332.9218 0003183   1.1742 353.8190  1.00271862 23182
APSTAR 9                
1 40982U 15059A   22024.00554890 -.00000254  00000+0  00000+0 0  9994
2 40982   0.0409 252.4466 0001652  25.9916 348.8761  1.00271036 23050
TURKSAT 4B              
1 40984U 15060A   22023.93591263  .00000127  00000+0  00000+0 0  9992
2 40984   0.0314 256.6322 0001840  43.3243 210.1884  1.00268936 23018
CHINASAT 2C (ZX 2C)     
1 41021U 15063A   22022.27532701 -.00000312  00000+0  00000+0 0  9993
2 41021   0.0668 262.2271 0001819 110.4960 311.4050  1.00272879 22882
GSAT-15                 
1 41028U 15065A   22024.06327309 -.00000245  00000+0  00000+0 0  9992
2 41028   0.0534 266.6994 0001141 351.1967 341.7270  1.00270586 22760
BADR-7 (ARABSAT-6B)     
1 41029U 15065B   22023.76715734  .00000157  00000+0  00000+0 0  9993
2 41029   0.0464 251.6982 0004474 359.6670 173.8535  1.00269571 22669
LAOSAT 1                
1 41034U 15067A   22024.14215959 -.00000331  00000+0  00000+0 0  9993
2 41034   0.0443 229.6542 0001905  32.2855  41.1389  1.00267832 22745
TELSTAR 12V             
1 41036U 15068A   22023.87410598 -.00000107  00000+0  00000+0 0  9992
2 41036   0.0153  88.1432 0002177 230.0071 104.6946  1.00271113 22528
CHINASAT 1C (ZX 1C)     
1 41103U 15073A   22023.82132634 -.00000140  00000+0  00000+0 0  9997
2 41103   3.0317  86.8507 0000748 150.4082 262.9312  1.00271738 22567
ELEKTRO-L 2             
1 41105U 15074A   22023.87410598 -.00000104  00000+0  00000+0 0  9993
2 41105   2.6265  89.8485 0001716 144.3772 189.1733  1.00271550 22411
COSMOS 2513             
1 41121U 15075A   22023.94424272 -.00000126  00000+0  00000+0 0  9998
2 41121   0.0525 114.5808 0002754 167.6018 261.2209  1.00270646 22436
EXPRESS-AMU1            
1 41191U 15082A   22024.06823382  .00000168  00000+0  00000+0 0  9997
2 41191   0.0141  74.1373 0002328 247.9647 221.9057  1.00269182 22417
GAOFEN 4                
1 41194U 15083A   22024.22404490 -.00000322  00000+0  00000+0 0  9997
2 41194   0.0717 109.9781 0002552  87.5346 112.3477  1.00268868 22398
BELINTERSAT-1           
1 41238U 16001A   22023.93591263  .00000118  00000+0  00000+0 0  9991
2 41238   0.0509 264.5601 0001454 296.8153 310.2821  1.00274293 22151
IRNSS-1E                
1 41241U 16003A   22021.10118847 -.00000298  00000+0  00000+0 0  9997
2 41241  29.6509  86.9174 0021318 188.6712 353.1052  1.00273098 21954
EUTELSAT 9B             
1 41310U 16005A   22023.76375582  .00000074  00000+0  00000+0 0  9992
2 41310   0.0440  69.8058 0005618 214.5157 122.6706  1.00272302 22016
SES-9                   
1 41380U 16013A   22024.04355146 -.00000333  00000+0  00000+0 0  9993
2 41380   0.0477 267.2930 0000791 119.9458 220.0731  1.00269204 21652
EUTELSAT 65 WEST A      
1 41382U 16014A   22023.85674406 -.00000264  00000+0  00000+0 0  9990
2 41382   0.0486   3.4704 0002066 302.8715  60.0455  1.00272057 21441
IRNSS-1F                
1 41384U 16015A   22023.76846560  .00000172  00000+0  00000+0 0  9992
2 41384   2.0371 168.4093 0021138 183.6270  80.0166  1.00272253 21565
BEIDOU IGSO-6           
1 41434U 16021A   22023.95797969 -.00000141  00000+0  00000+0 0  9991
2 41434  57.8871  54.3357 0045071 217.4650 291.9918  1.00269986 21387
IRNSS-1G                
1 41469U 16027A   22023.90513748 -.00000322  00000+0  00000+0 0  9992
2 41469   1.9858 171.6005 0004366 259.7456 147.1527  1.00277099 21087
JCSAT-2B                
1 41471U 16028A   22023.86438588 -.00000154  00000+0  00000+0 0  9992
2 41471   0.0196  70.8367 0001882 228.0714 289.4047  1.00270253 21028
THAICOM 8               
1 41552U 16031A   22023.92341101 -.00000109  00000+0  00000+0 0  9997
2 41552   0.0938  88.2887 0003915 252.2787 193.5397  1.00272438 20625
INTELSAT 31 (IS-31)     
1 41581U 16035A   22023.34461230 -.00000138  00000+0  00000+0 0  9997
2 41581   0.0018 240.3802 0002038 315.5921 315.6689  1.00267672 20593
BEIDOU-2 G7             
1 41586U 16037A   22023.87723439 -.00000343  00000+0  00000+0 0  9992
2 41586   1.6557  67.1903 0008178 359.8998 122.3424  1.00276978 20696
ABS-2A (MONGOLSAT-1)    
1 41588U 16038A   22023.77965920 -.00000071  00000+0  00000+0 0  9995
2 41588   0.0086  71.1733 0001467 177.9042 229.4093  1.00268127 20606
EUTELSAT 117 WEST B     
1 41589U 16038B   22023.65960900  .00000001  00000+0  00000+0 0  9998
2 41589   0.0083 189.5869 0000133  16.1432  37.6788  1.00272701 20573
BRISAT                  
1 41591U 16039A   22023.68482258 -.00000185  00000+0  00000+0 0  9994
2 41591   0.0112  40.8465 0002144 265.7551 213.4251  1.00268526 20522
ECHOSTAR 18             
1 41592U 16039B   22023.85674406 -.00000270  00000+0  00000+0 0  9997
2 41592   0.0188  75.9856 0001533 229.8547  64.3721  1.00270595 20520
MUOS-5                  
1 41622U 16041A   22023.88462053 -.00000095  00000+0  00000+0 0  9995
2 41622   5.9477 302.0572 0195951 233.2610 161.2933  1.00271932 20995
TIANTONG-1 1            
1 41725U 16048A   22023.78215888 -.00000305  00000+0  00000+0 0  9991
2 41725   2.3527 351.8618 0004688 342.7634 171.4161  1.00274659 20172
JCSAT-16                
1 41729U 16050A   22023.86629493 -.00000294  00000+0  00000+0 0  9995
2 41729   0.0954  91.0005 0000235 297.3231 182.7157  1.00270991 19971
USA 270                 
1 41744U 16052A   22020.32986111 -.00000307  00000+0  00000+0 0  9990
2 41744   0.0989  97.9307 0000413  56.0637 182.7172  1.00452419  2600
USA 271                 
1 41745U 16052B   21362.44556334 -.00000343  00000+0  00000+0 0  9992
2 41745   0.0874 104.8295 0011364  50.8804 217.8705  1.00409681  2383
INTELSAT 36 (IS-36)     
1 41747U 16053A   22023.76313887 -.00000012  00000+0  00000+0 0  9992
2 41747   0.0081  23.0618 0001038 325.7934 117.4132  1.00271929 19841
INTELSAT 33E (IS-33E)   
1 41748U 16053B   22023.82350545  .00000061  00000+0  00000+0 0  9995
2 41748   0.0388 317.6734 0001518 338.1524 183.7415  1.00271913 20158
INSAT-3DR               
1 41752U 16054A   22023.86577094 -.00000065  00000+0  00000+0 0  9990
2 41752   0.0941  97.3763 0012954 178.3716 233.0848  1.00271862 19728
GSAT-18                 
1 41793U 16060A   22023.77965920 -.00000065  00000+0  00000+0 0  9991
2 41793   0.0653  99.9422 0001695 220.8099 156.9878  1.00271627 19444
SKY MUSTER 2 (NBN1B)    
1 41794U 16060B   22023.68243731 -.00000232  00000+0  00000+0 0  9997
2 41794   0.0179 319.6262 0001614 342.7623 211.0620  1.00272304 19474
HIMAWARI-9              
1 41836U 16064A   22024.13452279 -.00000263  00000+0  00000+0 0  9992
2 41836   0.0067 228.6899 0000519  76.9194   7.0009  1.00272159 19207
SHIJIAN-17 (SJ-17)      
1 41838U 16065A   22023.95092184 -.00000352  00000+0  00000+0 0  9998
2 41838   1.6655  91.0625 0001276 315.1526 176.9309  1.00271194 19113
GOES 16                 
1 41866U 16071A   22023.85118977 -.00000236  00000+0  00000+0 0  9995
2 41866   0.0852 259.7383 0001163  88.1827   6.4509  1.00269814 19010
TIANLIAN 1-04           
1 41869U 16072A   22023.79725840  .00000043  00000+0  00000+0 0  9990
2 41869   0.1238 256.5605 0019281 219.4410 110.8933  1.00274583 19224
WGS F8 (USA 272)        
1 41879U 16075A   22023.68482251 -.00000191  00000+0  00000+0 0  9993
2 41879   0.0178  66.8042 0000636 327.5418 124.9550  1.00271248 18738
FENGYUN 4A              
1 41882U 16077A   22021.99007933 -.00000317  00000+0  00000+0 0  9991
2 41882   0.0596  67.3976 0005954 350.9930 163.8094  1.00265785 18863
ECHOSTAR 19             
1 41893U 16079A   22023.88610324 -.00000126  00000+0  00000+0 0  9997
2 41893   0.0187  74.9299 0001405 234.8995  35.2474  1.00270901 18614
JCSAT-15                
1 41903U 16082A   22023.87723439 -.00000339  00000+0  00000+0 0  9990
2 41903   0.0220  75.6476 0001264 240.7759 232.6225  1.00268018 18664
STAR ONE D1             
1 41904U 16082B   22023.81696973 -.00000199  00000+0  00000+0 0  9991
2 41904   0.0188  68.4688 0002111 243.7323  21.0030  1.00270778 18698
TJS-2                   
1 41911U 17001A   22023.82380640  .00000005  00000+0  00000+0 0  9998
2 41911   0.0319  15.5020 0003457 177.1970 293.4877  1.00273608 18630
SBIRS GEO-4 (USA 273)   
1 41937U 17004A   22023.73017678  .00000144  00000+0  00000+0 0  9991
2 41937   2.6204 316.2970 0002103 345.2911 284.8984  1.00271863 18504
HISPASAT 36W-1          
1 41942U 17006A   22024.00396515 -.00000233  00000+0  00000+0 0  9990
2 41942   0.0395 251.9767 0001073  63.8118 132.9325  1.00268084 18434
TELKOM 3S               
1 41944U 17007A   22024.03799438 -.00000350  00000+0  00000+0 0  9997
2 41944   0.0182  81.6662 0001937 224.8188 308.5343  1.00268170 18119
INTELSAT 32E (IS-32E)   
1 41945U 17007B   22023.75337685 -.00000257  00000+0  00000+0 0  9994
2 41945   0.0187  72.5182 0000292  83.1913 195.3866  1.00272303 18133
ECHOSTAR 23             
1 42070U 17014A   22023.53311063 -.00000258  00000+0  00000+0 0  9991
2 42070   0.0232  78.0415 0001746 223.9860 304.8357  1.00268296 17838
WGS F9 (USA 275)        
1 42075U 17016A   22023.68778868 -.00000084  00000+0  00000+0 0  9991
2 42075   0.0186  85.6999 0000244 285.5650 347.3053  1.00270876 17804
SES-10                  
1 42432U 17017A   22024.02063097 -.00000261  00000+0  00000+0 0  9996
2 42432   0.0120  29.5932 0002590 270.6326 123.6136  1.00272462 17635
CHINASAT 16 (SJ-13)     
1 42662U 17018A   22024.21439329 -.00000340  00000+0  00000+0 0  9996
2 42662   0.0877  83.3443 0006908 170.6745  57.1918  1.00270840 17643
KOREASAT 7              
1 42691U 17023A   22023.87589171 -.00000350  00000+0  00000+0 0  9997
2 42691   0.0270  59.8204 0000450 211.6623 282.8934  1.00272369 17296
SGDC                    
1 42692U 17023B   22022.86846042 -.00000237  00000+0  00000+0 0  9993
2 42692   0.0190 334.7427 0002223 331.4563  53.7657  1.00272120 17319
GSAT-9                  
1 42695U 17024A   22023.78137392 -.00000274  00000+0  00000+0 0  9991
2 42695   0.0438 248.8425 0002495  51.8368 201.0159  1.00271530 17215
INMARSAT 5-F4           
1 42698U 17025A   22023.87688373  .00000087  00000+0  00000+0 0  9996
2 42698   0.0231  74.5464 0000569 347.1078  73.6875  1.00269164 17178
SES-15                  
1 42709U 17026A   22023.73619484  .00000072  00000+0  00000+0 0  9996
2 42709   0.0187   9.4629 0000626 311.6427 297.8073  1.00272062 18047
QZS-2 (MICHIBIKI-2)     
1 42738U 17028A   22021.54702080 -.00000106  00000+0  00000+0 0  9991
2 42738  42.0143 266.2395 0753683 269.7938 282.7468  1.00277686 17012
VIASAT-2                
1 42740U 17029A   22023.53267453 -.00000253  00000+0  00000+0 0  9999
2 42740   0.0406 251.2307 0000128 170.8484 182.6160  1.00269229 17083
EUTELSAT 172B           
1 42741U 17029B   22023.86796184  .00000006  00000+0  00000+0 0  9999
2 42741   0.0311 150.1869 0000063 354.3178 103.1119  1.00270317 17628
GSAT-19                 
1 42747U 17031A   22023.93591263  .00000137  00000+0  00000+0 0  9992
2 42747   0.0140  62.9009 0003800 340.3735 104.7496  1.00271174 17038
ECHOSTAR 21             
1 42749U 17032A   22023.96924306  .00000080  00000+0  00000+0 0  9993
2 42749   4.2885 311.1190 0002130 341.5982 189.7252  1.00272777 17026
BULGARIASAT-1           
1 42801U 17038A   22024.05448355  .00000023  00000+0  00000+0 0  9991
2 42801   0.0176  61.0633 0002621 241.0989 202.6653  1.00271950 16819
HELLAS-SAT 3            
1 42814U 17040A   22024.15188348  .00000164  00000+0  00000+0 0  9998
2 42814   0.0545  30.9180 0004161 310.5946 235.5989  1.00273395 16767
GSAT-17                 
1 42815U 17040B   22024.06327309 -.00000245  00000+0  00000+0 0  9992
2 42815   0.0331 269.8026 0006159   1.9836 327.8215  1.00269516 16779
INTELSAT 35E (IS-35E)   
1 42818U 17041A   22024.00396515 -.00000226  00000+0  00000+0 0  9994
2 42818   0.0473 247.0391 0001960  73.3030 129.8679  1.00269824 16716
COSMOS 2520             
1 42907U 17046A   22023.27757854  .00000148  00000+0  00000+0 0  9995
2 42907   0.0415 117.8796 0000659 186.6683 322.9748  1.00274677 16287
TDRS 13                 
1 42915U 17047A   22023.68778868 -.00000086  00000+0  00000+0 0  9990
2 42915   4.6842 332.2951 0013963 101.4797 285.2066  1.00271334 16257
QZS-3 (MICHIBIKI-3)     
1 42917U 17048A   22024.14215959 -.00000336  00000+0  00000+0 0  9990
2 42917   0.0612 220.6055 0001792  97.2885 343.7370  1.00268907 16278
AMAZONAS 5              
1 42934U 17053A   22023.50201810 -.00000270  00000+0  00000+0 0  9992
2 42934   0.0398 315.1078 0004745   3.8888 283.5227  1.00276258 15987
ASIASAT 9               
1 42942U 17057A   22022.42263868 -.00000348  00000+0  00000+0 0  9992
2 42942   0.0198  61.7556 0002698 236.6798  97.5449  1.00269338 15834
INTELSAT 37E (IS-37E)   
1 42950U 17059A   22023.68656763 -.00000128  00000+0  00000+0 0  9998
2 42950   0.0184  78.5177 0002619 227.4839  46.1390  1.00272748 15968
BSAT-4A                 
1 42951U 17059B   22023.73057399 -.00000338  00000+0  00000+0 0  9998
2 42951   0.0658  43.9431 0003272 324.8536 127.0618  1.00268964 15705
QZS-4 (MICHIBIKI-4)     
1 42965U 17062A   22023.41021795 -.00000297  00000+0  00000+0 0  9997
2 42965  40.7973   3.9769 0751003 268.8163 134.7116  1.00293828 15712
SES-11 (ECHOSTAR 105)   
1 42967U 17063A   22023.88462053 -.00000077  00000+0  00000+0 0  9993
2 42967   0.0362 261.6455 0001903  32.7163  42.3212  1.00271287 15621
KOREASAT 5A             
1 42984U 17067A   22023.78440032 -.00000346  00000+0  00000+0 0  9997
2 42984   0.0189  71.0669 0001321 203.7307 243.8089  1.00272126 15433
ALCOMSAT 1              
1 43039U 17078A   22023.87966047 -.00000174  00000+0  00000+0 0  9999
2 43039   0.0615 238.8205 0002384  52.2375 123.9815  1.00270560 15187
SBIRS GEO-3 (USA 282)   
1 43162U 18009A   22023.80556344 -.00000277  00000+0  00000+0 0  9993
2 43162   3.8197 318.1733 0002050 343.4626 250.4641  1.00270860 14749
AL YAH 3                
1 43174U 18012A   22023.87410598 -.00000144  00000+0  00000+0 0  9990
2 43174   0.0140  61.1669 0001789 251.5614 105.0202  1.00268749 14747
SES-14                  
1 43175U 18012B   22024.03956403 -.00000266  00000+0  00000+0 0  9995
2 43175   0.0121 346.5954 0000930 309.5209 153.9584  1.00271967 14960
GOES 17                 
1 43226U 18022A   22023.73453771  .00000110  00000+0  00000+0 0  9996
2 43226   0.0692 258.0259 0000477  80.4205 271.7825  1.00271542 14328
HISPASAT 30W-6          
1 43228U 18023A   22023.39713729 -.00000204  00000+0  00000+0 0  9998
2 43228   0.0374  43.7616 0004217 287.8465 264.0525  1.00272670 14347
SUPERBIRD 8             
1 43271U 18033A   22023.86604303 -.00000080  00000+0  00000+0 0  9998
2 43271   0.0545 247.0640 0001316  86.7449 263.1151  1.00271255 13944
HYLAS 4                 
1 43272U 18033B   22023.68351500 -.00000221  00000+0  00000+0 0  9994
2 43272   0.0517 250.5200 0001561  69.4630  15.5430  1.00271448 13973
IRNSS-1I                
1 43286U 18035A   22023.77300097  .00000093  00000+0  00000+0 0  9992
2 43286  28.7565  99.7173 0022042 186.8954 169.7462  1.00273925 13979
USA 283                 
1 43339U 18036A   22023.58591027 -.00000305  00000+0  00000+0 0  9993
2 43339   0.0140 111.9347 0000965 237.6145 118.3491  1.00271035  2641
COSMOS 2526             
1 43432U 18037A   22023.92896892 -.00000332  00000+0  00000+0 0  9994
2 43432   0.0261 108.2866 0000220 206.8345 270.5799  1.00274358 13867
APSTAR 6C               
1 43450U 18041A   22024.00397897 -.00000305  00000+0  00000+0 0  9990
2 43450   0.0585 258.4885 0002086  31.8444 328.4101  1.00272730 13742
BANGABANDHUSAT-1        
1 43463U 18044A   22023.82148247 -.00000351  00000+0  00000+0 0  9990
2 43463   0.0234 105.3631 0001819 210.5975 221.9854  1.00271271 13611
SES-12                  
1 43488U 18049A   22023.75674150 -.00000257  00000+0  00000+0 0  9996
2 43488   0.0136  46.6605 0002260 235.4114 208.3915  1.00270299 13323
FENGYUN 2H              
1 43491U 18050A   22024.10743845 -.00000114  00000+0  00000+0 0  9992
2 43491   0.7843 100.7386 0002849  24.9923 115.2558  1.00275745 13419
BEIDOU IGSO-7           
1 43539U 18057A   22024.28481104 -.00000075  00000+0  00000+0 0  9994
2 43539  55.0685 176.9804 0040707 220.5418 299.8714  1.00254043 13069
TELSTAR 19V             
1 43562U 18059A   22023.85674406 -.00000267  00000+0  00000+0 0  9996
2 43562   0.0140 106.3953 0000573  92.5775 169.5939  1.00269957 13043
TELKOM 4 (MERAH PUTIH)  
1 43587U 18064A   22024.04355146 -.00000331  00000+0  00000+0 0  9990
2 43587   0.0187  81.6651 0001875 277.1349 248.2195  1.00266967 12760
TELSTAR 18V (APSTAR 5C) 
1 43611U 18069A   22024.13452279 -.00000282  00000+0  00000+0 0  9993
2 43611   0.0188  72.6302 0001925 241.4773 355.7344  1.00270322 12516
AZERSPACE 2 (IS-38)     
1 43632U 18074A   22023.93591263  .00000148  00000+0  00000+0 0  9996
2 43632   0.0234  77.6160 0001245 235.1319 192.5357  1.00270037 12377
HORIZONS 3E             
1 43633U 18074B   22023.86743852 -.00000018  00000+0  00000+0 0  9999
2 43633   0.0005 121.3487 0000734 164.4450 318.6401  1.00272723 12224
AEHF-4 (USA 288)        
1 43651U 18079A   22023.83174494 -.00000260  00000+0  00000+0 0  9990
2 43651   2.7031 314.7248 0003943 357.1904  43.1618  1.00270994 12201
BEIDOU-3 G1             
1 43683U 18085A   22023.79530002 -.00000266  00000+0  00000+0 0  9994
2 43683   0.8424 192.5404 0002451  31.2260 325.6735  1.00271777 11965
GSAT-29                 
1 43698U 18089A   22023.77291375  .00000097  00000+0  00000+0 0  9990
2 43698   0.0269  98.3120 0003187 181.0461 177.0000  1.00271009 11694
ES'HAIL 2               
1 43700U 18090A   22023.83868655  .00000156  00000+0  00000+0 0  9990
2 43700   0.0190  91.6667 0002261 250.5465 108.6388  1.00273315 11580
GEO-KOMPSAT-2A          
1 43823U 18100A   22023.88344537 -.00000332  00000+0  00000+0 0  9998
2 43823   0.0238 152.3798 0000786 248.7898 168.2929  1.00271289 11523
GSAT-11                 
1 43824U 18100B   22023.82132769 -.00000065  00000+0  00000+0 0  9998
2 43824   0.0996 273.5775 0003247 162.4767  56.7257  1.00270957 11412
GSAT-7A                 
1 43864U 18105A   22023.82320451  .00000038  00000+0  00000+0 0  9993
2 43864   0.0567 267.3038 0001890  11.1641 203.8401  1.00269668 11374
COSMOS 2533             
1 43867U 18107A   22023.43538968 -.00000027  00000+0  00000+0 0  9998
2 43867   0.0530 118.8434 0000612 157.9953  72.6482  1.00272945 11321
TJS-3                   
1 43874U 18110A   22023.82350545  .00000068  00000+0  00000+0 0  9990
2 43874   0.0591 110.7886 0002765 211.1079 156.6828  1.00274534 11324
TJS-3 AKM               
1 43917U 18110C   22023.82569529 -.00000026  00000+0  00000+0 0  9997
2 43917   0.4875 115.2771 0005955   7.6350 336.0832  0.98352017 11247
CHINASAT 2D (ZX 2D)     
1 43920U 19001A   22020.11433568 -.00000327  00000+0  00000+0 0  9997
2 43920   0.0379 183.5199 0001424 182.1912 284.7451  1.00264713 11210
HELLAS-SAT 4 & SGS-1    
1 44034U 19007A   22023.94702397  .00000165  00000+0  00000+0 0  9992
2 44034   0.0646 123.1978 0003225  44.4264 335.5491  1.00272696 11252
GSAT-31                 
1 44035U 19007B   22023.93591263  .00000137  00000+0  00000+0 0  9999
2 44035   0.0438 255.2099 0004730  29.6192 223.2108  1.00271780 10889
NUSANTARA SATU          
1 44048U 19009A   22024.13452279 -.00000223  00000+0  00000+0 0  9998
2 44048   0.0137  69.9222 0002000 238.9256   8.9962  1.00270063 10677
CHINASAT 6C (ZX 6C)     
1 44067U 19012A   22022.06299388 -.00000343  00000+0  00000+0 0  9996
2 44067   0.0072 187.3559 0005007  97.8933 343.7914  1.00266342 10614
WGS 10 (USA 291)        
1 44071U 19014A   22023.82350545  .00000059  00000+0  00000+0 0  9994
2 44071   0.0137  96.8158 0000345 293.2116  89.8556  1.00271389 10533
TIANLIAN 2-01           
1 44076U 19017A   22023.94424272 -.00000124  00000+0  00000+0 0  9998
2 44076   0.5844 282.0634 0029559 229.3309  31.7853  1.00271309 10514
ARABSAT-6A              
1 44186U 19021A   22024.05521535  .00000166  00000+0  00000+0 0  9993
2 44186   0.0557 328.8008 0006465 330.0584 234.8769  1.00277090 10056
BEIDOU-3 IGSO-1         
1 44204U 19023A   22023.49778720 -.00000199  00000+0  00000+0 0  9990
2 44204  56.3439  54.5351 0022520 195.2434 168.6882  1.00254628 10264
BEIDOU-2 G8             
1 44231U 19027A   22023.68243731 -.00000235  00000+0  00000+0 0  9995
2 44231   0.5275  66.4100 0006251 149.8252 296.9041  1.00275975  9979
YAMAL 601               
1 44307U 19031A   22023.93591263  .00000132  00000+0  00000+0 0  9993
2 44307   0.0151 104.1114 0002557 206.3441 198.6965  1.00273795  9836
AT&T T-16               
1 44333U 19034A   22024.02892339 -.00000103  00000+0  00000+0 0  9993
2 44333   0.0457 260.4483 0000593 242.8737 249.5607  1.00272786  9535
EUTELSAT 7C             
1 44334U 19034B   22023.96924306  .00000060  00000+0  00000+0 0  9997
2 44334   0.0464 250.9028 0003171  44.6114 183.6561  1.00270068 10030
BEIDOU-3 IGSO-2         
1 44337U 19035A   22023.44037124 -.00000090  00000+0  00000+0 0  9991
2 44337  55.1111 173.0172 0021993 186.8210  37.3533  1.00297636  9599
COSMOS 2539             
1 44457U 19048A   22023.85952126  .00000093  00000+0  00000+0 0  9993
2 44457   0.0434 119.2407 0000580 320.2743   5.0570  1.00273350  9136
EDRS-C                  
1 44475U 19049A   22023.57208331  .00000166  00000+0  00000+0 0  9996
2 44475   0.0698 261.0942 0000487  22.3467  76.5395  1.00272997  9096
INTELSAT 39 (IS-39)     
1 44476U 19049B   22024.13600354  .00000046  00000+0  00000+0 0  9998
2 44476   0.0230  73.3410 0001146  63.6911  97.3020  1.00270175  9045
AMOS-17                 
1 44479U 19050A   22023.76532576  .00000121  00000+0  00000+0 0  9995
2 44479   0.0191  65.5967 0001951 240.0904 109.8682  1.00270778  9087
AEHF-5 (USA 292)        
1 44481U 19051A   22023.77282652  .00000100  00000+0  00000+0 0  9994
2 44481   4.7080 304.9688 0002700 352.1476 158.6849  1.00269105  9179
EUTELSAT 5 WEST B       
1 44624U 19067A   22023.86855192 -.00000030  00000+0  00000+0 0  9998
2 44624   0.0723 342.2864 0001797 115.6156 332.9254  1.00271360  8356
MEV-1                   
1 44625U 19067B   22023.46935404 -.00000190  00000+0  00000+0 0  9997
2 44625   0.0493 257.6975 0000899  57.0740 309.4694  1.00270343  6875
TJS-4                   
1 44637U 19070A   22023.94424272 -.00000158  00000+0  00000+0 0  9997
2 44637   0.0197 162.3853 0004010 212.5043 171.7462  1.00273368  8469
BEIDOU-3 IGSO-3         
1 44709U 19073A   22023.70310553 -.00000178  00000+0  00000+0 0  9992
2 44709  57.4999 297.8876 0017751 183.7571  10.9648  1.00251075  8354
TIBA-1                  
1 44800U 19080A   22023.84633015  .00000168  00000+0  00000+0 0  9996
2 44800   0.0562 345.0649 0001947 301.8784 176.3746  1.00273822  7965
INMARSAT GX5            
1 44801U 19080B   22023.76410470  .00000086  00000+0  00000+0 0  9995
2 44801   0.0368 357.7468 0002200 326.3756  84.9910  1.00270750  8003
JCSAT-18 (KACIFIC 1)    
1 44868U 19091A   22023.93538159 -.00000189  00000+0  00000+0 0  9999
2 44868   0.0231 139.2200 0000734 201.5768 269.1768  1.00271753  7998
ELEKTRO-L 3             
1 44903U 19095A   22023.85049601 -.00000085  00000+0  00000+0 0  9998
2 44903   0.0254 112.3220 0001242 192.8841 200.1323  1.00271936  7621
SHIJIAN-20 (SJ-20)      
1 44910U 19097A   22023.94424272 -.00000196  00000+0  00000+0 0  9992
2 44910   0.8053  93.2744 0005321 291.8392 165.5701  1.00272935  7607
TJS-5                   
1 44978U 20002A   22023.87559080 -.00000330  00000+0  00000+0 0  9992
2 44978   0.0277  23.8196 0004096 172.8991 349.1761  1.00270078  7604
GSAT-30                 
1 45026U 20005A   22023.94424272 -.00000153  00000+0  00000+0 0  9995
2 45026   0.0574 107.4092 0001352 322.6856 116.0801  1.00271953  7429
EUTELSAT KONNECT        
1 45027U 20005B   22023.76340694  .00000061  00000+0  00000+0 0  9998
2 45027   0.0514  95.7294 0000360 305.7733   3.5609  1.00268590  8230
JCSAT-17                
1 45245U 20013A   22022.24271497 -.00000301  00000+0  00000+0 0  9993
2 45245   6.2953 344.7934 0004130 326.0959  34.0277  1.00270082  7126
GEO-KOMPSAT-2B          
1 45246U 20013B   22023.88494537 -.00000332  00000+0  00000+0 0  9991
2 45246   0.0481 250.7507 0002088  37.0557 282.1942  1.00271362  7183
BEIDOU-3 G2             
1 45344U 20017A   22023.94424272 -.00000127  00000+0  00000+0 0  9992
2 45344   2.1804 345.2221 0000815  48.9210 149.0503  1.00270148  7163
AEHF-6 (USA 298)        
1 45465U 20022B   22023.80526251 -.00000282  00000+0  00000+0 0  9999
2 45465   6.2784 304.0482 0052403 357.1641 249.4798  1.00275662  6913
BEIDOU-3 G3             
1 45807U 20040A   22023.71220979 -.00000339  00000+0  00000+0 0  9990
2 45807   1.7729 300.1505 0009386 350.3395 199.2922  1.00265171  5989
APSTAR 6D               
1 45863U 20045A   22023.64513892 -.00000306  00000+0  00000+0 0  9992
2 45863   0.0194  92.2734 0001640 294.6254 102.2927  1.00271362  5765
KOREASAT 116            
1 45920U 20048A   22023.87589171 -.00000350  00000+0  00000+0 0  9996
2 45920   0.0189  64.7324 0001186 239.6581 250.3008  1.00269495  5544
EXPRESS 103             
1 45985U 20053A   22023.39116963 -.00000269  00000+0  00000+0 0  9994
2 45985   0.0475 239.2601 0000464 175.6214 305.1086  1.00273567  5551
EXPRESS 80              
1 45986U 20053B   22024.15257806 -.00000123  00000+0  00000+0 0  9991
2 45986   0.0454 248.1768 0001268  63.9470 306.2290  1.00271323  5544
BSAT-4B                 
1 46112U 20056A   22023.87723439 -.00000338  00000+0  00000+0 0  9992
2 46112   0.0548 118.2883 0000443 352.4290  78.0841  1.00269575  5299
MEV-2                   
1 46113U 20056B   22023.33111306  .00000001  00000+0  00000+0 0  9994
2 46113   0.0542 259.7255 0000721  44.0318 297.1011  1.00270605 64522
GALAXY 30 (G-30)        
1 46114U 20056C   22024.02412639  .00000049  00000+0  00000+0 0  9997
2 46114   0.0193  81.9346 0001942 239.0633  46.0048  1.00272721  5306
GAOFEN 13               
1 46610U 20071A   22023.81784358 -.00000350  00000+0  00000+0 0  9997
2 46610   0.8567 273.6274 0003350 235.1162  26.6283  1.00273949  4812
TIANTONG-1 2            
1 46916U 20082A   22024.28200203 -.00000340  00000+0  00000+0 0  9991
2 46916   4.4731 296.5447 0002880  64.6817 348.8341  1.00270281  4550
LUCAS (JDRS-1)          
1 47202U 20089A   22024.10743845 -.00000223  00000+0  00000+0 0  9992
2 47202   0.0263 106.9360 0003238 199.0135 306.8722  1.00273644  4309
SXM-7                   
1 47240U 20096A   22023.45898654 -.00000010  00000+0  00000+0 0  9992
2 47240   0.0200  67.8796 0001273 110.3005 354.5039  1.00272444  4217
CMS-01                  
1 47256U 20099A   22024.10743845 -.00000153  00000+0  00000+0 0  9994
2 47256   0.1270 273.0702 0007387   1.7428 330.2757  1.00271800  4093
TURKSAT 5A              
1 47306U 21001A   22024.05523059  .00000166  00000+0  00000+0 0  9994
2 47306   0.0161  93.3025 0000061 297.6061 143.2097  1.00270840  3898
TIANTONG-1 3            
1 47321U 21003A   22023.86577094 -.00000140  00000+0  00000+0 0  9992
2 47321   4.7446 308.5080 0004169 356.6461 211.2367  1.00272086  3875
TJS-6                   
1 47613U 21010A   22023.79658625  .00000054  00000+0  00000+0 0  9999
2 47613   0.1680 283.8860 0001910  51.6910 252.7849  1.00268564  3738
SBIRS GEO-5 (USA 315)   
1 48618U 21042A   22024.05465889  .00000063  00000+0  00000+0 0  9998
2 48618   7.5898 326.7617 0006957 235.8149 308.9528  1.00271929  2634
FENGYUN 4B              
1 48808U 21047A   22023.69910558 -.00000345  00000+0  00000+0 0  9995
2 48808   0.0559  60.9038 0006745  43.8448  33.4936  1.00274827  2470
SXM-8                   
1 48838U 21049A   22023.81670809 -.00000193  00000+0  00000+0 0  9997
2 48838   0.0132  87.8048 0001845 241.0434   3.0467  1.00271894  2521
TIANLIAN 1-05           
1 49011U 21063A   22023.76410470  .00000086  00000+0  00000+0 0  9997
2 49011   2.5295 284.7141 0004368  37.8322  86.1938  1.00274555  1985
STAR ONE D2             
1 49055U 21069A   22023.85237565 -.00000253  00000+0  00000+0 0  9990
2 49055   0.0188 105.5275 0001437 163.8259  90.6162  1.00270496  1819
EUTELSAT QUANTUM        
1 49056U 21069B   22023.93591263  .00000138  00000+0  00000+0 0  9999
2 49056   0.0339 269.9903 0002614  45.5419 192.3145  1.00271917  1824
CHINASAT 2E (ZX 2E)     
1 49062U 21071A   22020.83894052 -.00000279  00000+0  00000+0 0  9994
2 49062   0.0055 244.2697 0002675  96.5225 179.4209  1.00269244  1928
TJS-7                   
1 49115U 21077A   22023.67688314 -.00000218  00000+0  00000+0 0  9999
2 49115   0.6693 274.0781 0003455 353.2486 245.8598  1.00272688  1717
CHINASAT 9B             
1 49125U 21080A   22022.18799102 -.00000301  00000+0  00000+0 0  9990
2 49125   0.0359 109.0797 0001722 182.9714 358.4989  1.00274515  1526
SHIJIAN-21 (SJ-21)      
1 49330U 21094A   22021.98733229 -.00000337  00000+0  00000+0 0  9997
2 49330   8.2459  50.5850 0100520 238.9064 286.5206  1.00363402  1146
QZS-1R                  
1 49336U 21096A   22023.87895525 -.00000261  00000+0  00000+0 0  9999
2 49336  34.1859 104.1158 0763960 271.1863 195.2818  1.00256393   920
CHINASAT 1D (ZX 1D)     
1 49505U 21114A   22023.89159698 -.00000323  00000+0  00000+0 0  9993
2 49505   1.8389 281.1997 0001369 134.4427 158.6806  1.00270228   720
STPSAT-6                
1 49817U 21118A   22024.02683015 -.00000034  00000+0  00000+0 0  9993
2 49817   0.0073 123.1445 0000686 207.4125  50.7698  1.00272322   488
LDPE-1                  
1 49818U 21118B   22017.83749101 -.00000198  00000+0  00000+0 0  9995
2 49818   0.0900 121.7442 0003458  18.3975  81.4574  0.99601388   413
TIANLIAN 2-02           
1 50005U 21124A   22023.86778740  .00000000  00000+0  00000+0 0  9994
2 50005   2.9048 284.3955 0002336   1.5892 320.5332  1.00273766   516
SHIYAN 12 01 (SY-12 01) 
1 50321U 21129A   22023.82599625 -.00000150  00000+0  00000+0 0  9996
2 50321   0.4785 265.2772 0001170  59.5906 181.6432  1.00131082   394
SHIYAN 12 02 (SY-12 02) 
1 50322U 21129B   22023.82599625 -.00000149  00000+0  00000+0 0  9995
2 50322   0.4785 265.2783 0001299  55.2120 186.0188  1.00129907   390
TJS-9                   
1 50574U 21135A   22023.86629492 -.00000287  00000+0  00000+0 0  9994
2 50574   0.0778 250.3481 0003329  14.0063 307.8798  1.00269896   361
